2026-10-01 lenovo / Intel(R) Core(TM) i5-10210U CPU @ 1.60GHz
Two complete passes per binary; per case minimum task-clock; all counters from that same run.
Unchanged binaries reuse their recorded passes; each section identifies its measurement batch.
Cases: 29, including examples. Units: ms. No CPU pinning.
Compiler: g++ (GCC) 16.2.1 20260819 (Red Hat 16.2.1-2); rustc 1.98.1 (48a229cea 2026-09-01)
Build host: master (old results); fedora (new submissions); glibc 2.43
Environment: Linux 7.2.8-200.fc44.x86_64; affinity [0, 1, 2, 3]; stack 268435456 bytes; bench_env OK.
cxx_flags.txt: -std=c++23 -DEVAL -DONLINE_JUDGE -Iinclude -O3 -fwhole-program -fno-exceptions -fno-rtti -march=x86-64-v3 -fno-pie -no-pie -nostdlib++ -static -lm -s
cpp_flags.txt: -std=c++23 -DEVAL -DONLINE_JUDGE -Iac-library -include cassert -O3 -fwhole-program -fno-exceptions -fno-rtti -march=x86-64-v3 -fno-pie -no-pie -static -lgmp -s
rust_flags.txt: -C opt-level=3 -C codegen-units=1 -C lto=fat -C panic=abort -C target-cpu=x86-64-v3 -C target-feature=+crt-static -C relocation-model=static -C link-arg=-Wl,-u,__cxa_thread_atexit_impl -C strip=symbols

solution                                max (ms)       sum (ms)
Anonymous                                108.056823    1026.416576
Rohan_Kapri                               81.265203     793.241943
Yuezheng_Ling_fans                       105.347941    1125.576460
oldyan                                    81.488261     794.884085
urectanc                                  90.145723     860.525714
main                                      67.479737     635.876676
toomer                                    77.148633     738.673201

submissions/convolution/lcm_convolution/Anonymous.cpp
SHA-256: 0f11896dbf98d626851d2e0886da7d1c381053e38405a269cd0456a7b594d0f1
Measured: full-20261001, original two complete passes
case                   task-clock (ms)     cycles  instructions    IPC  branch-misses  branch-miss (%)  running (%)
max (near_prime_02)         108.056823          -             -      -              -                -            -
sum                        1026.416576          -             -      -              -                -            -
example_00                    0.952866    1505906       2431047  1.614           6580            1.177        100.0
all_zero_00                   0.969149    1531441       2472634  1.615           6510            1.131        100.0
max_random_00               106.211020  169527825     478853740  2.825         378249            0.736        100.0
max_random_01               107.803696  172071390     478712725  2.782         380237            0.740        100.0
near_prime_00               107.916323  172250685     478638871  2.779         380365            0.741        100.0
near_prime_01               107.988752  172332680     478668189  2.778         379968            0.740        100.0
near_prime_02               108.056823  172475387     478647937  2.775         379332            0.739        100.0
near_prime_squared_00       107.448401  171474046     475717073  2.774         376708            0.738        100.0
near_prime_squared_01       107.183586  171080951     475727486  2.781         376398            0.737        100.0
near_prime_squared_02       107.306986  171260734     475742483  2.778         377123            0.739        100.0
random_00                    40.371071   64429549     181076427  2.810         150480            0.755        100.0
random_01                    47.463312   75750742     216143724  2.853         177666            0.751        100.0
random_02                    60.785043   97016731     271364889  2.797         221053            0.749        100.0
small_00                      0.980441    1549289       2448595  1.580           6637            1.176        100.0
small_01                      1.005630    1590599       2445290  1.537           6679            1.184        100.0
small_02                      1.003661    1587198       2443974  1.540           6556            1.163        100.0
small_03                      1.002616    1585570       2448165  1.544           6701            1.188        100.0
small_04                      0.993807    1571314       2437200  1.551           6639            1.186        100.0
small_05                      1.044131    1650758       2437159  1.476           6609            1.181        100.0
small_06                      1.010624    1598345       2439022  1.526           6666            1.190        100.0
small_07                      0.991445    1567050       2451209  1.564           6618            1.172        100.0
small_08                      0.973175    1537741       2427771  1.579           6420            1.151        100.0
small_09                      1.012473    1600141       2441473  1.526           6731            1.201        100.0
small_10                      0.975466    1542059       2432162  1.577           6566            1.171        100.0
small_11                      1.005985    1590359       2451778  1.542           6653            1.178        100.0
small_12                      0.987200    1561093       2452316  1.571           6624            1.173        100.0
small_13                      0.988111    1562017       2452670  1.570           6637            1.175        100.0
small_14                      0.978142    1545687       2442803  1.580           6667            1.189        100.0
small_15                      1.006641    1591652       2457319  1.544           6776            1.198        100.0

submissions/convolution/lcm_convolution/Rohan_Kapri.cpp
SHA-256: 5b0038b00b17d7b60e6168ac0c4a41cc2bdc1b2f464ed91fa43f8fdfa0e94227
Measured: full-20261001, original two complete passes
case                   task-clock (ms)     cycles  instructions    IPC  branch-misses  branch-miss (%)  running (%)
max (near_prime_00)          81.265203          -             -      -              -                -            -
sum                         793.241943          -             -      -              -                -            -
example_00                    1.905567    3025979       4694641  1.551          38895            4.450        100.0
all_zero_00                   1.923920    3055559       4700453  1.538          38759            4.428        100.0
max_random_00                80.597716  128557447     331993592  2.582         408409            0.945        100.0
max_random_01                80.488855  128467883     331990582  2.584         409253            0.947        100.0
near_prime_00                81.265203  129707900     331939342  2.559         409694            0.948        100.0
near_prime_01                80.226389  127964144     331993784  2.594         409761            0.948        100.0
near_prime_02                80.612977  128666558     331944629  2.580         408856            0.946        100.0
near_prime_squared_00        80.015225  127712188     330045570  2.584         408266            0.950        100.0
near_prime_squared_01        80.413575  128309715     330043064  2.572         408023            0.949        100.0
near_prime_squared_02        80.228561  128053479     330021423  2.577         407070            0.947        100.0
random_00                    31.432761   50160471     131877082  2.629         184360            1.057        100.0
random_01                    37.323614   59563744     155781781  2.615         211852            1.032        100.0
random_02                    45.809015   73110115     193185272  2.642         255464            1.008        100.0
small_00                      1.919914    3049294       4686523  1.537          38769            4.454        100.0
small_01                      1.934805    3073235       4679681  1.523          39255            4.505        100.0
small_02                      1.960038    3113398       4689834  1.506          39180            4.497        100.0
small_03                      1.941122    3083845       4687594  1.520          39695            4.559        100.0
small_04                      1.928032    3062393       4682714  1.529          39289            4.505        100.0
small_05                      1.924622    3056568       4689740  1.534          38485            4.418        100.0
small_06                      1.939603    3080638       4699211  1.525          39018            4.460        100.0
small_07                      1.944675    3088182       4665768  1.511          38459            4.440        100.0
small_08                      1.911914    3036823       4702396  1.548          39090            4.464        100.0
small_09                      1.968192    3126741       4704099  1.504          38848            4.435        100.0
small_10                      1.981195    3147104       4714868  1.498          39173            4.462        100.0
small_11                      1.932230    3069258       4689785  1.528          38786            4.454        100.0
small_12                      1.928938    3064159       4676904  1.526          38996            4.491        100.0
small_13                      1.940165    3081689       4676561  1.518          39236            4.518        100.0
small_14                      1.934006    3071997       4682995  1.524          38817            4.451        100.0
small_15                      1.909114    3032256       4670895  1.540          38515            4.441        100.0

submissions/convolution/lcm_convolution/Yuezheng_Ling_fans.cpp
SHA-256: 9c898111e7c252a58bd4c61a9e4c997e0fd943a89219ec8385d0b011483173cc
Measured: full-20261001, original two complete passes
case                   task-clock (ms)     cycles  instructions    IPC  branch-misses  branch-miss (%)  running (%)
max (near_prime_02)         105.347941          -             -      -              -                -            -
sum                        1125.576460          -             -      -              -                -            -
example_00                    7.686715   12254823      26897579  2.195          93926            1.898        100.0
all_zero_00                   7.675121   12235120      26927444  2.201          94264            1.901        100.0
max_random_00               104.534384  166767393     408837840  2.452         537934            1.207        100.0
max_random_01               104.920228  167349171     408893493  2.443         536800            1.204        100.0
near_prime_00               104.929300  167397126     408892885  2.443         539874            1.211        100.0
near_prime_01               105.020757  167503111     408880357  2.441         538472            1.208        100.0
near_prime_02               105.347941  168016252     408889318  2.434         539355            1.210        100.0
near_prime_squared_00       104.565414  166784950     406584762  2.438         537063            1.211        100.0
near_prime_squared_01       104.396141  166530528     406530995  2.441         535154            1.207        100.0
near_prime_squared_02       103.811075  165596723     406528986  2.455         534796            1.206        100.0
random_00                    41.992803   67017370     175030599  2.612         268630            1.318        100.0
random_01                    48.346139   77159531     202992894  2.631         301490            1.295        100.0
random_02                    58.983939   94125981     246736106  2.621         351949            1.266        100.0
small_00                      7.823551   12472488      26967189  2.162          94556            1.904        100.0
small_01                      7.676998   12238898      26909799  2.199          94156            1.901        100.0
small_02                      7.676102   12236867      26938540  2.201          94943            1.914        100.0
small_03                      7.755151   12364311      26955185  2.180          94215            1.898        100.0
small_04                      7.758027   12369165      26925353  2.177          94198            1.901        100.0
small_05                      7.731874   12326518      26954223  2.187          94081            1.893        100.0
small_06                      7.632886   12169115      26921766  2.212          93838            1.893        100.0
small_07                      7.745825   12349391      26954050  2.183          94100            1.896        100.0
small_08                      7.646685   12191172      26962370  2.212          94253            1.898        100.0
small_09                      7.634878   12172087      26964801  2.215          94349            1.900        100.0
small_10                      7.687810   12256472      26929248  2.197          93727            1.890        100.0
small_11                      7.772303   12391972      26932133  2.173          94177            1.899        100.0
small_12                      7.720649   12309526      26961682  2.190          94386            1.901        100.0
small_13                      7.754575   12362238      26929907  2.178          94206            1.900        100.0
small_14                      7.659583   12210821      26914177  2.204          94031            1.899        100.0
small_15                      7.689606   12259580      26928758  2.197          94007            1.896        100.0

submissions/convolution/lcm_convolution/oldyan.cpp
SHA-256: 5b0038b00b17d7b60e6168ac0c4a41cc2bdc1b2f464ed91fa43f8fdfa0e94227
Measured: full-20261001, original two complete passes
case                   task-clock (ms)     cycles  instructions    IPC  branch-misses  branch-miss (%)  running (%)
max (max_random_01)          81.488261          -             -      -              -                -            -
sum                         794.884085          -             -      -              -                -            -
example_00                    1.896231    3011508       4696013  1.559          38633            4.418        100.0
all_zero_00                   1.908429    3031065       4722636  1.558          38472            4.343        100.0
max_random_00                80.498771  128355791     332250673  2.589         410893            0.949        100.0
max_random_01                81.488261  130024990     331980093  2.553         409973            0.948        100.0
near_prime_00                80.902350  129113618     331991353  2.571         411600            0.952        100.0
near_prime_01                81.057569  129376592     331933215  2.566         409218            0.947        100.0
near_prime_02                80.617809  128576814     331991799  2.582         408789            0.945        100.0
near_prime_squared_00        79.770880  127322218     330031580  2.592         406696            0.946        100.0
near_prime_squared_01        80.209117  127903630     330049121  2.580         408398            0.950        100.0
near_prime_squared_02        80.405590  128234504     330003373  2.573         407736            0.949        100.0
random_00                    31.443345   50178211     131888240  2.628         185497            1.064        100.0
random_01                    37.417183   59696304     155818814  2.610         212408            1.034        100.0
random_02                    46.288415   73875463     193216216  2.615         255459            1.008        100.0
small_00                      1.941095    3082349       4688377  1.521          38671            4.440        100.0
small_01                      1.956137    3106390       4699960  1.513          38375            4.384        100.0
small_02                      1.924616    3056016       4672839  1.529          39074            4.504        100.0
small_03                      1.942833    3085807       4706715  1.525          38566            4.400        100.0
small_04                      1.956110    3106166       4696237  1.512          39096            4.469        100.0
small_05                      1.909939    3033704       4684139  1.544          39007            4.474        100.0
small_06                      1.926739    3059613       4703754  1.537          38855            4.435        100.0
small_07                      1.930194    3064855       4689098  1.530          38279            4.397        100.0
small_08                      1.911948    3036861       4701030  1.548          38868            4.440        100.0
small_09                      1.957947    3109614       4683892  1.506          38749            4.454        100.0
small_10                      1.981196    3147223       4684254  1.488          38480            4.423        100.0
small_11                      1.940756    3082737       4672030  1.516          38838            4.477        100.0
small_12                      1.920854    3050928       4675894  1.533          38830            4.471        100.0
small_13                      1.897336    3012457       4671215  1.551          38645            4.455        100.0
small_14                      1.910130    3033751       4684729  1.544          39070            4.480        100.0
small_15                      1.972305    3132606       4685753  1.496          38838            4.464        100.0

submissions/convolution/lcm_convolution/urectanc.rs
SHA-256: a14982ec4b5c6d1ed3927b2f469d739b6bfe8bcebc779d3036d6eee85d657c9c
Measured: full-20261001, original two complete passes
case                   task-clock (ms)     cycles  instructions    IPC  branch-misses  branch-miss (%)  running (%)
max (max_random_01)          90.145723          -             -      -              -                -            -
sum                         860.525714          -             -      -              -                -            -
example_00                    1.063456    1682467       2264359  1.346           6962            1.372        100.0
all_zero_00                   1.072851    1697003       2320758  1.368           7044            1.336        100.0
max_random_00                89.472251  142791140     372804383  2.611         433510            0.614        100.0
max_random_01                90.145723  143883713     372792375  2.591         433231            0.614        100.0
near_prime_00                88.677306  141512677     372825520  2.635         433021            0.613        100.0
near_prime_01                89.693669  143117564     372785207  2.605         434932            0.616        100.0
near_prime_02                89.550806  142874059     372798975  2.609         433759            0.615        100.0
near_prime_squared_00        89.952543  143574473     370531176  2.581         429368            0.612        100.0
near_prime_squared_01        89.264732  142460190     370504210  2.601         430378            0.614        100.0
near_prime_squared_02        88.331405  140986773     370493372  2.628         429925            0.613        100.0
random_00                    34.051910   54329280     144738561  2.664         178177            0.650        100.0
random_01                    40.318856   64345623     171812949  2.670         207837            0.639        100.0
random_02                    51.121951   81590831     214459940  2.628         257059            0.633        100.0
small_00                      1.105659    1749218       2298698  1.314           7063            1.368        100.0
small_01                      1.092698    1728826       2285764  1.322           7082            1.385        100.0
small_02                      1.117723    1768416       2303862  1.303           7097            1.371        100.0
small_03                      1.127996    1785305       2300206  1.288           7157            1.384        100.0
small_04                      1.146617    1815324       2285912  1.259           7019            1.372        100.0
small_05                      1.086859    1719027       2281852  1.327           7127            1.390        100.0
small_06                      1.108484    1754450       2304101  1.313           7127            1.377        100.0
small_07                      1.105299    1749096       2297801  1.314           7043            1.364        100.0
small_08                      1.110125    1757056       2299457  1.309           7001            1.355        100.0
small_09                      1.154708    1828369       2303918  1.260           7175            1.386        100.0
small_10                      1.102238    1743169       2288718  1.313           6995            1.365        100.0
small_11                      1.126474    1783118       2301508  1.291           7103            1.374        100.0
small_12                      1.107315    1752388       2304146  1.315           7095            1.371        100.0
small_13                      1.092672    1728539       2305215  1.334           7214            1.394        100.0
small_14                      1.133211    1792671       2290760  1.278           7054            1.377        100.0
small_15                      1.090177    1725293       2291141  1.328           7110            1.387        100.0

src/convolution/lcm_convolution/main.cxx
SHA-256: 18e13ef7a383a3a873780be7e1706be0d9b766ad40785e60061b4a8a9e97c58c
Measured: full-20261001, original two complete passes
case                   task-clock (ms)     cycles  instructions    IPC  branch-misses  branch-miss (%)  running (%)
max (max_random_01)          67.479737          -             -      -              -                -            -
sum                         635.876676          -             -      -              -                -            -
example_00                    0.783174    1235452       1761420  1.426           5741            1.462        100.0
all_zero_00                   0.810388    1278382       1751671  1.370           5454            1.397        100.0
max_random_00                66.879958  106660960     208370015  1.954         238796            1.153        100.0
max_random_01                67.479737  107599739     208355986  1.936         239534            1.157        100.0
near_prime_00                66.928532  106737177     208386507  1.952         238578            1.152        100.0
near_prime_01                67.118367  107040697     208384477  1.947         239946            1.158        100.0
near_prime_02                67.223805  107209472     208350657  1.943         239137            1.155        100.0
near_prime_squared_00        65.976520  105217471     207093342  1.968         237286            1.153        100.0
near_prime_squared_01        66.709143  106388417     207082036  1.946         237805            1.156        100.0
near_prime_squared_02        66.795689  106501907     207082872  1.944         238609            1.160        100.0
random_00                    23.224113   37043023      81894690  2.211          98327            1.180        100.0
random_01                    28.010228   44697195      96974487  2.170         114446            1.168        100.0
random_02                    35.053267   55940184     120672751  2.157         141712            1.169        100.0
small_00                      0.787186    1240622       1737587  1.401           5362            1.391        100.0
small_01                      0.778557    1227013       1750814  1.427           5407            1.385        100.0
small_02                      0.815232    1286308       1759012  1.367           5671            1.446        100.0
small_03                      0.784286    1237166       1759712  1.422           5681            1.449        100.0
small_04                      0.771300    1215863       1750698  1.440           5435            1.393        100.0
small_05                      0.779355    1227698       1738930  1.416           5544            1.429        100.0
small_06                      0.801041    1263350       1760398  1.393           5716            1.457        100.0
small_07                      0.827669    1305253       1746675  1.338           5603            1.447        100.0
small_08                      0.817137    1288764       1731955  1.344           5339            1.381        100.0
small_09                      0.831394    1311319       1739774  1.327           5337            1.383        100.0
small_10                      0.819543    1291665       1752847  1.357           5452            1.396        100.0
small_11                      0.797198    1256275       1740289  1.385           5535            1.433        100.0
small_12                      0.789704    1244814       1732319  1.392           5551            1.444        100.0
small_13                      0.819513    1293261       1748100  1.352           5615            1.449        100.0
small_14                      0.818106    1290151       1746579  1.354           5513            1.424        100.0
small_15                      0.846534    1334512       1746467  1.309           5553            1.434        100.0

submissions/convolution/lcm_convolution/toomer.rs
SHA-256: cd576a6bee9a19901ff1ec43a0c3abfeb08d6806def9f6ce949f699ae291edc5
Measured: new-submissions-20261001, two complete passes
case                   task-clock (ms)     cycles  instructions    IPC  branch-misses  branch-miss (%)  running (%)
max (max_random_00)          77.148633          -             -      -              -                -            -
sum                         738.673201          -             -      -              -                -            -
example_00                    0.923391    1457301       2048489  1.406           7145            1.539        100.0
all_zero_00                   0.924913    1461380       2041248  1.397           7389            1.597        100.0
max_random_00                77.148633  122995581     300012873  2.439         365278            0.802        100.0
max_random_01                77.036390  122872844     299795511  2.440         364338            0.801        100.0
near_prime_00                74.316044  118530837     299830371  2.530         366156            0.805        100.0
near_prime_01                74.740261  119181991     299866599  2.516         365746            0.804        100.0
near_prime_02                74.681617  119198985     299858441  2.516         365854            0.804        100.0
near_prime_squared_00        77.046439  122871370     298051074  2.426         363378            0.804        100.0
near_prime_squared_01        76.835542  122551902     298098253  2.432         364746            0.807        100.0
near_prime_squared_02        76.827449  122522379     298404274  2.436         363878            0.804        100.0
random_00                    31.871890   50862285     122661535  2.412         149048            0.804        100.0
random_01                    37.026531   59091116     143949062  2.436         175387            0.805        100.0
random_02                    44.463024   70961189     177037538  2.495         216167            0.806        100.0
small_00                      0.906448    1431516       2041815  1.426           7171            1.548        100.0
small_01                      0.926214    1463163       2019724  1.380           7219            1.597        100.0
small_02                      0.916411    1448235       2048908  1.415           7256            1.570        100.0
small_03                      0.910164    1436517       2005502  1.396           7067            1.574        100.0
small_04                      0.923177    1458470       2049844  1.405           7383            1.596        100.0
small_05                      0.932679    1473190       2065197  1.402           7401            1.582        100.0
small_06                      0.925045    1461242       2024433  1.385           7276            1.605        100.0
small_07                      0.920355    1453284       2050698  1.411           7262            1.570        100.0
small_08                      0.916742    1448532       2042371  1.410           7023            1.517        100.0
small_09                      0.943439    1490449       2075044  1.392           7215            1.529        100.0
small_10                      0.932132    1472982       2065665  1.402           7353            1.571        100.0
small_11                      0.922111    1456795       2047511  1.405           7242            1.560        100.0
small_12                      0.921428    1455362       2019144  1.387           7235            1.599        100.0
small_13                      0.949263    1498818       2056001  1.372           7439            1.602        100.0
small_14                      0.944287    1491703       2077920  1.393           7236            1.532        100.0
small_15                      0.941182    1487329       2025195  1.362           7276            1.606        100.0
