case                  task-clock (ms)     cycles  instructions    IPC  branch-misses  branch-miss (%)  running (%)
max (small_dense_02)        66.108088          -             -      -              -                -            -
sum                        511.385076          -             -      -              -                -            -
example_00                   0.873082    1637320       1593935  0.974           5446            1.586        100.0
example_01                   0.849035    1591495       1603604  1.008           5173            1.476        100.0
example_02                   0.875769    1642108       1598413  0.973           5424            1.575        100.0
example_03                   0.877322    1645081       1625409  0.988           5514            1.554        100.0
low_deg_zero2_00            17.423315   33011090      47158622  1.429          13233            0.170        100.0
low_deg_zero2_01            17.952750   34015735      47482618  1.396          18433            0.236        100.0
low_deg_zero2_02            17.432078   33027741      47201701  1.429          13009            0.167        100.0
low_deg_zero2_03            17.545119   33184554      47403059  1.428          12813            0.163        100.0
low_deg_zero2_04            17.461077   33081879      47255236  1.428          12916            0.165        100.0
low_deg_zero_00              6.839203   12947153      21998376  1.699           8605            0.250        100.0
low_deg_zero_01              6.893676   13049694      21967717  1.683           8563            0.249        100.0
max_random_00               17.476034   33053569      47225926  1.429          12921            0.166        100.0
max_random_01               17.520530   33194798      47225905  1.423          13761            0.177        100.0
max_random_02               17.436308   33035265      47219011  1.429          12721            0.163        100.0
max_random_03               17.529166   33191794      47224698  1.423          12887            0.165        100.0
max_random_04               17.553822   33258508      47237689  1.420          13220            0.170        100.0
min_K_00                     3.486201    6591013       9863052  1.496           7290            0.449        100.0
min_K_01                     3.849061    7278253      11298864  1.552           7443            0.406        100.0
overflow_killer_00           0.889611    1667975       1624283  0.974           5370            1.513        100.0
overflow_killer_01           0.882230    1653753       1604615  0.970           5378            1.548        100.0
random_00                    7.506387   14212282      19684110  1.385           9097            0.275        100.0
random_01                    9.288815   17589997      23488365  1.335          17336            0.445        100.0
random_02                   10.696168   20259241      28213945  1.393          11005            0.234        100.0
random_03                    3.689444    6961274      10620604  1.526           7634            0.441        100.0
random_04                   14.233026   26906466      38242241  1.421          11396            0.180        100.0
small_N_00                   0.879672    1649780       1608203  0.975           5448            1.565        100.0
small_N_01                   0.881175    1652793       1632748  0.988           5547            1.558        100.0
small_N_02                   0.832841    1561030       1593744  1.021           5310            1.547        100.0
small_N_03                   0.879558    1649122       1619851  0.982           5273            1.489        100.0
small_N_04                   0.901252    1690463       1629454  0.964           5401            1.519        100.0
small_dense_00              62.203224  117875436     134457542  1.141          13943            0.088        100.0
small_dense_01              62.744841  118890716     152502245  1.283          14236            0.080        100.0
small_dense_02              66.108088  125297593     188583344  1.505          13916            0.064        100.0
small_dense_03               6.897152   13056168      22023942  1.687           8743            0.253        100.0
small_dense_04              61.998044  117486720     116595791  0.992          14309            0.103        100.0
