2026-10-01 lenovo / Intel(R) Core(TM) i5-10210U CPU @ 1.60GHz
Two complete passes per binary; per case minimum task-clock; all counters from that same run.
Unchanged binaries reuse their recorded passes; each section identifies its measurement batch.
Cases: 36, including examples. Units: ms. No CPU pinning.
Compiler: g++ (GCC) 16.2.1 20260819 (Red Hat 16.2.1-2); rustc 1.98.1 (48a229cea 2026-09-01)
Build host: master (old results); fedora (new submissions); glibc 2.43
Environment: Linux 7.2.8-200.fc44.x86_64; affinity [0, 1, 2, 3]; stack 268435456 bytes; bench_env OK.
cxx_flags.txt: -std=c++23 -DEVAL -DONLINE_JUDGE -Iinclude -O3 -fwhole-program -fno-exceptions -fno-rtti -march=x86-64-v3 -fno-pie -no-pie -nostdlib++ -static -lm -s
cpp_flags.txt: -std=c++23 -DEVAL -DONLINE_JUDGE -Iac-library -include cassert -O3 -fwhole-program -fno-exceptions -fno-rtti -march=x86-64-v3 -fno-pie -no-pie -static -lgmp -s
rust_flags.txt: -C opt-level=3 -C codegen-units=1 -C lto=fat -C panic=abort -C target-cpu=x86-64-v3 -C target-feature=+crt-static -C relocation-model=static -C link-arg=-Wl,-u,__cxa_thread_atexit_impl -C strip=symbols

solution                                max (ms)       sum (ms)
Anonymous                                502.807406    4532.469027
MeIoN                                    487.861599    5781.495132
Rohan_Kapri                              293.354540    2941.736413
Taiki0715                                768.307669    9094.226927
nandhagk                                 293.341038    2938.516574
main                                     259.702543    2468.585094
toomer                                   419.869224    4779.321238

submissions/tree/vertex_add_range_contour_sum_on_tree/Anonymous.cpp
SHA-256: d9493dc9a4f64596da3f9375bf5afee2ea1f4c6bb45a90ce3d9d653d92e7babd
Measured: full-20261001, original two complete passes
case                               task-clock (ms)     cycles  instructions    IPC  branch-misses  branch-miss (%)  running (%)
max (line_2_00)                         502.807406          -             -      -              -                -            -
sum                                    4532.469027          -             -      -              -                -            -
example_00                                1.060424    1677537       2531185  1.509           6986            1.200        100.0
example_01                                1.049316    1660050       2493193  1.502           6592            1.144        100.0
binary_2_00                             272.103583  434213626     554611952  1.277        1882286            1.805        100.0
binary_2_01                             271.113671  432633559     553046183  1.278        1870406            1.799        100.0
line_1_00                               494.656391  789375435     684410225  0.867        2600526            2.044        100.0
line_2_00                               502.807406  802340804     692919540  0.864        2721704            2.118        100.0
random_large_1_00                       296.897118  473705921     375642970  0.793        4857258            6.709        100.0
random_large_2_00                       322.183762  514097807     418054265  0.813        5662489            7.318        100.0
random_many_addquery_2_00               319.503603  509876292     396539765  0.778        5397680            7.395        100.0
random_many_addquery_2_01               331.960736  529633906     409284769  0.773        5578183            7.408        100.0
random_many_sumquery_2_00               310.199817  494996596     424631203  0.858        5647617            7.142        100.0
random_many_sumquery_2_01               321.622270  513171709     438788831  0.855        5816688            7.113        100.0
random_max_1_00                         292.533434  466771238     369845352  0.792        4802702            6.738        100.0
random_max_2_00                         319.571544  509935437     410991035  0.806        5612276            7.373        100.0
random_medium_1_00                        2.965879    4719587       6200223  1.314          60103            4.613        100.0
random_medium_1_01                        2.402034    3818929       5245678  1.374          46068            4.137        100.0
random_medium_2_00                        3.058748    4866774       6409365  1.317          66679            5.044        100.0
random_medium_2_01                        2.525785    4016446       5492998  1.368          52070            4.549        100.0
random_medium_2_02                        2.395954    3808586       5265601  1.383          47994            4.362        100.0
random_medium_2_03                        2.477933    3939695       5325872  1.352          49939            4.490        100.0
random_medium_2_04                        2.991712    4760081       6370276  1.338          64040            4.916        100.0
random_medium_2_05                        3.349639    5332128       6830489  1.281          74592            5.308        100.0
random_medium_2_06                        3.284233    5226596       6776245  1.296          70136            5.031        100.0
random_medium_2_07                        3.039815    4836670       6249900  1.292          64975            5.027        100.0
random_small_tree_many_query_1_00        19.972959   31866807      76438920  2.399         355439            2.602        100.0
random_small_tree_many_query_1_01        22.751356   36302651      83313186  2.295         470092            3.219        100.0
random_small_tree_many_query_1_02        24.118577   38484624      84852423  2.205         548421            3.675        100.0
random_small_tree_many_query_1_03        17.491485   27905538      77311705  2.770         172712            1.293        100.0
random_small_tree_many_query_1_04        20.290730   32374570      77858223  2.405         369367            2.687        100.0
random_small_tree_many_query_2_00        21.003067   33512495      83442305  2.490         343226            2.375        100.0
random_small_tree_many_query_2_01        23.387435   37317272      87575765  2.347         465601            3.087        100.0
random_small_tree_many_query_2_02        25.009088   39893497      89762194  2.250         545637            3.522        100.0
random_small_tree_many_query_2_03        17.449470   27839072      77322234  2.777         172699            1.293        100.0
random_small_tree_many_query_2_04        21.296103   33979470      83017703  2.443         364789            2.547        100.0
uni_2_00                                116.658581  186121289     197168114  1.059         400297            1.120        100.0
uni_2_01                                117.285369  187103434     196299846  1.049         404494            1.139        100.0

submissions/tree/vertex_add_range_contour_sum_on_tree/MeIoN.cpp
SHA-256: 84803b46330b0a9d8b0a9d3a0db722ff2d23426060f270decaee7ef2b4cc35e4
Measured: full-20261001, original two complete passes
case                               task-clock (ms)     cycles  instructions    IPC  branch-misses  branch-miss (%)  running (%)
max (line_2_00)                         487.861599          -             -      -              -                -            -
sum                                    5781.495132          -             -      -              -                -            -
example_00                                1.071358    1693749       2540655  1.500           7436            1.277        100.0
example_01                                1.034423    1635937       2525693  1.544           6885            1.174        100.0
binary_2_00                             443.228371  707355589     847967287  1.199        2944216            2.179        100.0
binary_2_01                             438.234684  699408919     840599475  1.202        2940325            2.193        100.0
line_1_00                               472.754359  754369810     795997282  1.055        2279796            1.693        100.0
line_2_00                               487.861599  778493079     823617996  1.058        2615436            1.868        100.0
random_large_1_00                       351.579872  561115951     639649742  1.140        3257979            3.182        100.0
random_large_2_00                       400.430450  639065145     727963667  1.139        5439676            4.625        100.0
random_many_addquery_2_00               374.196937  597166950     684857793  1.147        3816751            3.286        100.0
random_many_addquery_2_01               381.884042  609490428     690657633  1.133        3868258            3.304        100.0
random_many_sumquery_2_00               428.666917  684175218     790865932  1.156        7097765            5.828        100.0
random_many_sumquery_2_01               435.347514  694813105     799102598  1.150        7149441            5.819        100.0
random_max_1_00                         355.365622  567149867     649360666  1.145        3316707            3.196        100.0
random_max_2_00                         405.144986  646605089     737466654  1.141        5546742            4.665        100.0
random_medium_1_00                        3.408762    5426519       9203363  1.696          53502            3.149        100.0
random_medium_1_01                        2.764542    4397713       7370189  1.676          39893            2.867        100.0
random_medium_2_00                        3.630192    5779693       9575452  1.657          61880            3.499        100.0
random_medium_2_01                        2.940428    4679077       7729629  1.652          49042            3.375        100.0
random_medium_2_02                        2.924575    4653219       7564171  1.626          47118            3.314        100.0
random_medium_2_03                        2.940454    4677464       7642978  1.634          48432            3.375        100.0
random_medium_2_04                        3.608666    5744717       9514326  1.656          61928            3.548        100.0
random_medium_2_05                        3.845026    6122451      10031155  1.638          64245            3.488        100.0
random_medium_2_06                        3.863158    6151001      10193611  1.657          65475            3.513        100.0
random_medium_2_07                        3.540134    5635953       9219880  1.636          60293            3.528        100.0
random_small_tree_many_query_1_00        21.897529   34938058      92791683  2.656         398566            2.453        100.0
random_small_tree_many_query_1_01        23.501893   37500451      96255193  2.567         437827            2.609        100.0
random_small_tree_many_query_1_02        25.734153   41063389      99470341  2.422         516532            3.013        100.0
random_small_tree_many_query_1_03        15.210194   24264484      74605113  3.075         170777            1.148        100.0
random_small_tree_many_query_1_04        22.344756   35653540      93126182  2.612         411540            2.494        100.0
random_small_tree_many_query_2_00        22.644160   36130140      98904184  2.737         405862            2.329        100.0
random_small_tree_many_query_2_01        23.676827   37779960     100082183  2.649         437138            2.498        100.0
random_small_tree_many_query_2_02        26.638449   42506346     104361714  2.455         541761            2.998        100.0
random_small_tree_many_query_2_03        15.201358   24250156      74580181  3.075         170979            1.150        100.0
random_small_tree_many_query_2_04        22.445725   35801960      96666979  2.700         398324            2.320        100.0
uni_2_00                                276.505474  441238024     708612035  1.606        1219018            1.091        100.0
uni_2_01                                275.427543  439495658     708298201  1.612        1220894            1.094        100.0

submissions/tree/vertex_add_range_contour_sum_on_tree/Rohan_Kapri.cpp
SHA-256: 5e71f9058da5718ba23f0d72cf72cc553e8d72216d486e47ff5d37a98f681527
Measured: full-20261001, original two complete passes
case                               task-clock (ms)     cycles  instructions    IPC  branch-misses  branch-miss (%)  running (%)
max (random_many_sumquery_2_01)         293.354540          -             -      -              -                -            -
sum                                    2941.736413          -             -      -              -                -            -
example_00                                1.046625    1655417       2449120  1.479           7492            1.329        100.0
example_01                                1.037806    1641844       2453324  1.494           7278            1.284        100.0
binary_2_00                             267.951472  427576101     477895784  1.118        1630256            2.347        100.0
binary_2_01                             263.786750  420911562     476961167  1.133        1604542            2.318        100.0
line_1_00                                81.267717  129683775     156361931  1.206        1623823            7.202        100.0
line_2_00                                86.480765  138005697     164149478  1.189        2038497            8.661        100.0
random_large_1_00                       181.164943  289049096     307139240  1.063        1707441            3.713        100.0
random_large_2_00                       259.810334  414586071     423078239  1.020        3888324            6.451        100.0
random_many_addquery_2_00               222.206565  354576905     355669383  1.003        2146525            4.153        100.0
random_many_addquery_2_01               225.688559  360132369     360560440  1.001        2217235            4.216        100.0
random_many_sumquery_2_00               290.267261  463159623     484335874  1.046        5427758            8.010        100.0
random_many_sumquery_2_01               293.354540  468117744     490261570  1.047        5471331            7.945        100.0
random_max_1_00                         180.372914  287779881     304790765  1.059        1683282            3.701        100.0
random_max_2_00                         259.834261  414607260     419923133  1.013        3873637            6.483        100.0
random_medium_1_00                        2.189428    3479219       5456355  1.568          26852            2.626        100.0
random_medium_1_01                        1.900815    3019212       4669033  1.546          22887            2.536        100.0
random_medium_2_00                        2.479495    3942496       5921140  1.502          36246            3.363        100.0
random_medium_2_01                        2.130208    3385019       5073690  1.499          32027            3.391        100.0
random_medium_2_02                        2.008765    3191245       4830371  1.514          29005            3.177        100.0
random_medium_2_03                        2.062275    3275957       4951474  1.511          29929            3.197        100.0
random_medium_2_04                        2.428925    3861586       5812571  1.505          37581            3.588        100.0
random_medium_2_05                        2.655170    4222856       6371426  1.509          39232            3.395        100.0
random_medium_2_06                        2.642516    4203119       6364209  1.514          38438            3.333        100.0
random_medium_2_07                        2.411168    3833507       5781454  1.508          35664            3.359        100.0
random_small_tree_many_query_1_00        18.698180   29832368      48186324  1.615         299723            4.304        100.0
random_small_tree_many_query_1_01        19.355392   30881323      50829618  1.646         291146            4.344        100.0
random_small_tree_many_query_1_02        18.069645   28829321      48571427  1.685         212529            3.460        100.0
random_small_tree_many_query_1_03        14.601921   23292579      47714398  2.048         136539            2.144        100.0
random_small_tree_many_query_1_04        18.968328   30251182      48664895  1.609         302202            4.342        100.0
random_small_tree_many_query_2_00        19.529212   31158415      51611400  1.656         312027            4.205        100.0
random_small_tree_many_query_2_01        19.970630   31864577      52721555  1.655         306763            4.398        100.0
random_small_tree_many_query_2_02        18.713406   29856955      51019851  1.709         227813            3.503        100.0
random_small_tree_many_query_2_03        14.607863   23303263      47743669  2.049         135635            2.126        100.0
random_small_tree_many_query_2_04        19.522326   31135958      51266101  1.647         310789            4.218        100.0
uni_2_00                                 61.226440   97692607     144467134  1.479         949018            4.439        100.0
uni_2_01                                 61.293793   97811449     144653204  1.479         955197            4.461        100.0

submissions/tree/vertex_add_range_contour_sum_on_tree/Taiki0715.cpp
SHA-256: d16c52ff2d4b7f8f56cdfcf33792d36d69c796ac4ea95b794d600716d1ca37f1
Measured: full-20261001, original two complete passes
case                               task-clock (ms)      cycles  instructions    IPC  branch-misses  branch-miss (%)  running (%)
max (binary_2_00)                       768.307669           -             -      -              -                -            -
sum                                    9094.226927           -             -      -              -                -            -
example_00                                1.063493     1681665       2447898  1.456           7076            1.259        100.0
example_01                                1.002766     1585304       2458879  1.551           6745            1.181        100.0
binary_2_00                             768.307669  1226060040     753183957  0.614        5960905            5.593        100.0
binary_2_01                             761.234881  1214704864     753475033  0.620        5792147            5.428        100.0
line_1_00                               668.153732  1066195037     624437220  0.586        3068563            3.417        100.0
line_2_00                               673.073896  1074158947     628777866  0.585        3195832            3.532        100.0
random_large_1_00                       549.613721   877027232     584992702  0.667        4732278            5.712        100.0
random_large_2_00                       639.691983  1020822418     634226052  0.621        7172303            7.875        100.0
random_many_addquery_2_00               742.295232  1184570973     660625175  0.558        6861078            7.015        100.0
random_many_addquery_2_01               766.676645  1223448441     677541928  0.554        6935246            6.920        100.0
random_many_sumquery_2_00               521.899887   832802299     608774141  0.731        7377676            8.776        100.0
random_many_sumquery_2_01               546.578562   872190293     620729183  0.712        7602437            8.867        100.0
random_max_1_00                         551.281883   879692356     586197917  0.666        4794974            5.786        100.0
random_max_2_00                         639.026519  1019634707     635319923  0.623        7223486            7.933        100.0
random_medium_1_00                        3.047776     4849506       7437863  1.534          51886            3.999        100.0
random_medium_1_01                        2.492836     3963812       6170842  1.557          39957            3.570        100.0
random_medium_2_00                        3.310960     5269225       7633641  1.449          62993            4.744        100.0
random_medium_2_01                        2.710661     4311774       6302036  1.462          50109            4.433        100.0
random_medium_2_02                        2.743381     4363568       6310661  1.446          50460            4.429        100.0
random_medium_2_03                        2.755859     4383374       6372659  1.454          50435            4.367        100.0
random_medium_2_04                        3.415101     5436359       7777341  1.431          66672            4.929        100.0
random_medium_2_05                        3.495097     5563772       7972556  1.433          64650            4.659        100.0
random_medium_2_06                        3.492949     5560794       8099266  1.456          66084            4.711        100.0
random_medium_2_07                        3.252168     5174870       7499546  1.449          59905            4.548        100.0
random_small_tree_many_query_1_00        19.787320    31569786      68294752  2.163         468554            4.444        100.0
random_small_tree_many_query_1_01        22.062671    35202754      72149569  2.050         539726            4.851        100.0
random_small_tree_many_query_1_02        22.752250    36302619      76256066  2.101         541394            4.657        100.0
random_small_tree_many_query_1_03        10.510209    16761449      47443356  2.831         171039            2.011        100.0
random_small_tree_many_query_1_04        19.202336    30637350      67316363  2.197         452381            4.311        100.0
random_small_tree_many_query_2_00        20.547683    32784168      71016440  2.166         486903            4.420        100.0
random_small_tree_many_query_2_01        22.601631    36062964      74010427  2.052         552353            4.827        100.0
random_small_tree_many_query_2_02        24.170727    38567843      78858932  2.045         585320            4.856        100.0
random_small_tree_many_query_2_03        10.475625    16706173      47473730  2.842         170803            2.007        100.0
random_small_tree_many_query_2_04        19.470116    31064490      69084351  2.224         457791            4.242        100.0
uni_2_00                                522.924401   834574271     639477265  0.766        3469767            3.792        100.0
uni_2_01                                519.104301   828518862     639199429  0.771        3467655            3.794        100.0

submissions/tree/vertex_add_range_contour_sum_on_tree/nandhagk.cpp
SHA-256: 5e71f9058da5718ba23f0d72cf72cc553e8d72216d486e47ff5d37a98f681527
Measured: full-20261001, original two complete passes
case                               task-clock (ms)     cycles  instructions    IPC  branch-misses  branch-miss (%)  running (%)
max (random_many_sumquery_2_01)         293.341038          -             -      -              -                -            -
sum                                    2938.516574          -             -      -              -                -            -
example_00                                1.055393    1669400       2449996  1.468           7510            1.332        100.0
example_01                                1.026687    1623369       2462496  1.517           7328            1.282        100.0
binary_2_00                             264.321584  421786668     478179832  1.134        1614360            2.322        100.0
binary_2_01                             264.106706  421416127     479098908  1.137        1605415            2.303        100.0
line_1_00                                81.116509  129442944     156356707  1.208        1623015            7.198        100.0
line_2_00                                86.732568  138412794     164149356  1.186        2037577            8.657        100.0
random_large_1_00                       180.911063  288658166     306469155  1.062        1704169            3.718        100.0
random_large_2_00                       260.336171  415422927     423043063  1.018        3888714            6.452        100.0
random_many_addquery_2_00               222.920690  355689010     356341624  1.002        2148764            4.144        100.0
random_many_addquery_2_01               225.205902  359358891     360885906  1.004        2215978            4.206        100.0
random_many_sumquery_2_00               289.815920  462468291     484252330  1.047        5424088            8.007        100.0
random_many_sumquery_2_01               293.341038  468064657     489675417  1.046        5474149            7.966        100.0
random_max_1_00                         180.740881  288337895     304829687  1.057        1682849            3.699        100.0
random_max_2_00                         259.377379  413879052     420902247  1.017        3876413            6.464        100.0
random_medium_1_00                        2.229416    3542856       5453093  1.539          26701            2.611        100.0
random_medium_1_01                        1.915702    3043404       4633372  1.522          22734            2.550        100.0
random_medium_2_00                        2.455513    3904346       5916214  1.515          36195            3.362        100.0
random_medium_2_01                        2.170952    3450039       5122219  1.485          31981            3.328        100.0
random_medium_2_02                        2.019330    3207692       4801200  1.497          29214            3.236        100.0
random_medium_2_03                        2.055450    3265280       4896967  1.500          29651            3.227        100.0
random_medium_2_04                        2.443355    3884724       5845081  1.505          37729            3.566        100.0
random_medium_2_05                        2.655405    4223410       6382662  1.511          39498            3.405        100.0
random_medium_2_06                        2.608969    4148770       6338748  1.528          38192            3.320        100.0
random_medium_2_07                        2.417846    3843515       5729061  1.491          35675            3.413        100.0
random_small_tree_many_query_1_00        18.688752   29816563      48161634  1.615         300760            4.323        100.0
random_small_tree_many_query_1_01        19.340508   30857730      50772901  1.645         290385            4.344        100.0
random_small_tree_many_query_1_02        18.058909   28811857      48584644  1.686         212203            3.452        100.0
random_small_tree_many_query_1_03        14.580845   23259190      47712690  2.051         135705            2.131        100.0
random_small_tree_many_query_1_04        18.948616   30231523      48671420  1.610         301306            4.326        100.0
random_small_tree_many_query_2_00        19.497746   31108963      51617183  1.659         311575            4.196        100.0
random_small_tree_many_query_2_01        19.968050   31859147      52714034  1.655         306383            4.392        100.0
random_small_tree_many_query_2_02        18.721303   29868993      50970972  1.706         227592            3.508        100.0
random_small_tree_many_query_2_03        14.599764   23290360      47732870  2.049         136085            2.136        100.0
random_small_tree_many_query_2_04        19.532460   31163299      51263637  1.645         311958            4.233        100.0
uni_2_00                                 61.073127   97447334     144496560  1.483         949660            4.440        100.0
uni_2_01                                 61.526065   98198257     144641686  1.473         955238            4.462        100.0

src/tree/vertex_add_range_contour_sum_on_tree/main.cxx
SHA-256: 6690c1440e5ae502a0b4e256d005230a88b02b3c309f0087f479e3e10c1efcd7
Measured: full-20261001, original two complete passes
case                               task-clock (ms)     cycles  instructions    IPC  branch-misses  branch-miss (%)  running (%)
max (random_many_sumquery_2_01)         259.702543          -             -      -              -                -            -
sum                                    2468.585094          -             -      -              -                -            -
example_00                                0.842311    1328919       1799737  1.354           5656            1.392        100.0
example_01                                0.834584    1316566       1771659  1.346           5417            1.357        100.0
binary_2_00                             239.535959  382222259     490347635  1.283        1302909            1.476        100.0
binary_2_01                             243.274286  388175226     489208424  1.260        1316498            1.495        100.0
line_1_00                                39.542329   63106633      71029800  1.126         308775            4.016        100.0
line_2_00                                39.506077   63031644      72388974  1.148         306843            3.913        100.0
random_large_1_00                       166.962779  266392471     278020976  1.044        2986716            6.040        100.0
random_large_2_00                       232.068725  370272821     358218039  0.967        4438734            6.854        100.0
random_many_addquery_2_00               197.222640  314723445     306969609  0.975        3285274            5.813        100.0
random_many_addquery_2_01               204.695810  326636671     317556014  0.972        3359188            5.726        100.0
random_many_sumquery_2_00               252.860939  403508890     395983529  0.981        5448531            7.742        100.0
random_many_sumquery_2_01               259.702543  414410931     412455385  0.995        5536831            7.534        100.0
random_max_1_00                         165.221051  263593714     274645368  1.042        2969801            6.089        100.0
random_max_2_00                         227.703140  363331555     351480462  0.967        4462022            7.033        100.0
random_medium_1_00                        2.276632    3618425       5050174  1.396          46222            4.785        100.0
random_medium_1_01                        1.886396    2995768       4138999  1.382          35822            4.422        100.0
random_medium_2_00                        2.441629    3882727       5338780  1.375          52332            5.162        100.0
random_medium_2_01                        2.040605    3241965       4410724  1.361          42072            4.927        100.0
random_medium_2_02                        1.999741    3176645       4241893  1.335          38526            4.640        100.0
random_medium_2_03                        2.018836    3207319       4353309  1.357          40989            4.831        100.0
random_medium_2_04                        2.378035    3780533       5141334  1.360          50925            5.215        100.0
random_medium_2_05                        2.588006    4115802       5628742  1.368          57510            5.386        100.0
random_medium_2_06                        2.592944    4123184       5699186  1.382          56093            5.175        100.0
random_medium_2_07                        2.384765    3790697       5185760  1.368          51670            5.219        100.0
random_small_tree_many_query_1_00        13.448694   21452921      26406050  1.231         268722            8.929        100.0
random_small_tree_many_query_1_01        14.278677   22777811      35063946  1.539         251870            6.818        100.0
random_small_tree_many_query_1_02        13.123721   20933839      34376409  1.642         167716            5.233        100.0
random_small_tree_many_query_1_03        11.438642   18243900      31985463  1.753         126572            3.847        100.0
random_small_tree_many_query_1_04        13.828981   22059787      26641892  1.208         286582            9.478        100.0
random_small_tree_many_query_2_00        13.860250   22109564      27403975  1.239         281345            9.185        100.0
random_small_tree_many_query_2_01        14.332273   22862650      35546760  1.555         250804            6.776        100.0
random_small_tree_many_query_2_02        12.869226   20527338      34872675  1.699         157282            4.932        100.0
random_small_tree_many_query_2_03        11.476036   18303940      31990794  1.748         126175            3.831        100.0
random_small_tree_many_query_2_04        13.934878   22228509      27241750  1.226         286578            9.403        100.0
uni_2_00                                 21.592248   34452144      46088951  1.338         279059            5.216        100.0
uni_2_01                                 21.820706   34816709      46141718  1.325         284738            5.318        100.0

submissions/tree/vertex_add_range_contour_sum_on_tree/toomer.rs
SHA-256: 054fc60fc50ba5239e86cd6984804982ba9a00ef27d6d7d28217ef11bb7601e4
Measured: new-submissions-20261001, two complete passes
case                               task-clock (ms)     cycles  instructions    IPC  branch-misses  branch-miss (%)  running (%)
max (line_2_00)                         419.869224          -             -      -              -                -            -
sum                                    4779.321238          -             -      -              -                -            -
example_00                                0.981481    1551011       2070336  1.335           7392            1.576        100.0
example_01                                0.966026    1526780       2046256  1.340           7309            1.579        100.0
binary_2_00                             310.880452  496095779     659878829  1.330        2509736            1.776        100.0
binary_2_01                             310.458321  495399206     659754747  1.332        2528345            1.790        100.0
line_1_00                               416.037924  663886817     728686828  1.098        3077393            1.902        100.0
line_2_00                               419.869224  669959572     731594955  1.092        3179288            1.955        100.0
random_large_1_00                       275.929393  440306259     516696331  1.173        2829048            2.635        100.0
random_large_2_00                       330.001521  526587153     569759791  1.082        4476768            3.736        100.0
random_many_addquery_2_00               310.879970  496100019     535398210  1.079        3615674            3.102        100.0
random_many_addquery_2_01               316.901555  505697965     544946626  1.078        3684123            3.097        100.0
random_many_sumquery_2_00               338.718185  540471304     607117350  1.123        5142558            4.178        100.0
random_many_sumquery_2_01               348.987904  556862965     619854719  1.113        5372165            4.261        100.0
random_max_1_00                         276.224957  440805840     519005714  1.177        2806730            2.608        100.0
random_max_2_00                         329.762979  526218240     570313059  1.084        4464452            3.734        100.0
random_medium_1_00                        2.837135    4512802       7135754  1.581          35061            2.306        100.0
random_medium_1_01                        2.446078    3888849       5914240  1.521          30005            2.369        100.0
random_medium_2_00                        3.040785    4838784       7343945  1.518          42841            2.737        100.0
random_medium_2_01                        2.632249    4185977       6130646  1.465          37916            2.886        100.0
random_medium_2_02                        2.411273    3833550       5564121  1.451          34436            2.894        100.0
random_medium_2_03                        2.539320    4037216       5866328  1.453          35684            2.843        100.0
random_medium_2_04                        3.032970    4826495       7179821  1.488          45108            2.955        100.0
random_medium_2_05                        3.420178    5443457       8249799  1.516          47931            2.715        100.0
random_medium_2_06                        3.270229    5202558       7974148  1.533          45828            2.696        100.0
random_medium_2_07                        3.059777    4868306       7205747  1.480          43542            2.827        100.0
random_small_tree_many_query_1_00        20.299915   32388885      40246925  1.243         338096            4.901        100.0
random_small_tree_many_query_1_01        20.713626   33048921      41513802  1.256         348317            4.861        100.0
random_small_tree_many_query_1_02        21.304040   33991260      42684257  1.256         360882            4.840        100.0
random_small_tree_many_query_1_03        12.865199   20520649      29733586  1.449         108431            2.352        100.0
random_small_tree_many_query_1_04        20.076310   32032233      40006995  1.249         330763            4.827        100.0
random_small_tree_many_query_2_00        20.647322   32943058      41130037  1.249         353951            5.029        100.0
random_small_tree_many_query_2_01        21.270470   33937854      42461107  1.251         370286            5.036        100.0
random_small_tree_many_query_2_02        22.060262   35198572      44065196  1.252         393128            5.091        100.0
random_small_tree_many_query_2_03        12.895558   20569023      29801683  1.449         108531            2.346        100.0
random_small_tree_many_query_2_04        20.005879   31919115      40205263  1.260         330059            4.811        100.0
uni_2_00                                285.416587  455411086     539848779  1.185         441719            0.422        100.0
uni_2_01                                286.476184  457051877     542015669  1.186         439904            0.418        100.0
