case                 task-clock (ms)    cycles  instructions    IPC  branch-misses  branch-miss (%)  running (%)
max (max_random_00)        25.904423         -             -      -              -                -            -
sum                       240.522380         -             -      -              -                -            -
example_00                  0.881390   1652230       1599014  0.968           5495            1.595        100.0
example_01                  0.843767   1581333       1592964  1.007           5332            1.552        100.0
example_02                  0.889167   1667538       1636460  0.981           5490            1.537        100.0
example_03                  0.862559   1617585       1604507  0.992           5392            1.558        100.0
all_same_00                 1.122327   2109845       2086492  0.989           5435            1.237        100.0
all_same_01                 1.097277   2062478       2090885  1.014           5433            1.234        100.0
all_same_02                 1.149965   2161900       2093173  0.968           5534            1.260        100.0
all_same_03                 1.101912   2070296       2090523  1.010           5512            1.257        100.0
max_large_ans_00           23.032502  43573954      39750245  0.912         748530            9.190        100.0
max_large_ans_01           21.053882  39836429      39113297  0.982         617282            8.116        100.0
max_large_ans_02           17.640307  33363994      39136233  1.173         349575            4.995        100.0
max_large_ans_03           18.333690  34680783      41678924  1.202         318314            4.353        100.0
max_random_00              25.904423  48957260      46809323  0.956         790284            8.539        100.0
max_random_01              24.790146  46917971      46480814  0.991         678736            7.702        100.0
max_random_02              22.168535  41891135      47268251  1.128         441246            5.232        100.0
max_random_03              20.614094  38929313      45389112  1.166         366743            4.591        100.0
random_00                  20.086022  37973615      36583951  0.963         570413            7.884        100.0
random_01                  20.167166  38154586      38823814  1.018         528494            7.187        100.0
random_02                   5.982150  11320922      13019419  1.150         123935            5.207        100.0
random_03                   5.840808  11052014      12177081  1.102         110904            4.967        100.0
small_00                    0.869528   1630535       1592247  0.977           5294            1.549        100.0
small_01                    0.888180   1665672       1600115  0.961           5520            1.609        100.0
small_02                    0.857108   1606827       1616497  1.006           5507            1.574        100.0
small_03                    0.873549   1638618       1593557  0.973           5407            1.581        100.0
small_04                    0.852684   1598537       1615973  1.011           5462            1.561        100.0
small_05                    0.853639   1600781       1593160  0.995           5434            1.589        100.0
small_06                    0.892992   1674768       1619659  0.967           5443            1.553        100.0
small_07                    0.872611   1635751       1594144  0.975           5419            1.584        100.0
