case               task-clock (ms)     cycles  instructions    IPC  branch-misses  branch-miss (%)  running (%)
max (worst_02)          101.207604          -             -      -              -                -            -
sum                    1010.406565          -             -      -              -                -            -
example_00                0.873620    1638570       1619530  0.988           5649            1.619        100.0
from_issue1124_00        57.646303  109241383      74599062  0.683         840115            5.885        100.0
from_issue1124_01        12.918931   24472133      30900841  1.263          29800            0.571        100.0
from_issue1124_02        13.401209   25385672      31890491  1.256          44836            0.816        100.0
large_cycle_00           12.507837   23692807      33335939  1.407          13018            0.238        100.0
large_cycle_01           50.569065   95840085      72579594  0.757         444657            2.760        100.0
line_00                  13.566457   25699827      35526308  1.382          12592            0.212        100.0
line_01                  13.608020   25778798      35583309  1.380          13336            0.224        100.0
many_smalls_00           57.790599  109512233     124206261  1.134        1044262            4.861        100.0
many_smalls_01           55.183501  104587797     121131023  1.158        1002166            4.777        100.0
max_random_00            51.844561   98228618      67329461  0.685         365722            3.383        100.0
max_random_01            52.425598   99360891      67419506  0.679         365234            3.368        100.0
max_random_02            59.855919  113403573      93601065  0.825         801136            4.776        100.0
random_00                 5.755130   10891671      11441899  1.051          82148            3.883        100.0
random_01                 8.428712   15959006      16986279  1.064         136820            4.442        100.0
random_02                51.234488   97085415      75723482  0.780         520989            4.128        100.0
random_03                49.826016   94431399      82665760  0.875         660246            4.628        100.0
random_04                10.888655   20622346      21297987  1.033         124690            3.459        100.0
random_05                51.334879   97291750      90553238  0.931         616600            4.164        100.0
random_06                 8.707371   16487383      16234003  0.985          96106            3.339        100.0
random_07                16.541682   31338570      30769911  0.982         243490            4.539        100.0
random_08                43.183062   81811171      75759574  0.926         640939            4.989        100.0
random_09                 9.176520   17377092      17274438  0.994         137114            4.367        100.0
worst_00                100.835719  191005462     418076795  2.189         349240            0.498        100.0
worst_01                101.095107  191584899     418182968  2.183         351569            0.501        100.0
worst_02                101.207604  191831000     418422315  2.181         346913            0.494        100.0
