case                     task-clock (ms)     cycles  instructions    IPC  branch-misses  branch-miss (%)  running (%)
max (random_00)                64.144663          -             -      -              -                -            -
sum                           744.122348          -             -      -              -                -            -
example_00                      0.900587    1689083       1633086  0.967           5520            1.548        100.0
example_01                      0.891821    1673234       1640344  0.980           5656            1.579        100.0
example_02                      0.907426    1701105       1650810  0.970           5776            1.606        100.0
2tree_00                       42.039947   79673079      59844123  0.751         782759            7.320        100.0
2tree_01                       42.262122   80095211      59829568  0.747         786776            7.361        100.0
2tree_02                       42.494803   80519385      59855673  0.743         784486            7.331        100.0
2tree_03                       42.702945   80929363      59899361  0.740         788152            7.355        100.0
2tree_04                       42.599579   80712647      59884825  0.742         785985            7.340        100.0
complete_00                    16.009808   30315892      36077030  1.190         373599            5.908        100.0
complete_minus_ab_00           16.088387   30465221      36082877  1.184         373547            5.907        100.0
complete_minus_ab_ac_00        16.028150   30363532      36087779  1.189         375012            5.928        100.0
complete_minus_ab_cd_00        16.025374   30300408      36093771  1.191         372992            5.896        100.0
cycle_00                       28.044175   53143442      37757906  0.710         119824            2.005        100.0
heawood_00                      0.818073    1533120       1649469  1.076           5653            1.572        100.0
path_00                        23.907737   45301541      38165509  0.842         125032            2.148        100.0
random_00                      64.144663  121554851      70342029  0.579        1456366           10.834        100.0
random_01                      61.564629  116662668      67686438  0.580        1310979           10.182        100.0
random_02                      62.147190  117767025      68242479  0.579        1340689           10.328        100.0
random_03                      61.390235  116354494      66943831  0.575        1305178           10.279        100.0
random_04                      62.551876  118555046      68337649  0.576        1348795           10.373        100.0
thick_cycle_00                 50.851812   96240372      66564127  0.692         572720            4.639        100.0
wheel_00                       49.751009   94291066      67283280  0.714         435530            3.600        100.0
