case             task-clock (ms)     cycles  instructions    IPC  branch-misses  branch-miss (%)  running (%)
max (random_08)       381.093130          -             -      -              -                -            -
sum                  2655.902582          -             -      -              -                -            -
example_00              0.904374    1696324       1644415  0.969           5784            1.620        100.0
example_01              0.908767    1704740       1639079  0.961           5613            1.576        100.0
example_02              0.876134    1643021       1632424  0.994           5567            1.569        100.0
large_cycle_00         62.606034  118639825     145216995  1.224          38744            0.172        100.0
large_cycle_01         60.360951  114343311     144133276  1.261          37673            0.169        100.0
max_random_00          65.239619  123426899     116262769  0.942         879890            4.852        100.0
max_random_01          64.325219  121801021     114887615  0.943         877598            4.909        100.0
max_random_02          64.224494  121584355     112492008  0.925         878744            4.919        100.0
random_00             162.662791  308220471     365126714  1.185        3596433            6.293        100.0
random_01              75.320581  142506883     145900222  1.024        1072269            4.685        100.0
random_02             203.014055  384749844     534301126  1.389        4285252            4.920        100.0
random_03             106.049504  200794971     227271233  1.132        1910890            5.360        100.0
random_04             372.205136  705239918     843092826  1.195       10201071            7.516        100.0
random_05             297.086174  562928195     672250721  1.194        8020669            7.460        100.0
random_06              83.626599  158289803     164664999  1.040        1210353            4.786        100.0
random_07             311.505704  590258830     798511818  1.353        7547166            5.744        100.0
random_08             381.093130  721917475     870389976  1.206       10581006            7.555        100.0
random_09             339.459853  643342509     851693589  1.324        8323535            5.940        100.0
small_random_00         0.886117    1661397       1629746  0.981           5503            1.553        100.0
small_random_01         0.897561    1683347       1607314  0.955           5371            1.543        100.0
small_random_02         0.870085    1630860       1623968  0.996           5547            1.579        100.0
small_random_03         0.905594    1698322       1622921  0.956           5249            1.487        100.0
small_random_04         0.874106    1638643       1628971  0.994           5469            1.545        100.0
