2026-10-01 lenovo / Intel(R) Core(TM) i5-10210U CPU @ 1.60GHz
Two complete passes; per binary/case minimum task-clock; all counters from that same run.
Cases: 24, including examples. Units: ms. No CPU pinning.
Compiler: g++ (GCC) 16.2.1 20260819 (Red Hat 16.2.1-2); rustc 1.98.1 (48a229cea 2026-09-01)
Build host: master; glibc 2.43
Environment: Linux 7.2.8-200.fc44.x86_64; affinity [0, 1, 2, 3]; stack 268435456 bytes; bench_env OK.
cxx_flags.txt: -std=c++23 -DEVAL -DONLINE_JUDGE -Iinclude -O3 -fwhole-program -fno-exceptions -fno-rtti -march=x86-64-v3 -fno-pie -no-pie -nostdlib++ -static -lm -s
cpp_flags.txt: -std=c++23 -DEVAL -DONLINE_JUDGE -Iac-library -include cassert -O3 -fwhole-program -fno-exceptions -fno-rtti -march=x86-64-v3 -fno-pie -no-pie -static -lgmp -s
rust_flags.txt: -C opt-level=3 -C codegen-units=1 -C lto=fat -C panic=abort -C target-cpu=x86-64-v3 -C target-feature=+crt-static -C relocation-model=static -C link-arg=-Wl,-u,__cxa_thread_atexit_impl -C strip=symbols

solution                                max (ms)       sum (ms)
Hostek                                   910.028096    5654.779002
Nachia                                   844.196005    4948.268631
Rohan_Kapri                              290.259711    2600.098233
Yuezheng_Ling_fans                       295.928771    2603.929304
maspy                                   1366.155483    9051.411070
main                                     225.674909    1350.631240

submissions/convolution/multivariate_convolution_cyclic/Hostek.cpp
SHA-256: 77643804df6c9fa1875cb7e972cfd3f03c2ac9fabb9bf18907ce1a432f50855e
case           task-clock (ms)      cycles  instructions    IPC  branch-misses  branch-miss (%)  running (%)
max (dim2_01)       910.028096           -             -      -              -                -            -
sum                5654.779002           -             -      -              -                -            -
example_00            0.966418     1527624       2417871  1.583           6712            1.205        100.0
example_01            0.972333     1536651       2468157  1.606           6821            1.189        100.0
example_02            0.977006     1544478       2464065  1.595           6697            1.171        100.0
dim1_00             788.833191  1259039308    3290822791  2.614         269455            0.141        100.0
dim1_01             790.490640  1261648046    3286028563  2.605         364463            0.191        100.0
dim1_02             787.906894  1257588723    3288784088  2.615         267144            0.140        100.0
dim2_00             680.725366  1086501479    2845079480  2.619         530119            0.303        100.0
dim2_01             910.028096  1452472108    3695973410  2.545         707533            0.328        100.0
dim2_02             560.346481   894352595    2379732731  2.661         227375            0.152        100.0
k0_00                 0.994681     1572868       2420797  1.539           6823            1.230        100.0
k0_01                 1.051333     1663076       2477487  1.490           7002            1.220        100.0
max_random_00       138.884439   221682967     737242857  3.326         203153            0.234        100.0
max_random_01       163.135356   260372838     873603561  3.355         254490            0.247        100.0
small_00              0.993967     1571008       2451864  1.561           6863            1.221        100.0
small_01              1.094029     1731561       2461039  1.421           6983            1.240        100.0
small_02              1.056468     1671221       2460010  1.472           6954            1.234        100.0
small_03              1.028108     1624530       2476901  1.525           6760            1.176        100.0
small_04              1.031498     1631386       2448644  1.501           6948            1.237        100.0
threes_00           154.914940   247247019     818430529  3.310         190885            0.178        100.0
threes_01           114.088649   182081396     604571533  3.320         137723            0.173        100.0
threes_02           152.127617   242808807     797986922  3.286         209955            0.204        100.0
twos_00             235.006154   375086789    1230857031  3.282         331162            0.202        100.0
twos_01             113.883571   181761313     603481525  3.320         111523            0.136        100.0
twos_02              54.241767    86569581     281474627  3.251          86896            0.229        100.0

submissions/convolution/multivariate_convolution_cyclic/Nachia.cpp
SHA-256: e6602a03845cfbe90a70c1dab013cd46c03e63d5e2eb0903d6da1a006b3df3f2
case           task-clock (ms)      cycles  instructions    IPC  branch-misses  branch-miss (%)  running (%)
max (dim2_01)       844.196005           -             -      -              -                -            -
sum                4948.268631           -             -      -              -                -            -
example_00            0.848677     1339773       1929352  1.440           5809            1.325        100.0
example_01            0.819353     1292349       1881915  1.456           5569            1.318        100.0
example_02            0.813511     1282732       1868955  1.457           5435            1.301        100.0
dim1_00             722.843527  1153734933    2911463324  2.524         293173            0.258        100.0
dim1_01             724.749627  1156750218    2910280680  2.516         403527            0.355        100.0
dim1_02             722.671984  1153460155    2910153313  2.523         279043            0.246        100.0
dim2_00             617.607961   985765566    2483799719  2.520         543421            0.537        100.0
dim2_01             844.196005  1347424369    3321712203  2.465         722644            0.519        100.0
dim2_02             507.003932   809196164    2070722623  2.559         243132            0.282        100.0
k0_00                 0.845287     1333693       1894913  1.421           5792            1.364        100.0
k0_01                 0.872694     1377326       1903287  1.382           5944            1.397        100.0
max_random_00       100.628886   160617423     518535187  3.228         217805            0.520        100.0
max_random_01       117.214510   187067802     611046584  3.266         268744            0.547        100.0
small_00              0.884297     1396258       1899478  1.360           5760            1.357        100.0
small_01              0.897151     1416756       1902942  1.343           5884            1.394        100.0
small_02              0.838516     1323369       1888295  1.427           5666            1.349        100.0
small_03              0.892270     1409247       1901507  1.349           5815            1.365        100.0
small_04              0.902953     1425634       1897666  1.331           6044            1.432        100.0
threes_00           107.817269   172091590     548577580  3.188         210061            0.405        100.0
threes_01            78.656290   125530073     401491818  3.198         142762            0.375        100.0
threes_02           106.997437   170783415     541182468  3.169         236344            0.467        100.0
twos_00             169.620775   270720000     853852101  3.154         377795            0.435        100.0
twos_01              80.587386   128624850     413581469  3.215         119633            0.278        100.0
twos_02              39.058333    62332014     195368826  3.134         102086            0.498        100.0

submissions/convolution/multivariate_convolution_cyclic/Rohan_Kapri.cpp
SHA-256: f63129242b6fd978e5f9def3f1bda11b57b0711de7759e2ba36c190281e67c38
case           task-clock (ms)     cycles  instructions    IPC  branch-misses  branch-miss (%)  running (%)
max (dim2_01)       290.259711          -             -      -              -                -            -
sum                2600.098233          -             -      -              -                -            -
example_00            0.999660    1579899       2438978  1.544           6855            1.226        100.0
example_01            0.993169    1570066       2424622  1.544           6838            1.228        100.0
example_02            0.996617    1575727       2414059  1.532           6734            1.214        100.0
dim1_00             268.319173  428044066    1068921889  2.497         146155            0.112        100.0
dim1_01             268.412671  428303122    1065044355  2.487         241597            0.186        100.0
dim1_02             267.307543  426459409    1070152669  2.509         137777            0.105        100.0
dim2_00             235.397444  375448542     996781751  2.655         414799            0.341        100.0
dim2_01             290.259711  463290348    1436380417  3.100         506040            0.363        100.0
dim2_02             194.606401  310591497     877750112  2.826         123302            0.116        100.0
k0_00                 1.038914    1642607       2470815  1.504           6773            1.179        100.0
k0_01                 1.045461    1653332       2474277  1.497           6841            1.189        100.0
max_random_00       173.181469  276407960     927856070  3.357         111185            0.105        100.0
max_random_01        93.788291  149682938     521854574  3.486         113732            0.118        100.0
small_00              1.018408    1610507       2464060  1.530           6889            1.216        100.0
small_01              1.006555    1591464       2446359  1.537           6971            1.243        100.0
small_02              1.059557    1675746       2496208  1.490           6952            1.201        100.0
small_03              1.052119    1664148       2441279  1.467           6713            1.199        100.0
small_04              1.008510    1594258       2487434  1.560           6889            1.193        100.0
threes_00           142.373685  227231507     667454181  2.937         138903            0.118        100.0
threes_01           101.363374  161788210     487138601  3.011          66677            0.077        100.0
threes_02           140.113239  223607968     648252529  2.899         174206            0.153        100.0
twos_00             242.807169  387536068    1045665633  2.698         292694            0.163        100.0
twos_01             116.778974  186376080     511019922  2.742          86009            0.098        100.0
twos_02              55.170119   88052203     235882203  2.679          75113            0.186        100.0

submissions/convolution/multivariate_convolution_cyclic/Yuezheng_Ling_fans.cpp
SHA-256: f63129242b6fd978e5f9def3f1bda11b57b0711de7759e2ba36c190281e67c38
case           task-clock (ms)     cycles  instructions    IPC  branch-misses  branch-miss (%)  running (%)
max (dim2_01)       295.928771          -             -      -              -                -            -
sum                2603.929304          -             -      -              -                -            -
example_00            0.973555    1538548       2435443  1.583           6825            1.216        100.0
example_01            1.005272    1588577       2476990  1.559           6944            1.207        100.0
example_02            1.009584    1595377       2422489  1.518           6618            1.184        100.0
dim1_00             267.522238  426811109    1068891967  2.504         145625            0.112        100.0
dim1_01             268.413277  428218867    1066479025  2.490         242263            0.186        100.0
dim1_02             267.347335  426536317    1069514096  2.507         137770            0.105        100.0
dim2_00             234.531066  374165694     997489078  2.666         416867            0.342        100.0
dim2_01             295.928771  472331656    1436366740  3.041         496747            0.357        100.0
dim2_02             194.670357  310687571     878002289  2.826         123547            0.116        100.0
k0_00                 0.980959    1550525       2435758  1.571           6808            1.213        100.0
k0_01                 1.034087    1634729       2472301  1.512           6740            1.173        100.0
max_random_00       172.852533  275884229     927898040  3.363         111561            0.106        100.0
max_random_01        93.716771  149552930     521824205  3.489         113337            0.117        100.0
small_00              1.061446    1679002       2459813  1.465           6826            1.206        100.0
small_01              1.052929    1665989       2495860  1.498           7019            1.212        100.0
small_02              1.030188    1629615       2467690  1.514           7079            1.249        100.0
small_03              1.025610    1621863       2437783  1.503           6766            1.209        100.0
small_04              1.013309    1602270       2438803  1.522           6843            1.224        100.0
threes_00           142.381389  227252330     667424572  2.937         138866            0.118        100.0
threes_01           101.407574  161838891     487177017  3.010          67602            0.078        100.0
threes_02           140.133610  223653839     648245644  2.898         173562            0.153        100.0
twos_00             242.834601  387602171    1045606013  2.698         292557            0.163        100.0
twos_01             116.814393  186453543     511028820  2.741          85979            0.098        100.0
twos_02              55.188450   88080527     235883712  2.678          74848            0.185        100.0

submissions/convolution/multivariate_convolution_cyclic/maspy.cpp
SHA-256: d44fa5ac6e60bfb1a007831b8c257a483aef981b20c29135faf90c4b8e2b1a6c
case           task-clock (ms)      cycles  instructions    IPC  branch-misses  branch-miss (%)  running (%)
max (dim2_01)      1366.155483           -             -      -              -                -            -
sum                9051.411070           -             -      -              -                -            -
example_00            1.031352     1631165       2464325  1.511           6870            1.214        100.0
example_01            0.999773     1580536       2473741  1.565           6960            1.221        100.0
example_02            1.007835     1594024       2435636  1.528           6843            1.222        100.0
dim1_00             782.913095  1249500928    3242988181  2.595         204182            0.226        100.0
dim1_01             782.785617  1249231417    3240210677  2.594         297684            0.331        100.0
dim1_02             781.764698  1247611899    3243610078  2.600         192999            0.213        100.0
dim2_00             802.438826  1280771580    3292963141  2.571         452742            0.366        100.0
dim2_01            1366.155483  2180564265    5604713349  2.570         914641            0.653        100.0
dim2_02             733.718486  1171101753    3074534839  2.625         185779            0.189        100.0
k0_00                 1.061321     1678560       2477201  1.476           6911            1.203        100.0
k0_01                 1.077233     1703884       2457758  1.442           7082            1.252        100.0
max_random_00       284.489773   454080936    1032871388  2.275         110271            0.108        100.0
max_random_01       318.908738   509007343    1168390037  2.295         116613            0.104        100.0
small_00              1.029686     1627733       2440185  1.499           6888            1.228        100.0
small_01              1.051072     1662995       2503198  1.505           7031            1.210        100.0
small_02              1.059450     1676550       2510168  1.497           7027            1.207        100.0
small_03              1.071648     1695249       2501965  1.476           6936            1.194        100.0
small_04              1.070497     1693495       2505027  1.479           7105            1.222        100.0
threes_00           543.256772   867123042    2373861886  2.738         210082            0.053        100.0
threes_01           375.252098   598929959    1634240290  2.729         114584            0.043        100.0
threes_02           543.160641   866949395    2367815704  2.731         282171            0.071        100.0
twos_00            1018.616011  1625882743    4498831486  2.767         501166            0.062        100.0
twos_01             480.470436   766899755    2129262107  2.776         195854            0.051        100.0
twos_02             227.020529   362338587    1001847038  2.765         130680            0.073        100.0

src/convolution/multivariate_convolution_cyclic/main.cxx
SHA-256: 391b3eb92ffb32d0bbc987b0bac1b771c04cc9fccbde4c3f3c5600479638562c
case           task-clock (ms)     cycles  instructions    IPC  branch-misses  branch-miss (%)  running (%)
max (dim2_01)       225.674909          -             -      -              -                -            -
sum                1350.631240          -             -      -              -                -            -
example_00            0.807492    1274113       1799005  1.412           5609            1.380        100.0
example_01            0.776861    1225246       1747150  1.426           5509            1.414        100.0
example_02            0.803204    1267505       1792796  1.414           5515            1.360        100.0
dim1_00             141.827136  226333145     545304324  2.409         100027            0.466        100.0
dim1_01             142.323283  227173867     544806243  2.398         160151            0.747        100.0
dim1_02             142.027178  226642642     545549056  2.407          94593            0.439        100.0
dim2_00             127.880382  204119612     493818607  2.419         296682            1.650        100.0
dim2_01             225.674909  360203262     938253703  2.605         312954            1.464        100.0
dim2_02             125.161694  199761821     484946447  2.428          87810            0.445        100.0
k0_00                 0.798822    1260256       1763294  1.399           5587            1.421        100.0
k0_01                 0.830938    1311690       1755870  1.339           5407            1.381        100.0
max_random_00        70.124421  111894240     196962512  1.760          76851            0.283        100.0
max_random_01        93.965900  149959749     246978305  1.647          85610            0.247        100.0
small_00              0.854896    1348483       1785211  1.324           5591            1.421        100.0
small_01              0.846948    1337091       1817506  1.359           5788            1.416        100.0
small_02              0.846372    1335799       1781473  1.334           5798            1.466        100.0
small_03              0.834178    1316521       1779820  1.352           5687            1.446        100.0
small_04              0.853906    1347237       1821590  1.352           5725            1.396        100.0
threes_00            83.828036  133796862     213564920  1.596          85771            0.294        100.0
threes_01            71.919167  114788167     179390981  1.563          65351            0.264        100.0
threes_02            84.301135  134540312     213062961  1.584         126858            0.432        100.0
twos_00              18.393324   29332294      81050960  2.763         160628            1.906        100.0
twos_01               9.153613   14596083      41683151  2.856          44042            0.984        100.0
twos_02               5.797445    9238871      25314753  2.740          46323            1.446        100.0
