case                     task-clock (ms)     cycles  instructions    IPC  branch-misses  branch-miss (%)  running (%)
max (all_degree_one_02)       160.489522          -             -      -              -                -            -
sum                          2188.437873          -             -      -              -                -            -
example_00                      0.876483    1643940       1641358  0.998           5758            1.608        100.0
example_01                      0.875819    1641116       1647856  1.004           5887            1.637        100.0
example_02                      0.916977    1720557       1635508  0.951           6007            1.698        100.0
all_degree_one_00             160.360686  303850581     762028573  2.508         187194            0.326        100.0
all_degree_one_01             159.950991  303129832     761071793  2.511         189611            0.332        100.0
all_degree_one_02             160.489522  304034354     761106848  2.503         189194            0.331        100.0
all_degree_one_03             160.005774  303215711     761438288  2.511         190701            0.333        100.0
all_degree_one_04             159.155973  301634670     760048070  2.520         192588            0.338        100.0
max_and_zero_00                19.059041   36110325      79847440  2.211         118772            1.513        100.0
max_random_00                 156.758821  297093552     661105411  2.225        1323889            3.027        100.0
max_random_01                 160.337519  303895360     677144794  2.228        1357992            2.970        100.0
max_random_02                 114.690336  217356362     505714346  2.327         399043            1.688        100.0
max_random_03                 158.754787  300916737     669862214  2.226        1343608            2.999        100.0
max_random_04                 148.922722  282220040     630279228  2.233        1215817            3.039        100.0
random_00                     145.309343  275393637     617620433  2.243        1135671            2.944        100.0
random_01                     148.843881  282093691     631832744  2.240        1154995            2.871        100.0
random_02                     107.075941  202939207     474827469  2.340         372732            1.801        100.0
random_03                      14.986705   28389576      63644927  2.242         101090            1.757        100.0
random_04                      37.577890   71214842     157555096  2.212         275581            2.318        100.0
small_00                        0.895010    1679312       1621700  0.966           5732            1.635        100.0
small_01                        0.925447    1735655       1657048  0.955           5998            1.659        100.0
small_02                        0.900238    1687266       1628673  0.965           5729            1.625        100.0
small_03                        0.913784    1714427       1653435  0.964           5931            1.643        100.0
small_04                        0.873880    1638846       1654442  1.010           5873            1.627        100.0
unbalanced_00                  56.940282  107899491     230247835  2.134         218932            1.424        100.0
unbalanced_01                  56.390439  106877705     226923954  2.123         218983            1.402        100.0
unbalanced_02                  55.649582  105451252     226476171  2.148         214339            1.408        100.0
