case                 task-clock (ms)     cycles  instructions    IPC  branch-misses  branch-miss (%)  running (%)
max (max_random_02)       121.437663          -             -      -              -                -            -
sum                      1063.770075          -             -      -              -                -            -
example_00                  0.881970    1654243       1586399  0.959           5299            1.556        100.0
max_lazy_00                44.849863   84967509     187949792  2.212          14034            0.074        100.0
max_random_00             118.612688  224743913     345230022  1.536        2304696            6.734        100.0
max_random_01             120.635600  228637750     346455854  1.515        2338245            6.811        100.0
max_random_02             121.437663  230141564     345635602  1.502        2384163            6.947        100.0
max_random_03             119.632351  226701947     342691552  1.512        2369631            6.964        100.0
max_random_04             120.083727  227564305     346717988  1.524        2305149            6.706        100.0
max_update_00              88.426012  167581952     313349169  1.870          14620            0.049        100.0
random_00                  98.117580  185958538     281063429  1.511        1953026            7.010        100.0
random_01                 101.259526  191883614     290509344  1.514        1966045            6.780        100.0
random_02                  70.133566  132906544     208836835  1.571        1393917            6.897        100.0
random_03                  20.142283   38143622      52504500  1.376         383588            5.887        100.0
random_04                  29.558841   56014805      82655284  1.476         540918            6.126        100.0
small_00                    0.925313    1736827       1737509  1.000           6596            1.826        100.0
small_01                    0.977425    1835230       1793878  0.977           7305            1.987        100.0
small_02                    0.934744    1754631       1794015  1.022           7323            2.009        100.0
small_03                    0.951555    1786176       1810741  1.014           7367            1.998        100.0
small_04                    0.964841    1810978       1808885  0.999           7351            2.009        100.0
small_random_00             1.105862    2078472       2145048  1.032          10745            2.676        100.0
small_random_01             1.012838    1902287       2018129  1.061           9612            2.489        100.0
small_random_02             1.045783    1962575       2044457  1.042           9966            2.542        100.0
small_random_03             1.067476    2005432       2184579  1.089          11048            2.733        100.0
small_random_04             1.012568    1901802       1935889  1.018           8482            2.229        100.0
