2026-10-01 lenovo / Intel(R) Core(TM) i5-10210U CPU @ 1.60GHz
Two complete passes; per binary/case minimum task-clock; all counters from that same run.
Cases: 25, including examples. Units: ms. No CPU pinning.
Compiler: g++ (GCC) 16.2.1 20260819 (Red Hat 16.2.1-2); rustc 1.98.1 (48a229cea 2026-09-01)
Build host: master; glibc 2.43
Environment: Linux 7.2.8-200.fc44.x86_64; affinity [0, 1, 2, 3]; stack 268435456 bytes; bench_env OK.
cxx_flags.txt: -std=c++23 -DEVAL -DONLINE_JUDGE -Iinclude -O3 -fwhole-program -fno-exceptions -fno-rtti -march=x86-64-v3 -fno-pie -no-pie -nostdlib++ -static -lm -s
cpp_flags.txt: -std=c++23 -DEVAL -DONLINE_JUDGE -Iac-library -include cassert -O3 -fwhole-program -fno-exceptions -fno-rtti -march=x86-64-v3 -fno-pie -no-pie -static -lgmp -s
rust_flags.txt: -C opt-level=3 -C codegen-units=1 -C lto=fat -C panic=abort -C target-cpu=x86-64-v3 -C target-feature=+crt-static -C relocation-model=static -C link-arg=-Wl,-u,__cxa_thread_atexit_impl -C strip=symbols

solution                                max (ms)       sum (ms)
Rohan_Kapri                             1651.536484   13230.235538
Taiki0715                               4815.200420   34338.772468
isaunoya                                7143.246321   64031.392220
mackerel38                              6844.824507   59096.985810
nandhagk                                1650.933074   13232.718251
main                                    1505.266126   12702.406576

submissions/data_structure/dynamic_point_set_rectangle_affine_rectangle_sum/Rohan_Kapri.cpp
SHA-256: 7373b700b7b6a81e0dfdd24f3e08cabd796391e1e458dbcee301e4e00e63b907
case                          task-clock (ms)      cycles  instructions    IPC  branch-misses  branch-miss (%)  running (%)
max (many_affine_queries_00)      1651.536484           -             -      -              -                -            -
sum                              13230.235538           -             -      -              -                -            -
example_00                           0.901469     1423931       1898471  1.333           6134            1.440        100.0
issue_1298_00                      200.121461   319401226     680422694  2.130        3196351            4.454        100.0
issue_1298_01                      202.044918   322476021     663956895  2.059        3194708            4.616        100.0
many_affine_queries_00            1651.536484  2636060856    5502517968  2.087       23365083            5.741        100.0
many_points_00                     414.420289   661447129    1105013266  1.671        6985316            6.668        100.0
many_random_queries_00            1389.333919  2217531415    4411571742  1.989       22188377            6.127        100.0
many_sum_queries_00               1092.838502  1744269070    3308483732  1.897       19294442            6.090        100.0
many_updates_00                    284.721744   454432579     808180419  1.778        4541152            6.233        100.0
max_random_00                      872.598870  1392773222    2678413157  1.923       14630120            6.684        100.0
max_random_01                      875.910117  1398054651    2692124905  1.926       14635911            6.671        100.0
power_of_2_00                      605.374967   966221302    1851335622  1.916       10306085            6.416        100.0
power_of_2_01                      610.222981   973972878    1862630411  1.912       10404026            6.438        100.0
power_of_2_minus_1_00              635.704965  1014666018    2009231475  1.980       10630797            6.431        100.0
power_of_2_minus_1_01              636.718741  1016283115    2015560743  1.983       10719418            6.462        100.0
random_00                          405.806654   647691108    1226910586  1.894        6732104            6.109        100.0
random_01                          175.842557   280641056     519707288  1.852        3058502            6.159        100.0
random_02                          493.598299   787820891    1503819012  1.909        8162797            6.090        100.0
small_00                             1.224455     1937978       2802490  1.446          14581            2.739        100.0
small_01                             0.969948     1532213       2285631  1.492           9551            2.007        100.0
small_02                             1.017607     1608662       2296329  1.427           9724            2.037        100.0
small_03                             0.999489     1580310       2218578  1.404           9672            2.088        100.0
small_04                             1.434776     2275161       3650173  1.604          19984            3.246        100.0
xy_concentrate_00                  887.657181  1416771655    2687633707  1.897       15091343            6.773        100.0
xy_concentrate_01                  893.411340  1425957658    2705986894  1.898       15166102            6.779        100.0
xy_concentrate_02                  895.823805  1429829181    2711195420  1.896       15214822            6.796        100.0

submissions/data_structure/dynamic_point_set_rectangle_affine_rectangle_sum/Taiki0715.cpp
SHA-256: 7e3928805cd84759c7eff761cea88ec15e931971b5b05dc951a15d8d7ca7967b
case                    task-clock (ms)      cycles  instructions    IPC  branch-misses  branch-miss (%)  running (%)
max (issue_1298_00)         4815.200420           -             -      -              -                -            -
sum                        34338.772468           -             -      -              -                -            -
example_00                     0.867482     1369721       1927934  1.408           5812            1.327        100.0
issue_1298_00               4815.200420  7685550914   15790496195  2.055       72877881            6.907        100.0
issue_1298_01               4090.399623  6528704323   12363221861  1.894       79921134            9.662        100.0
many_affine_queries_00      2930.289072  4676938112    8266132684  1.767       59665347           10.087        100.0
many_points_00               890.173366  1420642689    1745673623  1.229       21320180           10.905        100.0
many_random_queries_00      2762.659909  4409421215    6528537538  1.481       62287805           10.566        100.0
many_sum_queries_00         2201.197943  3513240232    3991517457  1.136       58994064           10.035        100.0
many_updates_00              565.653033   902813715    1185399439  1.313       14651705           11.124        100.0
max_random_00               1744.322286  2784019552    3908241977  1.404       43218660           11.697        100.0
max_random_01               1753.770045  2799146003    3932147691  1.405       43273747           11.665        100.0
power_of_2_00               1175.945236  1876908739    2797768750  1.491       25684890            9.734        100.0
power_of_2_01               1181.219976  1885321475    2818237303  1.495       25824581            9.720        100.0
power_of_2_minus_1_00       1391.034598  2220244927    3015239812  1.358       36135847           12.444        100.0
power_of_2_minus_1_01       1396.231382  2228528345    3026552963  1.358       36266604           12.430        100.0
random_00                    802.766929  1281305060    1900881528  1.484       17866629            9.689        100.0
random_01                    377.771123   602936259     824650528  1.368        9165587            9.987        100.0
random_02                    946.672456  1510899670    2284251817  1.512       19538296            9.039        100.0
small_00                       2.062724     3277281       3895895  1.189          47679            5.970        100.0
small_01                       1.340698     2124702       2715500  1.278          22170            3.905        100.0
small_02                       1.376962     2183084       2751970  1.261          22811            3.916        100.0
small_03                       1.374264     2178543       2709086  1.244          22256            3.919        100.0
small_04                       2.742243     4361841       5230991  1.199          71071            7.165        100.0
xy_concentrate_00           1753.492279  2798670056    3903576054  1.395       44109030           11.859        100.0
xy_concentrate_01           1771.163592  2826885378    3943463510  1.395       44548007           11.874        100.0
xy_concentrate_02           1779.044827  2839428979    3954453364  1.393       44561388           11.874        100.0

submissions/data_structure/dynamic_point_set_rectangle_affine_rectangle_sum/isaunoya.cpp
SHA-256: dfaf6898fc1f0f8d6925ff84a57ee35985d6116606b016599f361f81168eb852
case                    task-clock (ms)       cycles  instructions    IPC  branch-misses  branch-miss (%)  running (%)
max (issue_1298_00)         7143.246321            -             -      -              -                -            -
sum                        64031.392220            -             -      -              -                -            -
example_00                     1.032936      1633356       2417110  1.480           6802            1.225        100.0
issue_1298_00               7143.246321  11401368839   25127612917  2.204       71136235            3.489        100.0
issue_1298_01               4252.428752   6787365240   14738276764  2.171       44394678            3.810        100.0
many_affine_queries_00      6342.815969  10123624709   18754247015  1.853       98806588            6.483        100.0
many_points_00              1557.866065   2486435838    3878139433  1.560       23073265            5.599        100.0
many_random_queries_00      6013.372743   9597790937   16497700817  1.719       98219616            6.595        100.0
many_sum_queries_00         4858.814173   7755023082   12308920540  1.587       76252468            5.501        100.0
many_updates_00             1071.317928   1709890527    2935799200  1.717       17527753            5.548        100.0
max_random_00               3851.236321   6146868618   10376231427  1.688       63571497            6.609        100.0
max_random_01               3878.176202   6189771705   10443992086  1.687       63875284            6.605        100.0
power_of_2_00               2264.903906   3614962656    6422898995  1.777       38433356            6.367        100.0
power_of_2_01               2286.729076   3649747015    6472671104  1.773       38720038            6.368        100.0
power_of_2_minus_1_00       2700.748191   4310609931    8249052495  1.914       50025971            6.539        100.0
power_of_2_minus_1_01       2705.450338   4318126317    8285053466  1.919       50221568            6.534        100.0
random_00                   1381.352630   2204736182    4184574116  1.898       26337544            6.529        100.0
random_01                    600.459894    958337372    1759460152  1.836       10649052            5.679        100.0
random_02                   1606.520165   2564111876    4793366328  1.869       29516063            6.444        100.0
small_00                       2.407810      3827809       7345601  1.919          33308            2.406        100.0
small_01                       1.575842      2499664       4499426  1.800          17860            1.951        100.0
small_02                       1.692986      2686945       4909746  1.827          18513            1.871        100.0
small_03                       1.585732      2515643       4504154  1.790          17147            1.845        100.0
small_04                       3.498595      5569217      11204166  2.012          54793            2.862        100.0
xy_concentrate_00           3812.760461   6085309523   10255981846  1.685       63155415            6.629        100.0
xy_concentrate_01           3843.808794   6135001388   10366318348  1.690       63839789            6.638        100.0
xy_concentrate_02           3847.590390   6140964743   10379420371  1.690       63869936            6.641        100.0

submissions/data_structure/dynamic_point_set_rectangle_affine_rectangle_sum/mackerel38.cpp
SHA-256: 2650f7c43080ac4f16a6825e2085b652ba0c159410994e94c83e5896e1fac24b
case                          task-clock (ms)       cycles  instructions    IPC  branch-misses  branch-miss (%)  running (%)
max (many_affine_queries_00)      6844.824507            -             -      -              -                -            -
sum                              59096.985810            -             -      -              -                -            -
example_00                           1.029871      1628450       2505885  1.539           6984            1.199        100.0
issue_1298_00                      385.359282    615036270    1523497162  2.477        3726534            1.130        100.0
issue_1298_01                      384.528585    613717263    1523846774  2.483        3805694            1.153        100.0
many_affine_queries_00            6844.824507  10924841187   19555732988  1.790       63623804            2.928        100.0
many_points_00                    1735.401030   2769759332    4035412444  1.457       19721629            3.636        100.0
many_random_queries_00            6550.993210  10455642805   16891268700  1.616       68011629            3.436        100.0
many_sum_queries_00               5535.268130   8834618130   11970679502  1.355       68427336            3.948        100.0
many_updates_00                   1211.236175   1933247055    3119052086  1.613       13367757            3.178        100.0
max_random_00                     4327.280228   6906480748   10608932621  1.536       45321218            3.554        100.0
max_random_01                     4341.944414   6930019211   10677058364  1.541       45496775            3.549        100.0
power_of_2_00                     2461.166616   3928182220    6537005238  1.664       28867522            3.615        100.0
power_of_2_01                     2474.274041   3949147414    6586417638  1.668       29076836            3.616        100.0
power_of_2_minus_1_00             3028.705762   4834070099    8459699615  1.750       34743051            3.420        100.0
power_of_2_minus_1_01             3065.664577   4892865727    8496588883  1.737       34854723            3.417        100.0
random_00                         1394.180179   2225250258    4102117876  1.843       20771905            3.932        100.0
random_01                          672.175273   1072837536    1844650870  1.719        8752148            3.602        100.0
random_02                         1778.251460   2838209740    4885286111  1.721       21931144            3.617        100.0
small_00                             2.652430      4217818       7815216  1.853          38078            2.455        100.0
small_01                             1.819531      2888509       5126895  1.775          20432            1.833        100.0
small_02                             1.805671      2867372       5165273  1.801          22049            1.970        100.0
small_03                             1.791304      2844158       5096186  1.792          21326            1.934        100.0
small_04                             3.714572      5913508      11653074  1.971          56929            2.560        100.0
xy_concentrate_00                 4265.953664   6808725711   10482251065  1.540       44613465            3.535        100.0
xy_concentrate_01                 4316.016201   6888699892   10591599122  1.538       45063551            3.541        100.0
xy_concentrate_02                 4310.949097   6880408048   10607737117  1.542       45093436            3.540        100.0

submissions/data_structure/dynamic_point_set_rectangle_affine_rectangle_sum/nandhagk.cpp
SHA-256: ef8e1a3080d3b2cbeb3a8c1d658f88149dad5ed42eace31a77cf07129097c977
case                          task-clock (ms)      cycles  instructions    IPC  branch-misses  branch-miss (%)  running (%)
max (many_affine_queries_00)      1650.933074           -             -      -              -                -            -
sum                              13232.718251           -             -      -              -                -            -
example_00                           0.881999     1391571       1889153  1.358           6341            1.501        100.0
issue_1298_00                      198.683208   317103439     680421166  2.146        3192547            4.449        100.0
issue_1298_01                      200.353590   319779498     664030780  2.077        3190246            4.608        100.0
many_affine_queries_00            1650.933074  2635092158    5502467052  2.088       23371405            5.742        100.0
many_points_00                     412.729339   658740035    1104605501  1.677        6980207            6.670        100.0
many_random_queries_00            1389.270020  2217434610    4411695710  1.990       22177999            6.123        100.0
many_sum_queries_00               1091.944582  1742865097    3308591785  1.898       19293983            6.090        100.0
many_updates_00                    280.317225   447393023     808292027  1.807        4543813            6.234        100.0
max_random_00                      872.921211  1393307876    2678157510  1.922       14629145            6.685        100.0
max_random_01                      876.252747  1398604423    2692383749  1.925       14635876            6.669        100.0
power_of_2_00                      606.191438   967534534    1851403490  1.914       10311566            6.419        100.0
power_of_2_01                      609.787115   973282649    1862598808  1.914       10399271            6.435        100.0
power_of_2_minus_1_00              635.470799  1014291601    2009214735  1.981       10623721            6.427        100.0
power_of_2_minus_1_01              637.783897  1017993002    2015600788  1.980       10720546            6.462        100.0
random_00                          402.628461   642605813    1227167791  1.910        6736967            6.111        100.0
random_01                          175.784655   280551778     519768704  1.853        3058702            6.157        100.0
random_02                          492.884476   786702629    1503796205  1.912        8167285            6.094        100.0
small_00                             1.172111     1854718       2821150  1.521          14501            2.684        100.0
small_01                             1.016674     1607342       2286520  1.423           9499            1.996        100.0
small_02                             1.029049     1627562       2315546  1.423           9896            2.058        100.0
small_03                             1.006583     1591520       2254710  1.417           9686            2.041        100.0
small_04                             1.456304     2309508       3678766  1.593          19849            3.160        100.0
xy_concentrate_00                  887.345458  1416283878    2687588294  1.898       15096566            6.776        100.0
xy_concentrate_01                  910.217540  1452811218    2706249391  1.863       15156936            6.773        100.0
xy_concentrate_02                  894.656696  1427960590    2710891029  1.898       15212998            6.797        100.0

src/data_structure/dynamic_point_set_rectangle_affine_rectangle_sum/main.cxx
SHA-256: 622588fd8dcd0de97051bb6f23696ef1b6df4272efaf899e3e0b95b8bf669e12
case                          task-clock (ms)      cycles  instructions    IPC  branch-misses  branch-miss (%)  running (%)
max (many_affine_queries_00)      1505.266126           -             -      -              -                -            -
sum                              12702.406576           -             -      -              -                -            -
example_00                           0.827033     1304821       1728027  1.324           5483            1.431        100.0
issue_1298_00                      178.639283   285109746     525548034  1.843        2797726            5.689        100.0
issue_1298_01                      176.558419   281784436     525094542  1.863        2782866            5.660        100.0
many_affine_queries_00            1505.266126  2402578193    4666240567  1.942       14933112            5.250        100.0
many_points_00                     356.316332   568706763     881518991  1.550        5557317            7.134        100.0
many_random_queries_00            1356.412593  2165005020    3853520848  1.780       14494947            5.131        100.0
many_sum_queries_00               1174.481396  1874622591    3029185221  1.616       12733457            4.543        100.0
many_updates_00                    257.708873   411297317     665465877  1.618        3382195            6.111        100.0
max_random_00                      878.983794  1402922923    2394582875  1.707        9148620            5.302        100.0
max_random_01                      852.294086  1360375268    2408841065  1.771        9099029            5.256        100.0
power_of_2_00                      565.312900   902294722    1563530962  1.733        6863514            5.603        100.0
power_of_2_01                      585.418382   934367170    1574373346  1.685        6914663            5.606        100.0
power_of_2_minus_1_00              636.820076  1016432454    1812541396  1.783        6682518            5.139        100.0
power_of_2_minus_1_01              637.366059  1017285853    1817805151  1.787        6688616            5.121        100.0
random_00                          368.437206   588062995    1003992640  1.707        4677509            5.586        100.0
random_01                          159.782761   255016394     409268986  1.605        2469862            6.869        100.0
random_02                          450.839736   719582608    1220827300  1.697        5861775            5.819        100.0
small_00                             1.076306     1702519       2446202  1.437          10936            2.399        100.0
small_01                             0.934296     1475314       2045504  1.386           7574            1.810        100.0
small_02                             0.936111     1478808       2058008  1.392           7270            1.754        100.0
small_03                             0.920318     1454012       2016242  1.387           7304            1.781        100.0
small_04                             1.285225     2036613       3204081  1.573          13060            2.531        100.0
xy_concentrate_00                  847.322387  1352418452    2390277538  1.767        9100510            5.254        100.0
xy_concentrate_01                  853.609765  1362469584    2415792908  1.773        9204642            5.260        100.0
xy_concentrate_02                  854.857113  1364432698    2417750564  1.772        9214158            5.269        100.0
