case                 task-clock (ms)     cycles  instructions    IPC  branch-misses  branch-miss (%)  running (%)
max (max_random_01)        70.897541          -             -      -              -                -            -
sum                       751.789417          -             -      -              -                -            -
example_00                  0.834755    1563472       1563311  1.000           5175            1.542        100.0
max_all_zero_00             7.562324   14317441      25721894  1.797           8541            0.186        100.0
max_random_00              70.805521  134062871     284298223  2.121          80947            0.597        100.0
max_random_01              70.897541  134225125     284337401  2.118          81924            0.603        100.0
max_random_02              70.723199  133904982     284279257  2.123          81476            0.600        100.0
max_random_03              70.683931  133816109     284274012  2.124          81250            0.599        100.0
max_random_04              70.809920  134000180     284281240  2.121          81607            0.602        100.0
near_262144_00             34.787324   65925106     139498647  2.116          46587            0.660        100.0
near_262144_01             34.807887   65963484     139448300  2.114          47003            0.668        100.0
near_262144_02             34.838676   66002683     139483998  2.113          47660            0.676        100.0
random_00                  67.134023  127110787     272348024  2.143          69249            0.556        100.0
random_01                  69.472634  131556740     280435301  2.132          76672            0.580        100.0
random_02                   8.778447   16622012      32751951  1.970          16857            0.867        100.0
random_03                  68.200589  129127232     276562837  2.142          73160            0.570        100.0
random_04                  62.842117  118988965     259935465  2.185          54993            0.490        100.0
small_degree_00             0.845500    1584604       1587546  1.002           5451            1.586        100.0
small_degree_01             0.882951    1655555       1621113  0.979           5422            1.532        100.0
small_degree_02             0.851872    1596965       1600658  1.002           5401            1.559        100.0
small_degree_03             0.858751    1609853       1580705  0.982           5399            1.592        100.0
small_degree_04             0.842681    1579460       1595945  1.010           5216            1.510        100.0
small_degree_05             0.833610    1561807       1581796  1.013           5319            1.568        100.0
small_degree_06             0.866149    1623845       1603990  0.988           5502            1.585        100.0
small_degree_07             0.895053    1677660       1624852  0.969           5530            1.559        100.0
small_degree_08             0.860465    1613185       1602682  0.993           5316            1.535        100.0
small_degree_09             0.873497    1637909       1627000  0.993           5526            1.557        100.0
