2026-10-01 lenovo / Intel(R) Core(TM) i5-10210U CPU @ 1.60GHz
Two complete passes; per binary/case minimum task-clock; all counters from that same run.
Cases: 67, including examples. Units: ms. No CPU pinning.
Compiler: g++ (GCC) 16.2.1 20260819 (Red Hat 16.2.1-2); rustc 1.98.1 (48a229cea 2026-09-01)
Build host: master; glibc 2.43
Environment: Linux 7.2.8-200.fc44.x86_64; affinity [0, 1, 2, 3]; stack 268435456 bytes; bench_env OK.
cxx_flags.txt: -std=c++23 -DEVAL -DONLINE_JUDGE -Iinclude -O3 -fwhole-program -fno-exceptions -fno-rtti -march=x86-64-v3 -fno-pie -no-pie -nostdlib++ -static -lm -s
cpp_flags.txt: -std=c++23 -DEVAL -DONLINE_JUDGE -Iac-library -include cassert -O3 -fwhole-program -fno-exceptions -fno-rtti -march=x86-64-v3 -fno-pie -no-pie -static -lgmp -s
rust_flags.txt: -C opt-level=3 -C codegen-units=1 -C lto=fat -C panic=abort -C target-cpu=x86-64-v3 -C target-feature=+crt-static -C relocation-model=static -C link-arg=-Wl,-u,__cxa_thread_atexit_impl -C strip=symbols

solution                                max (ms)       sum (ms)
Rohan_Kapri                              564.359956    3512.913332
TKO919                                  9197.788472   56499.539195
anon123                                  376.743962    2936.727062
hushuqi                                 4411.410980   26587.509962
isaunoya                                3562.897208   24263.629627
main                                      28.768883     261.372601

submissions/polynomial/factorization_of_polynomials/Rohan_Kapri.cpp
SHA-256: 8110548ee664d3f1f8ce055973a496cde7b63c3d21de4976e21d47466e700456
case                                task-clock (ms)     cycles  instructions    IPC  branch-misses  branch-miss (%)  running (%)
max (irreducible_2_04)                   564.359956          -             -      -              -                -            -
sum                                     3512.913332          -             -      -              -                -            -
example_00                                 1.140894    1805430       2811673  1.557           7223            1.221        100.0
example_01                                 1.150153    1819584       2832732  1.557           7493            1.261        100.0
example_02                                 1.152602    1824443       2838356  1.556           7722            1.298        100.0
example_03                                 1.174188    1858519       2880280  1.550           7760            1.272        100.0
all_linear_00                              1.246996    1975767       3062782  1.550           8723            1.359        100.0
all_linear_01                              1.305630    2069297       3256937  1.574           9527            1.442        100.0
all_linear_02                              1.309017    2073188       3315419  1.599           8899            1.339        100.0
all_linear_03                              1.262420    2000589       3179756  1.589           8596            1.291        100.0
all_linear_04                              1.187839    1880836       2989894  1.590           8211            1.317        100.0
constant_00                                1.136691    1798355       2807032  1.561           7234            1.229        100.0
irreducible_1_00                           2.163123    3437396       7969042  2.318          13292            1.146        100.0
irreducible_1_01                         171.566640  273833150    1004994490  3.670         525424            0.518        100.0
irreducible_1_02                         171.541807  273792364    1004996890  3.671         524432            0.517        100.0
irreducible_1_03                           2.183813    3471099       7972254  2.297          13340            1.148        100.0
irreducible_1_04                         171.550888  273799188    1004991019  3.671         525570            0.518        100.0
irreducible_2_00                         169.281641  270177269     987860607  3.656         518635            0.520        100.0
irreducible_2_01                         376.555183  601038192    2203274260  3.666        1133412            0.511        100.0
irreducible_2_02                         376.486943  600935769    2203219241  3.666        1132186            0.510        100.0
irreducible_2_03                         203.045879  324082869    1186965147  3.663         619906            0.518        100.0
irreducible_2_04                         564.359956  900794293    3309020590  3.673        1694895            0.509        100.0
irreducible_3_00                          67.699236  108051428     386723007  3.579         259657            0.661        100.0
irreducible_3_01                         324.181915  517421198    1881141816  3.636        1156488            0.609        100.0
irreducible_3_02                         324.164709  517413852    1881138401  3.636        1156381            0.609        100.0
irreducible_3_03                          87.560265  139754703     503820915  3.605         322326            0.631        100.0
irreducible_3_04                         324.202390  517463834    1881144501  3.635        1156959            0.610        100.0
large_p2_00                                2.488802    3957577       9136198  2.309          18176            1.456        100.0
large_p2_01                                2.886597    4591926      11279817  2.456          20861            1.420        100.0
large_p2_02                                2.664785    4237941      10336996  2.439          19644            1.434        100.0
multiplicity_multiple_of_p_00              1.126354    1782324       2842819  1.595           7485            1.250        100.0
multiplicity_multiple_of_p_01              1.194709    1891574       2934506  1.551           7789            1.249        100.0
multiplicity_multiple_of_p_02              1.178061    1864789       2927222  1.570           7702            1.241        100.0
multiplicity_multiple_of_p_03              1.186419    1879005       2939149  1.564           7762            1.246        100.0
multiplicity_multiple_of_p_04              1.188389    1880383       2911341  1.548           7857            1.285        100.0
random_coeff_00                            1.758128    2791610       5472001  1.960          13539            1.530        100.0
random_coeff_01                            1.419132    2250149       3874228  1.722          10480            1.468        100.0
random_coeff_02                            1.235500    1957050       3121352  1.595           8169            1.284        100.0
random_coeff_03                            2.681431    4264871      10390652  2.436          20038            1.447        100.0
random_coeff_04                            1.653765    2624618       5192423  1.978          12606            1.481        100.0
same_degree_00                             5.859309    9337956      26603672  2.849          60583            1.968        100.0
same_degree_01                            10.267336   16374134      52719407  3.220          61917            1.090        100.0
same_degree_02                            20.785671   33164095     110493241  3.332         130770            1.130        100.0
same_degree_03                            13.705336   21861772      70961219  3.246          70391            0.912        100.0
same_degree_04                             4.800636    7648294      21999340  2.876          28897            1.105        100.0
small_factors_00                           1.281907    2030267       3267333  1.609           8437            1.282        100.0
small_factors_01                           1.655787    2627923       4718910  1.796          10588            1.232        100.0
small_factors_02                           1.727458    2741601       5218986  1.904           9615            1.048        100.0
small_factors_03                           1.256319    1989784       3166943  1.592           7862            1.213        100.0
small_factors_04                           1.298809    2058102       3254470  1.581           8251            1.239        100.0
small_factors_05                           1.783225    2831802       5205416  1.838          11289            1.232        100.0
small_factors_06                           1.550845    2460467       4316414  1.754          10491            1.311        100.0
small_factors_07                           1.535401    2435581       4230917  1.737           9671            1.208        100.0
square_free_00                             3.666242    5837270      15468226  2.650          25345            1.311        100.0
square_free_01                             1.322033    2095634       3577503  1.707           9667            1.415        100.0
square_free_02                             1.187211    1879555       2982545  1.587           7922            1.281        100.0
square_free_03                            14.986785   23906984      77796353  3.254          80709            0.966        100.0
square_free_04                             1.972883    3134571       6662698  2.126          14998            1.479        100.0
square_free_consecutive_degrees_00        16.005541   25534295      86837391  3.401          68151            0.750        100.0
square_free_consecutive_degrees_01         4.937473    7866041      23606156  3.001          24699            0.916        100.0
square_free_consecutive_degrees_02         4.938114    7867610      23592924  2.999          24718            0.917        100.0
square_free_sparse_degrees_00             11.032617   17595894      56712648  3.223          63826            1.052        100.0
square_free_sparse_degrees_01              3.782105    6022540      16622783  2.760          23510            1.171        100.0
square_free_sparse_degrees_02              3.788822    6032935      16625754  2.756          23683            1.180        100.0
zero_derivative_00                         1.319703    2091488       3479813  1.664           9912            1.452        100.0
zero_derivative_01                         1.268387    2009450       3212408  1.599           9137            1.427        100.0
zero_derivative_02                         1.184332    1875492       2907442  1.550           7795            1.268        100.0
zero_derivative_03                         1.543285    2448371       4383480  1.790          11872            1.534        100.0
zero_derivative_04                         1.196870    1895246       3003545  1.585           8219            1.313        100.0

submissions/polynomial/factorization_of_polynomials/TKO919.cpp
SHA-256: 8eae4ada84f3a6fe2bf4fc38f9de26f998374c27ec573645bda40ddea32d2b10
case                                task-clock (ms)       cycles  instructions    IPC  branch-misses  branch-miss (%)  running (%)
max (irreducible_2_01)                  9197.788472            -             -      -              -                -            -
sum                                    56499.539195            -             -      -              -                -            -
example_00                                 1.116765      1766828       2797445  1.583           7199            1.226        100.0
example_01                                 1.322522      2095450       2995479  1.430           8684            1.375        100.0
example_02                                 1.403033      2224600       3352005  1.507           9968            1.408        100.0
example_03                                 1.233032      1953132       3091914  1.583           9118            1.398        100.0
all_linear_00                              2.527504      4018784       5479571  1.363          15562            1.374        100.0
all_linear_01                              6.613410     10541341      14034093  1.331          26716            0.931        100.0
all_linear_02                              6.550633     10441640      12766778  1.223          21538            0.845        100.0
all_linear_03                             19.565015     31216605      32890948  1.054          30390            0.994        100.0
all_linear_04                              3.329774      5299751       5628368  1.062          14915            1.446        100.0
constant_00                                1.125052      1780848       2801804  1.573           7235            1.231        100.0
irreducible_1_00                          77.063493    122987585     140672534  1.144          72191            0.691        100.0
irreducible_1_01                        1773.437543   2830678088    4143695267  1.464        1234836            0.519        100.0
irreducible_1_02                        1774.524611   2832375798    4144118199  1.463        1245424            0.523        100.0
irreducible_1_03                          77.025946    122938599     140663925  1.144          72004            0.689        100.0
irreducible_1_04                        1773.446876   2830654539    4143927052  1.464        1240796            0.521        100.0
irreducible_2_00                        1215.608679   1940282397    2660183693  1.371        1225139            0.659        100.0
irreducible_2_01                        9197.788472  14681199426   21760006906  1.482        6326446            0.499        100.0
irreducible_2_02                        9197.517485  14680740441   21756878665  1.482        6343116            0.501        100.0
irreducible_2_03                        3078.678851   4914049441    7106061557  1.446        2455894            0.558        100.0
irreducible_2_04                        5633.915448   8992631744   13229413406  1.471        4085122            0.522        100.0
irreducible_3_00                         975.065630   1556334942    2112606114  1.357         952496            0.650        100.0
irreducible_3_01                        7029.201213  11219758418   16293362195  1.452        4882363            0.505        100.0
irreducible_3_02                        4765.640318   7606693473   10855351520  1.427        3428731            0.520        100.0
irreducible_3_03                         973.731815   1554188757    2110956714  1.358         954316            0.652        100.0
irreducible_3_04                        4764.313839   7604620073   10854694676  1.427        3414844            0.518        100.0
large_p2_00                              116.349158    185710688     177128740  0.954         230779            1.239        100.0
large_p2_01                              151.186854    241321679     266811123  1.106         305369            1.200        100.0
large_p2_02                              137.543330    219510673     244339640  1.113         281551            1.214        100.0
multiplicity_multiple_of_p_00              1.219934      1931661       3008268  1.557           8283            1.296        100.0
multiplicity_multiple_of_p_01              1.446251      2293432       3490717  1.522          10472            1.408        100.0
multiplicity_multiple_of_p_02              1.320554      2092523       3228297  1.543           9291            1.348        100.0
multiplicity_multiple_of_p_03              2.108617      3348806       4492858  1.342          13489            1.453        100.0
multiplicity_multiple_of_p_04              1.253628      1986017       3155184  1.589           9074            1.355        100.0
random_coeff_00                           29.649624     47292972      38178990  0.807          71296            1.226        100.0
random_coeff_01                           11.981102     19110325      15775023  0.825          31640            1.172        100.0
random_coeff_02                            3.175528      5053207       6308781  1.248          15183            1.199        100.0
random_coeff_03                          142.594907    227585142     263928948  1.160         299614            1.206        100.0
random_coeff_04                           30.078134     47985029      39392078  0.821          69515            1.206        100.0
same_degree_00                           161.027668    257010786     142525319  0.555         144322            0.789        100.0
same_degree_01                           408.279907    651663051     702164983  1.077         396512            0.747        100.0
same_degree_02                           592.921435    946364888     874249541  0.924         529228            0.752        100.0
same_degree_03                           437.226469    697849661     685001379  0.982         371143            0.529        100.0
same_degree_04                           164.228029    262090087     272259887  1.039         202291            0.695        100.0
small_factors_00                           4.250069      6769111      10295215  1.521          16124            0.743        100.0
small_factors_01                          14.758673     23542918      30521720  1.296          30014            0.488        100.0
small_factors_02                          14.332745     22863435      27022187  1.182          25767            0.486        100.0
small_factors_03                           3.803402      6055392       9471594  1.564          12061            0.603        100.0
small_factors_04                           4.115192      6553645      10497478  1.602          14577            0.652        100.0
small_factors_05                          19.388034     30933013      38913218  1.258          34970            0.449        100.0
small_factors_06                          13.112402     20915987      26776333  1.280          31014            0.575        100.0
small_factors_07                          11.323624     18058752      25337812  1.403          26252            0.503        100.0
square_free_00                            84.159000    134294653      96902018  0.722         100479            0.790        100.0
square_free_01                             8.945100     14263378      12539466  0.879          26454            1.192        100.0
square_free_02                             2.618518      4164186       5308948  1.275          14276            1.330        100.0
square_free_03                           504.541774    805321787     636208506  0.790         419512            0.611        100.0
square_free_04                            50.054465     79865668      62111668  0.778          74494            0.799        100.0
square_free_consecutive_degrees_00       259.669802    414461498     515740493  1.244         265498            0.720        100.0
square_free_consecutive_degrees_01        98.756674    157628658     183907354  1.167         155868            0.923        100.0
square_free_consecutive_degrees_02        98.724475    157564828     183693394  1.166         156960            0.932        100.0
square_free_sparse_degrees_00            284.969158    454845106     290035363  0.638         230247            0.800        100.0
square_free_sparse_degrees_01            100.365443    160195891     113488339  0.708         132666            0.954        100.0
square_free_sparse_degrees_02            100.479589    160377221     113716132  0.709         133272            0.955        100.0
zero_derivative_00                        18.446878     29431458      24379123  0.828          51642            1.451        100.0
zero_derivative_01                         8.621290     13745915      12774358  0.929          30852            1.329        100.0
zero_derivative_02                         1.460686      2315547       3483477  1.504          10537            1.436        100.0
zero_derivative_03                        41.835888     66766671      51078135  0.765          94598            1.353        100.0
zero_derivative_04                         5.468226      8712918       8565876  0.983          23342            1.462        100.0

submissions/polynomial/factorization_of_polynomials/anon123.cpp
SHA-256: 335a64be774f306df38f7f78e074d8d3d60c54972019759ed57da8c4ce81ec52
case                                task-clock (ms)     cycles  instructions    IPC  branch-misses  branch-miss (%)  running (%)
max (irreducible_2_02)                   376.743962          -             -      -              -                -            -
sum                                     2936.727062          -             -      -              -                -            -
example_00                                 1.145516    1812777       2850885  1.573           7425            1.230        100.0
example_01                                 1.144382    1812283       2837827  1.566           7698            1.293        100.0
example_02                                 1.142982    1808701       2843375  1.572           7719            1.295        100.0
example_03                                 1.185669    1877716       2888404  1.538           7928            1.296        100.0
all_linear_00                              1.236758    1959007       3057967  1.561           8661            1.350        100.0
all_linear_01                              1.281835    2030022       3246173  1.599           9467            1.437        100.0
all_linear_02                              1.287820    2040441       3299833  1.617           8761            1.322        100.0
all_linear_03                              1.268150    2008936       3166116  1.576           8726            1.325        100.0
all_linear_04                              1.185122    1876471       2999346  1.598           8292            1.327        100.0
constant_00                                1.141865    1807115       2806909  1.553           7237            1.229        100.0
irreducible_1_00                           2.156175    3426067       7976111  2.328          13410            1.155        100.0
irreducible_1_01                         171.645226  273965865    1004991243  3.668         526089            0.519        100.0
irreducible_1_02                         171.610528  273903305    1004997740  3.669         525617            0.518        100.0
irreducible_1_03                           2.182555    3469316       7982025  2.301          13271            1.138        100.0
irreducible_1_04                         171.637852  273947176    1004997220  3.669         525896            0.518        100.0
irreducible_2_00                          67.857878  108284652     390425423  3.606         215238            0.543        100.0
irreducible_2_01                         376.627315  601158218    2203288450  3.665        1134590            0.511        100.0
irreducible_2_02                         376.743962  601315448    2203332747  3.664        1134721            0.511        100.0
irreducible_2_03                          67.845216  108263555     390373961  3.606         215037            0.543        100.0
irreducible_2_04                         376.661947  601187587    2203261785  3.665        1133709            0.511        100.0
irreducible_3_00                          49.515371   79024634     282343917  3.573         176827            0.615        100.0
irreducible_3_01                         273.660342  436802586    1590349610  3.641         929379            0.579        100.0
irreducible_3_02                         324.426933  517804978    1881222027  3.633        1158902            0.611        100.0
irreducible_3_03                          58.586832   93505736     334465986  3.577         218398            0.642        100.0
irreducible_3_04                         273.694059  436849130    1590418250  3.641         929911            0.580        100.0
large_p2_00                                2.495865    3968197       9146696  2.305          18419            1.473        100.0
large_p2_01                                2.903552    4619839      11329343  2.452          21095            1.420        100.0
large_p2_02                                2.699489    4293086      10386601  2.419          20104            1.451        100.0
multiplicity_multiple_of_p_00              1.170986    1853260       2827765  1.526           7488            1.266        100.0
multiplicity_multiple_of_p_01              1.210635    1917582       2926158  1.526           7886            1.272        100.0
multiplicity_multiple_of_p_02              1.216277    1925477       2945604  1.530           7880            1.259        100.0
multiplicity_multiple_of_p_03              1.187671    1880343       2928541  1.557           8000            1.298        100.0
multiplicity_multiple_of_p_04              1.197313    1896167       2953624  1.558           7779            1.238        100.0
random_coeff_00                            1.755969    2787426       5477540  1.965          13388            1.508        100.0
random_coeff_01                            1.406106    2229381       3876653  1.739          10665            1.492        100.0
random_coeff_02                            1.248770    1978915       3134576  1.584           8319            1.297        100.0
random_coeff_03                            2.700069    4294478      10427547  2.428          20184            1.446        100.0
random_coeff_04                            1.676078    2660723       5208501  1.958          12804            1.495        100.0
same_degree_00                             5.858128    9336274      26597091  2.849          60634            1.972        100.0
same_degree_01                            11.693665   18651179      61074990  3.275          66855            1.025        100.0
same_degree_02                            16.237209   25903272      86624821  3.344          90927            0.998        100.0
same_degree_03                            13.354447   21301509      69277687  3.252          66451            0.884        100.0
same_degree_04                             4.764964    7591511      21677344  2.855          28125            1.091        100.0
small_factors_00                           1.306629    2070453       3294726  1.591           8641            1.291        100.0
small_factors_01                           1.603712    2544551       4470918  1.757          10245            1.249        100.0
small_factors_02                           1.501266    2381733       4169617  1.751           9501            1.225        100.0
small_factors_03                           1.269097    2010525       3078508  1.531           8026            1.262        100.0
small_factors_04                           1.339608    2123158       3448566  1.624           8518            1.224        100.0
small_factors_05                           1.706398    2708753       5036598  1.859          10297            1.154        100.0
small_factors_06                           1.635789    2595639       4518563  1.741          10406            1.258        100.0
small_factors_07                           1.544690    2449854       4159656  1.698           9775            1.246        100.0
square_free_00                             3.494753    5563505      14501623  2.607          25002            1.369        100.0
square_free_01                             1.334345    2114717       3595161  1.700           9776            1.422        100.0
square_free_02                             1.209428    1915934       2954795  1.542           7785            1.284        100.0
square_free_03                            13.977804   22296196      72120560  3.235          88485            1.146        100.0
square_free_04                             2.102903    3340921       7322503  2.192          16379            1.508        100.0
square_free_consecutive_degrees_00        16.009147   25539686      86858854  3.401          68293            0.751        100.0
square_free_consecutive_degrees_01         4.953934    7891749      23650981  2.997          24854            0.916        100.0
square_free_consecutive_degrees_02         4.937067    7865473      23644949  3.006          24907            0.918        100.0
square_free_sparse_degrees_00             11.027551   17587409      56730140  3.226          63492            1.046        100.0
square_free_sparse_degrees_01              3.776838    6013547      16631362  2.766          23656            1.177        100.0
square_free_sparse_degrees_02              3.799639    6049047      16652494  2.753          23699            1.176        100.0
zero_derivative_00                         1.338548    2121105       3459996  1.631           9917            1.470        100.0
zero_derivative_01                         1.290148    2043993       3217612  1.574           9124            1.422        100.0
zero_derivative_02                         1.191432    1886051       2921415  1.549           7893            1.274        100.0
zero_derivative_03                         1.516293    2405189       4350135  1.809          12120            1.593        100.0
zero_derivative_04                         1.210560    1916788       3022367  1.577           8309            1.316        100.0

submissions/polynomial/factorization_of_polynomials/hushuqi.cpp
SHA-256: 74382cd51604756f0e2892a0f81fa3893ee468b034be5ce14839c9a86e275bcc
case                                task-clock (ms)      cycles  instructions    IPC  branch-misses  branch-miss (%)  running (%)
max (irreducible_2_02)                  4411.410980           -             -      -              -                -            -
sum                                    26587.509962           -             -      -              -                -            -
example_00                                 0.891348     1407603       1884423  1.339           5677            1.339        100.0
example_01                                 0.877608     1385424       1909942  1.379           5915            1.377        100.0
example_02                                 0.904523     1427848       1949267  1.365           6143            1.397        100.0
example_03                                 0.917759     1448486       1931179  1.333           6157            1.417        100.0
all_linear_00                              1.154150     1826928       2272264  1.244           7490            1.485        100.0
all_linear_01                              1.509211     2394297       2656986  1.110           7670            1.341        100.0
all_linear_02                              1.549849     2458069       2538944  1.033           7154            1.314        100.0
all_linear_03                              1.052834     1664248       2177609  1.308           6832            1.408        100.0
all_linear_04                              1.077806     1704757       2190702  1.285           7278            1.479        100.0
constant_00                                0.848386     1338122       1882643  1.407           5716            1.349        100.0
irreducible_1_00                           5.535745     8820107       5071934  0.575           7373            0.857        100.0
irreducible_1_01                        1334.822912  2130583754     647262039  0.304         537133            0.976        100.0
irreducible_1_02                        1334.717957  2130406543     647134382  0.304         535912            0.975        100.0
irreducible_1_03                           5.542460     8831386       5079762  0.575           7379            0.857        100.0
irreducible_1_04                        1334.769827  2130498517     647123492  0.304         535521            0.974        100.0
irreducible_2_00                         785.332642  1253511829     385179354  0.307         328808            0.988        100.0
irreducible_2_01                        2939.298361  4691621918    1423785289  0.303        1166795            0.967        100.0
irreducible_2_02                        4411.410980  7041391984    2134123761  0.303        1752887            0.972        100.0
irreducible_2_03                         785.287986  1253430558     385137117  0.307         332012            0.997        100.0
irreducible_2_04                        2939.202706  4691478694    1423791518  0.303        1168464            0.968        100.0
irreducible_3_00                         375.049312   598623396     185743240  0.310         144408            0.883        100.0
irreducible_3_01                        2988.573588  4770263272    1448958362  0.304        1090488            0.886        100.0
irreducible_3_02                        2892.591274  4617073222    1406881419  0.305         762336            0.635        100.0
irreducible_3_03                         650.532493  1038351961     320808708  0.309         156076            0.558        100.0
irreducible_3_04                        2893.131360  4617916312    1407258933  0.305         765271            0.637        100.0
large_p2_00                                9.224328    14709244       7046807  0.479          18128            1.746        100.0
large_p2_01                               12.022333    19175033       8718181  0.455          20465            1.668        100.0
large_p2_02                               10.778781    17190471       7944144  0.462          20495            1.812        100.0
multiplicity_multiple_of_p_00              0.895625     1414607       1935271  1.368           5836            1.323        100.0
multiplicity_multiple_of_p_01              1.073129     1697513       2100823  1.238           6963            1.501        100.0
multiplicity_multiple_of_p_02              1.005012     1589076       2059048  1.296           6406            1.383        100.0
multiplicity_multiple_of_p_03              1.296246     2053607       2244975  1.093           7352            1.517        100.0
multiplicity_multiple_of_p_04              0.980437     1550172       2033821  1.312           6337            1.375        100.0
random_coeff_00                            4.364722     6951596       4048494  0.582           9815            1.411        100.0
random_coeff_01                            2.260793     3593664       2756610  0.767           7056            1.312        100.0
random_coeff_02                            1.276375     2021625       2253836  1.115           6587            1.339        100.0
random_coeff_03                           10.927227    17427930       8112640  0.465          21606            1.857        100.0
random_coeff_04                            3.936290     6267815       3821261  0.610           9883            1.479        100.0
same_degree_00                            22.784802    36355387      13514026  0.372           9026            0.555        100.0
same_degree_01                            78.326835   125015241      40942582  0.328          17575            0.442        100.0
same_degree_02                           113.601524   181305148      58834592  0.325          64658            1.137        100.0
same_degree_03                            93.476626   149177576      50342926  0.337          46257            0.870        100.0
same_degree_04                            26.016587    41514642      15825806  0.381          20504            1.066        100.0
small_factors_00                           4.526250     7210017       4352584  0.604           8008            1.009        100.0
small_factors_01                          14.223440    22689242       9873999  0.435          10585            0.735        100.0
small_factors_02                           9.118837    14540238       6757919  0.465          11424            1.111        100.0
small_factors_03                           1.681529     2668825       2442804  0.915           6702            1.313        100.0
small_factors_04                           2.986742     4752252       3433178  0.722           7293            1.073        100.0
small_factors_05                          13.017993    20764749       9066081  0.437          11507            0.872        100.0
small_factors_06                          11.622584    18525714       8682077  0.469          10363            0.766        100.0
small_factors_07                           9.295826    14823568       7167996  0.484           9204            0.810        100.0
square_free_00                            18.399620    29355704      11669713  0.398          10611            0.696        100.0
square_free_01                             1.861079     2955252       2559413  0.866           7190            1.380        100.0
square_free_02                             1.081468     1710927       2046450  1.196           6438            1.428        100.0
square_free_03                           102.760578   164007471      54338944  0.331          30219            0.547        100.0
square_free_04                             8.152172    12997230       6191792  0.476          10210            1.093        100.0
square_free_consecutive_degrees_00       113.700432   181470073      57462291  0.317          42660            0.803        100.0
square_free_consecutive_degrees_01        28.859323    46052457      16296463  0.354          19827            1.108        100.0
square_free_consecutive_degrees_02        28.820680    45990859      16237017  0.353          19801            1.116        100.0
square_free_sparse_degrees_00             73.562331   117411194      38308596  0.326          12220            0.327        100.0
square_free_sparse_degrees_01             19.480626    31081377      11740118  0.378          10156            0.725        100.0
square_free_sparse_degrees_02             19.534831    31155734      11757500  0.377          10712            0.764        100.0
zero_derivative_00                         3.609507     5745824       3818463  0.665          11738            1.682        100.0
zero_derivative_01                         5.332667     8497422       4738362  0.558          10732            1.357        100.0
zero_derivative_02                         0.984056     1555532       1996111  1.283           6577            1.482        100.0
zero_derivative_03                        12.299857    19618922       8984208  0.458          23328            1.810        100.0
zero_derivative_04                         1.766785     2805099       2606358  0.929           8758            1.643        100.0

submissions/polynomial/factorization_of_polynomials/isaunoya.cpp
SHA-256: 4d28caa50a232ad4635af4f1885536c7572e566724f7cda5fed1b73230c116b6
case                                task-clock (ms)      cycles  instructions    IPC  branch-misses  branch-miss (%)  running (%)
max (irreducible_2_04)                  3562.897208           -             -      -              -                -            -
sum                                    24263.629627           -             -      -              -                -            -
example_00                                 1.011018     1598047       2433158  1.523           6560            1.168        100.0
example_01                                 1.034184     1635539       2457270  1.502           6960            1.227        100.0
example_02                                 1.064570     1684089       2524512  1.499           7392            1.260        100.0
example_03                                 1.053323     1666133       2511819  1.508           7179            1.229        100.0
all_linear_00                              1.246397     1973779       2747117  1.392           9090            1.448        100.0
all_linear_01                              1.545663     2451972       3003490  1.225          13317            1.968        100.0
all_linear_02                              1.629436     2585818       3053326  1.181          12672            1.841        100.0
all_linear_03                              1.278701     2025959       2793973  1.379           7708            1.216        100.0
all_linear_04                              1.186761     1878719       2655402  1.413           8445            1.390        100.0
constant_00                                1.010348     1598003       2430443  1.521           6685            1.192        100.0
irreducible_1_00                           4.881728     7777121       5405134  0.695           8241            0.840        100.0
irreducible_1_01                        1079.061385  1722331396     556781120  0.323       13019953           16.455        100.0
irreducible_1_02                        1079.225256  1722593161     556817211  0.323       13021956           16.455        100.0
irreducible_1_03                           4.908257     7819210       5437167  0.695           8340            0.841        100.0
irreducible_1_04                        1079.005893  1722251395     556663187  0.323       13015688           16.454        100.0
irreducible_2_00                         421.738004   673149619     222217245  0.330        5149288           15.999        100.0
irreducible_2_01                        3562.845510  5686868522    1833159816  0.322       43113475           16.574        100.0
irreducible_2_02                        3562.735557  5686709899    1833022427  0.322       43105598           16.573        100.0
irreducible_2_03                        1278.189660  2040162617     663378444  0.325       15422199           16.289        100.0
irreducible_2_04                        3562.897208  5686936928    1833445593  0.322       43112626           16.570        100.0
irreducible_3_00                         361.040045   576258326     189979253  0.330        4364156           15.878        100.0
irreducible_3_01                        2031.230578  3242162894    1046864302  0.323       24451758           16.410        100.0
irreducible_3_02                        1715.802516  2738673247     884812484  0.323       20712651           16.446        100.0
irreducible_3_03                         304.212775   485547088     160756419  0.331        3684017           15.793        100.0
irreducible_3_04                        3434.135501  5481429641    1767302143  0.322       41433137           16.506        100.0
large_p2_00                                8.903379    14196840       8180926  0.576          62536            4.115        100.0
large_p2_01                               11.647897    18577139      10044691  0.541          83868            4.616        100.0
large_p2_02                               10.432803    16637219       9227407  0.555          72795            4.322        100.0
multiplicity_multiple_of_p_00              1.029666     1628343       2441722  1.500           6832            1.217        100.0
multiplicity_multiple_of_p_01              1.256784     1991020       2709299  1.361           8331            1.347        100.0
multiplicity_multiple_of_p_02              1.146271     1814487       2585709  1.425           7866            1.326        100.0
multiplicity_multiple_of_p_03              1.538914     2441335       2878098  1.179           9542            1.496        100.0
multiplicity_multiple_of_p_04              1.130503     1789083       2555231  1.428           7355            1.249        100.0
random_coeff_00                            3.928180     6254654       4379828  0.700          41473            4.670        100.0
random_coeff_01                            2.190710     3481574       3209004  0.922          21660            3.103        100.0
random_coeff_02                            1.376936     2181492       2753134  1.262          10831            1.730        100.0
random_coeff_03                           10.596637    16899867       9329656  0.552          79026            4.640        100.0
random_coeff_04                            3.620951     5765276       4183477  0.726          38203            4.449        100.0
same_degree_00                            27.908785    44534675      17441373  0.392         321629           11.287        100.0
same_degree_01                            77.555322   123783918      43118693  0.348         937804           14.432        100.0
same_degree_02                            80.647133   128708366      44849910  0.348         984663           14.526        100.0
same_degree_03                            77.263894   123307830      45954626  0.373         878874           12.116        100.0
same_degree_04                            21.238863    33887723      14334647  0.423         253033           10.414        100.0
small_factors_00                           3.645910     5804797       4221857  0.727          35584            4.051        100.0
small_factors_01                          11.323114    18059905       8840754  0.490         123219            7.624        100.0
small_factors_02                           7.830329    12484044       6877269  0.551          82347            6.260        100.0
small_factors_03                           1.714465     2721613       2979062  1.095          13931            2.084        100.0
small_factors_04                           2.572362     4091118       3657764  0.894          22072            2.768        100.0
small_factors_05                          11.011073    17561002       8899114  0.507         115774            7.000        100.0
small_factors_06                           9.482985    15122218       8184853  0.541          95777            6.128        100.0
small_factors_07                           8.526262    13594992       7804966  0.574          81232            5.357        100.0
square_free_00                            14.256482    22741670      10016820  0.440         160338            9.201        100.0
square_free_01                             1.840045     2921830       3024249  1.035          17669            2.640        100.0
square_free_02                             1.167990     1849614       2600265  1.406           9083            1.519        100.0
square_free_03                            86.757827   138474678      49472396  0.357        1014682           13.280        100.0
square_free_04                             5.137739     8185738       5000082  0.611          59677            6.052        100.0
square_free_consecutive_degrees_00        92.695842   147941579      50181321  0.339        1114993           14.945        100.0
square_free_consecutive_degrees_01        23.682792    37789107      14790718  0.391         290916           12.037        100.0
square_free_consecutive_degrees_02        23.724465    37856077      14793423  0.391         291629           12.053        100.0
square_free_sparse_degrees_00             60.425522    96439912      33747463  0.350         712299           13.864        100.0
square_free_sparse_degrees_01             16.226978    25887450      10934448  0.422         194000           10.412        100.0
square_free_sparse_degrees_02             16.244755    25915822      10928581  0.422         195049           10.474        100.0
zero_derivative_00                         4.169773     6640878       4988425  0.751          21240            2.125        100.0
zero_derivative_01                         6.285741    10018658       6370319  0.636          26653            2.219        100.0
zero_derivative_02                         1.124929     1780404       2588127  1.454           7866            1.314        100.0
zero_derivative_03                        14.339785    22874837      12291952  0.537          64264            2.977        100.0
zero_derivative_04                         2.058560     3269712       3362881  1.028          13368            1.821        100.0

src/polynomial/factorization_of_polynomials/main.cxx
SHA-256: 2c50440c3bd23428b2ca31c497ad39990ede16eef99f04247dd86fc8c47704e3
case                                task-clock (ms)    cycles  instructions    IPC  branch-misses  branch-miss (%)  running (%)
max (irreducible_2_03)                    28.768883         -             -      -              -                -            -
sum                                      261.372601         -             -      -              -                -            -
example_00                                 0.795367   1253302       1741978  1.390           5462            1.405        100.0
example_01                                 0.877384   1385340       1818054  1.312           5894            1.450        100.0
example_02                                 0.866496   1367137       1804322  1.320           5991            1.493        100.0
example_03                                 0.857460   1353339       1810918  1.338           5868            1.448        100.0
all_linear_00                              0.886280   1399397       1907052  1.363           6598            1.582        100.0
all_linear_01                              0.994847   1571763       2193928  1.396           7490            1.673        100.0
all_linear_02                              1.058915   1674753       2459444  1.469           6892            1.460        100.0
all_linear_03                              0.880369   1390337       1985029  1.428           5972            1.396        100.0
all_linear_04                              0.866316   1366411       1859721  1.361           5801            1.411        100.0
constant_00                                0.827806   1306507       1741591  1.333           5453            1.402        100.0
irreducible_1_00                           1.158423   1833530       2998667  1.635           6842            1.284        100.0
irreducible_1_01                           4.699535   7486819      17217510  2.300          11786            0.790        100.0
irreducible_1_02                           4.673679   7444488      17202018  2.311          11882            0.800        100.0
irreducible_1_03                           1.162207   1839086       3000497  1.632           6898            1.293        100.0
irreducible_1_04                           4.684755   7463104      17195979  2.304          12283            0.828        100.0
irreducible_2_00                          10.461724  16683451      46065449  2.761          24959            0.768        100.0
irreducible_2_01                          15.124608  24127765      62176766  2.577          42601            0.985        100.0
irreducible_2_02                          20.425882  32590245      90044756  2.763          51474            0.856        100.0
irreducible_2_03                          28.768883  45907320     153401174  3.342          57485            0.597        100.0
irreducible_2_04                          20.409693  32562758      90036903  2.765          51100            0.850        100.0
irreducible_3_00                           8.885330  14168125      38824461  2.740          25450            0.923        100.0
irreducible_3_01                          13.515043  21557185      55336351  2.567          37004            0.960        100.0
irreducible_3_02                          13.482216  21505240      55340790  2.573          37230            0.965        100.0
irreducible_3_03                          11.399211  18181099      52171057  2.870          30394            0.856        100.0
irreducible_3_04                          13.481623  21504310      55280490  2.571          37497            0.975        100.0
large_p2_00                                1.352238   2142717       4234767  1.976          12396            1.844        100.0
large_p2_01                                1.443296   2288488       4821055  2.107          13741            1.846        100.0
large_p2_02                                1.466248   2325137       4735054  2.036          13064            1.790        100.0
multiplicity_multiple_of_p_00              0.834693   1317585       1790880  1.359           5686            1.416        100.0
multiplicity_multiple_of_p_01              0.877707   1385789       1780277  1.285           5674            1.443        100.0
multiplicity_multiple_of_p_02              0.875886   1382809       1833543  1.326           5901            1.430        100.0
multiplicity_multiple_of_p_03              0.896744   1416510       1854899  1.309           6089            1.461        100.0
multiplicity_multiple_of_p_04              0.837024   1321130       1791669  1.356           5511            1.376        100.0
random_coeff_00                            1.105603   1749063       2680093  1.532           7904            1.678        100.0
random_coeff_01                            0.954220   1508102       2128611  1.411           6846            1.600        100.0
random_coeff_02                            0.941533   1487109       2009254  1.351           6618            1.547        100.0
random_coeff_03                            1.340481   2124686       4193174  1.974          12760            1.890        100.0
random_coeff_04                            1.052629   1665402       2561198  1.538           7534            1.610        100.0
same_degree_00                             1.719447   2729930       5328022  1.952           9684            1.478        100.0
same_degree_01                             3.330090   5300610      12764021  2.408          14722            1.287        100.0
same_degree_02                             4.393486   6998385      17401909  2.487          16952            1.170        100.0
same_degree_03                             8.611485  13730860      31485799  2.293          22912            0.900        100.0
same_degree_04                             3.490988   5557126      12630864  2.273          14807            1.272        100.0
small_factors_00                           1.085407   1717301       2509762  1.461           7202            1.506        100.0
small_factors_01                           1.478286   2344405       3813235  1.627           8816            1.455        100.0
small_factors_02                           1.197148   1895927       2934512  1.548           7851            1.515        100.0
small_factors_03                           0.969623   1532199       2017998  1.317           6713            1.561        100.0
small_factors_04                           1.062048   1680296       2372692  1.412           7021            1.487        100.0
small_factors_05                           1.596622   2532796       4199939  1.658           8736            1.372        100.0
small_factors_06                           1.557998   2471556       4046121  1.637           8841            1.408        100.0
small_factors_07                           1.379062   2185811       3429690  1.569           8055            1.424        100.0
square_free_00                             1.822165   2893802       5439047  1.880          10208            1.505        100.0
square_free_01                             0.971501   1533962       2122335  1.384           7009            1.643        100.0
square_free_02                             0.858897   1355697       1903904  1.404           6137            1.466        100.0
square_free_03                             5.379488   8571755      19714716  2.300          17012            1.018        100.0
square_free_04                             1.462290   2318918       4103154  1.769           9307            1.606        100.0
square_free_consecutive_degrees_00         5.104052   8131594      18375130  2.260          16332            1.096        100.0
square_free_consecutive_degrees_01         3.981634   6339978      14356050  2.264          12756            1.028        100.0
square_free_consecutive_degrees_02         3.970498   6323190      14347538  2.269          12334            0.995        100.0
square_free_sparse_degrees_00              2.402816   3820739       7674789  2.009          11238            1.388        100.0
square_free_sparse_degrees_01              1.839535   2920968       5628716  1.927           8875            1.323        100.0
square_free_sparse_degrees_02              1.855624   2946882       5677986  1.927           8797            1.277        100.0
zero_derivative_00                         0.927484   1464738       2136768  1.459           7193            1.600        100.0
zero_derivative_01                         0.895017   1413530       1929652  1.365           6474            1.586        100.0
zero_derivative_02                         0.885750   1397744       1800816  1.288           5968            1.504        100.0
zero_derivative_03                         1.022445   1616237       2428118  1.502           8554            1.777        100.0
zero_derivative_04                         0.899361   1419792       1894773  1.335           6287            1.501        100.0
