case                     task-clock (ms)    cycles  instructions    IPC  branch-misses  branch-miss (%)  running (%)
max (max_isomorphic_00)        43.959496         -             -      -              -                -            -
sum                           366.826251         -             -      -              -                -            -
example_00                      0.857980   1608368       1603120  0.997           5291            1.517        100.0
example_01                      0.853335   1600235       1584331  0.990           5381            1.581        100.0
max_isomorphic_00              43.959496  83312714      82996122  0.996         756196            6.361        100.0
max_isomorphic_01              43.548198  82532622      82949388  1.005         758293            6.393        100.0
max_line_00                    21.888760  41437861      73139595  1.765          13587            0.158        100.0
max_random_00                  42.879667  81189288      83140072  1.024         548111            4.610        100.0
max_random_01                  42.895725  81295761      83101601  1.022         546811            4.604        100.0
max_random_02                  42.504938  80530443      83054886  1.031         545357            4.600        100.0
max_random_03                  42.775389  81068258      83082644  1.025         546680            4.605        100.0
max_random_04                  43.121999  81725959      83092107  1.017         552677            4.651        100.0
max_star_00                    27.164487  51476206      72056410  1.400          12071            0.115        100.0
min_00                          0.860475   1613209       1602354  0.993           5455            1.565        100.0
min_01                          0.845198   1584842       1580730  0.997           5322            1.569        100.0
small_random_00                 0.884302   1657821       1629794  0.983           5599            1.587        100.0
small_random_01                 0.849725   1592575       1592444  1.000           5476            1.605        100.0
small_random_02                 0.877085   1644616       1618625  0.984           5386            1.534        100.0
sqrt_00                        10.059492  19036688      27376214  1.438          16507            0.408        100.0
