2026-10-01 lenovo / Intel(R) Core(TM) i5-10210U CPU @ 1.60GHz
Two complete passes; per binary/case minimum task-clock; all counters from that same run.
Cases: 27, including examples. Units: ms. No CPU pinning.
Compiler: g++ (GCC) 16.2.1 20260819 (Red Hat 16.2.1-2); rustc 1.98.1 (48a229cea 2026-09-01)
Build host: master; glibc 2.43
Environment: Linux 7.2.8-200.fc44.x86_64; affinity [0, 1, 2, 3]; stack 268435456 bytes; bench_env OK.
cxx_flags.txt: -std=c++23 -DEVAL -DONLINE_JUDGE -Iinclude -O3 -fwhole-program -fno-exceptions -fno-rtti -march=x86-64-v3 -fno-pie -no-pie -nostdlib++ -static -lm -s
cpp_flags.txt: -std=c++23 -DEVAL -DONLINE_JUDGE -Iac-library -include cassert -O3 -fwhole-program -fno-exceptions -fno-rtti -march=x86-64-v3 -fno-pie -no-pie -static -lgmp -s
rust_flags.txt: -C opt-level=3 -C codegen-units=1 -C lto=fat -C panic=abort -C target-cpu=x86-64-v3 -C target-feature=+crt-static -C relocation-model=static -C link-arg=-Wl,-u,__cxa_thread_atexit_impl -C strip=symbols

solution                                max (ms)       sum (ms)
Anonymous                                 51.826652     649.985039
IceKylin                                  50.832786     643.491015
Rohan_Kapri                               50.843272     643.209654
brendon4565                               52.208709     651.724458
nandhagk                                  35.921885     466.914455
main                                      30.845294     414.879469

submissions/data_structure/staticrmq/Anonymous.cpp
SHA-256: 223cd30d3b2374c7e985576ca6efd015195ef4d6ba528e27d87f6195069c1d6e
case                        task-clock (ms)    cycles  instructions    IPC  branch-misses  branch-miss (%)  running (%)
max (small_width_query_00)        51.826652         -             -      -              -                -            -
sum                              649.985039         -             -      -              -                -            -
example_00                         1.007000   1591674       2478626  1.557           6903            1.197        100.0
max_random_00                     44.020763  70212523     111800519  1.592         443162            3.418        100.0
max_random_01                     45.471241  72570261     112233288  1.547         478526            3.702        100.0
max_random_02                     44.750304  71419276     111997665  1.568         454457            3.509        100.0
max_random_03                     45.857044  73186042     113496445  1.551         462350            3.609        100.0
max_random_04                     43.069419  68735876     111791580  1.626         426136            3.283        100.0
random_00                         35.424975  56532962      90712370  1.605         419424            3.986        100.0
random_01                         38.807033  61914892      96439659  1.558         415867            3.699        100.0
random_02                         20.811826  33206316      61673915  1.857         266109            4.055        100.0
random_03                         12.895176  20569942      35240519  1.713          85477            1.740        100.0
random_04                         13.406860  21386880      36349619  1.700         129613            2.767        100.0
small_00                           1.070654   1693726       2550905  1.506           6947            1.211        100.0
small_01                           1.081300   1710991       2567680  1.501           7009            1.214        100.0
small_02                           1.104862   1747448       2563242  1.467           7391            1.281        100.0
small_03                           1.053886   1665813       2568871  1.542           7010            1.214        100.0
small_04                           1.057726   1672244       2566435  1.535           6955            1.205        100.0
small_05                           1.081445   1710020       2567776  1.502           6987            1.209        100.0
small_06                           1.068012   1689323       2568182  1.520           7559            1.308        100.0
small_07                           1.077303   1704691       2565585  1.505           6879            1.193        100.0
small_08                           1.085831   1717819       2555839  1.488           7321            1.278        100.0
small_09                           1.057122   1671966       2580214  1.543           7073            1.216        100.0
small_values_00                   36.427519  58105109      99844961  1.718         302953            2.500        100.0
small_width_query_00              51.826652  82715163     114741061  1.387         441727            3.478        100.0
small_width_query_01              51.801341  82675340     114814766  1.389         442851            3.484        100.0
small_width_query_02              51.176798  81678635     114742664  1.405         444651            3.501        100.0
small_width_query_03              50.979743  81363210     114901467  1.412         427044            3.365        100.0
small_width_query_04              51.513204  82214930     114736079  1.396         443178            3.488        100.0

submissions/data_structure/staticrmq/IceKylin.cpp
SHA-256: d244d15b309c71dccb834727765c563693276526611f667d3fc381eaf66a29e2
case                        task-clock (ms)    cycles  instructions    IPC  branch-misses  branch-miss (%)  running (%)
max (small_width_query_04)        50.832786         -             -      -              -                -            -
sum                              643.491015         -             -      -              -                -            -
example_00                         1.042330   1647894       2475567  1.502           6913            1.201        100.0
max_random_00                     44.219715  70572601     115034599  1.630         467128            3.485        100.0
max_random_01                     45.289036  72279166     115510314  1.598         502933            3.764        100.0
max_random_02                     44.012193  70241489     115311497  1.642         477919            3.566        100.0
max_random_03                     45.401061  72458917     116922160  1.614         486049            3.667        100.0
max_random_04                     42.798727  68304505     115023391  1.684         450054            3.355        100.0
random_00                         35.224881  56196829      93250101  1.659         438807            4.038        100.0
random_01                         38.542143  61509992      99711641  1.621         437433            3.755        100.0
random_02                         20.343973  32458581      61032424  1.880         271096            4.100        100.0
random_03                         13.517472  21563893      39864484  1.849         109440            2.068        100.0
random_04                         13.510649  21552961      39030916  1.811         142778            2.891        100.0
small_00                           1.055950   1670419       2562471  1.534           6959            1.196        100.0
small_01                           1.066874   1687936       2566573  1.521           7253            1.245        100.0
small_02                           1.064296   1683048       2517386  1.496           7825            1.375        100.0
small_03                           1.086203   1719065       2568958  1.494           7717            1.324        100.0
small_04                           1.086442   1718440       2561866  1.491           7987            1.379        100.0
small_05                           1.082190   1711753       2551718  1.491           7967            1.385        100.0
small_06                           1.064206   1683243       2546600  1.513           8249            1.435        100.0
small_07                           1.054985   1668964       2550734  1.528           7943            1.382        100.0
small_08                           1.098616   1738555       2607141  1.500           8284            1.393        100.0
small_09                           1.097349   1736365       2563009  1.476           8142            1.412        100.0
small_values_00                   35.712078  56991810     102203352  1.793         344990            2.659        100.0
small_width_query_00              50.730525  80964935     119175462  1.472         524442            3.946        100.0
small_width_query_01              50.651952  80822500     119422866  1.478         527290            3.954        100.0
small_width_query_02              50.809175  81074304     119209412  1.470         529419            3.982        100.0
small_width_query_03              50.095208  79934568     119372082  1.493         510539            3.843        100.0
small_width_query_04              50.832786  81129659     119184443  1.469         523836            3.940        100.0

submissions/data_structure/staticrmq/Rohan_Kapri.cpp
SHA-256: d244d15b309c71dccb834727765c563693276526611f667d3fc381eaf66a29e2
case                        task-clock (ms)    cycles  instructions    IPC  branch-misses  branch-miss (%)  running (%)
max (small_width_query_00)        50.843272         -             -      -              -                -            -
sum                              643.209654         -             -      -              -                -            -
example_00                         1.009217   1595819       2424755  1.519           6997            1.255        100.0
max_random_00                     43.971025  70175756     115024982  1.639         466792            3.484        100.0
max_random_01                     45.569738  72709974     115526354  1.589         503502            3.767        100.0
max_random_02                     44.047855  70298275     115272241  1.640         478125            3.570        100.0
max_random_03                     45.340411  72333721     116944727  1.617         485408            3.660        100.0
max_random_04                     42.801012  68308758     115012030  1.684         450107            3.357        100.0
random_00                         34.986179  55833538      93217851  1.670         437737            4.029        100.0
random_01                         38.429000  61328636      99709059  1.626         437439            3.756        100.0
random_02                         20.302976  32380946      61012430  1.884         271294            4.105        100.0
random_03                         13.531102  21585862      39856698  1.846         109336            2.067        100.0
random_04                         13.540268  21599693      39029344  1.807         143220            2.900        100.0
small_00                           1.072803   1696989       2536317  1.495           6895            1.205        100.0
small_01                           1.086393   1718300       2551763  1.485           7245            1.255        100.0
small_02                           1.061990   1679607       2532331  1.508           7858            1.368        100.0
small_03                           1.086775   1718686       2593817  1.509           7834            1.323        100.0
small_04                           1.071964   1695574       2559848  1.510           7820            1.351        100.0
small_05                           1.085245   1717366       2544108  1.481           7743            1.350        100.0
small_06                           1.089854   1723719       2564733  1.488           8367            1.442        100.0
small_07                           1.107699   1752255       2567583  1.465           8039            1.386        100.0
small_08                           1.062651   1681109       2535993  1.509           8210            1.435        100.0
small_09                           1.083494   1713702       2557605  1.492           8108            1.403        100.0
small_values_00                   35.775580  57092642     102220518  1.790         344857            2.656        100.0
small_width_query_00              50.843272  81145350     119201257  1.469         524486            3.944        100.0
small_width_query_01              50.831411  81125928     119209390  1.469         527821            3.973        100.0
small_width_query_02              50.647646  80832598     119230778  1.475         528875            3.976        100.0
small_width_query_03              50.147540  80018843     119356069  1.492         511692            3.854        100.0
small_width_query_04              50.626554  80782511     119192441  1.475         525727            3.953        100.0

submissions/data_structure/staticrmq/brendon4565.cpp
SHA-256: 4cb93b42f38dc333953d288c8b41a59c948b42f36d2fe23dd451500d47113c10
case                        task-clock (ms)    cycles  instructions    IPC  branch-misses  branch-miss (%)  running (%)
max (small_width_query_00)        52.208709         -             -      -              -                -            -
sum                              651.724458         -             -      -              -                -            -
example_00                         1.056534   1670939       2446320  1.464           6957            1.234        100.0
max_random_00                     44.506800  71011594     111160888  1.565         446795            3.440        100.0
max_random_01                     45.517679  72644372     111597969  1.536         485083            3.746        100.0
max_random_02                     45.076611  71912182     111410337  1.549         457152            3.522        100.0
max_random_03                     45.391628  72443960     112874992  1.558         462486            3.604        100.0
max_random_04                     43.500413  69424865     111087050  1.600         428312            3.301        100.0
random_00                         35.545072  56698471      90411086  1.595         426322            4.036        100.0
random_01                         38.072538  60760403      95878770  1.578         418818            3.724        100.0
random_02                         20.765302  33131054      61386180  1.853         269332            4.111        100.0
random_03                         12.840742  20482742      35248848  1.721          83917            1.704        100.0
random_04                         13.319290  21247166      36233765  1.705         126328            2.698        100.0
small_00                           1.055008   1668262       2597718  1.557           6941            1.175        100.0
small_01                           1.076355   1703075       2560221  1.503           6968            1.208        100.0
small_02                           1.061604   1679021       2567595  1.529           7369            1.268        100.0
small_03                           1.067718   1688669       2559347  1.516           6988            1.212        100.0
small_04                           1.048584   1658787       2543027  1.533           6826            1.194        100.0
small_05                           1.045783   1654085       2558847  1.547           6805            1.181        100.0
small_06                           1.079279   1707162       2561042  1.500           7401            1.282        100.0
small_07                           1.080528   1709709       2560460  1.498           6919            1.199        100.0
small_08                           1.087288   1720413       2557106  1.486           7332            1.272        100.0
small_09                           1.088986   1723310       2579284  1.497           7148            1.227        100.0
small_values_00                   37.239950  59430182      99157430  1.668         314811            2.598        100.0
small_width_query_00              52.208709  83325761     113782340  1.366         441394            3.470        100.0
small_width_query_01              51.846319  82746935     113750849  1.375         442902            3.489        100.0
small_width_query_02              51.427761  82060223     113766384  1.386         445709            3.508        100.0
small_width_query_03              51.113822  81577653     113883400  1.396         426553            3.361        100.0
small_width_query_04              51.604155  82330810     113768845  1.382         441077            3.469        100.0

submissions/data_structure/staticrmq/nandhagk.cpp
SHA-256: 2b716a0bc77a641eb38ecfb2a065a4cfb47622cf8f7bd264614c438a05efe609
case                        task-clock (ms)    cycles  instructions    IPC  branch-misses  branch-miss (%)  running (%)
max (small_width_query_00)        35.921885         -             -      -              -                -            -
sum                              466.914455         -             -      -              -                -            -
example_00                         0.878627   1387534       1907841  1.375           5962            1.373        100.0
max_random_00                     31.772032  50702863      85265174  1.682         221985            1.853        100.0
max_random_01                     31.963213  51007936      85192217  1.670         265363            2.209        100.0
max_random_02                     32.048336  51142948      85315421  1.668         250448            2.087        100.0
max_random_03                     32.596858  52006407      85391578  1.642         347853            2.866        100.0
max_random_04                     31.334271  50004986      85197069  1.704         213418            1.782        100.0
random_00                         25.095895  40046732      69281344  1.730         224502            2.307        100.0
random_01                         27.316379  43572702      73586215  1.689         231167            2.206        100.0
random_02                         15.771117  25159976      48965909  1.946         285241            4.639        100.0
random_03                         11.641279  18568061      29167455  1.571          70462            1.449        100.0
random_04                         10.974681  17504061      28535217  1.630          99820            2.259        100.0
small_00                           0.905563   1429909       1983388  1.387           6167            1.409        100.0
small_01                           0.936972   1480372       1981686  1.339           6812            1.570        100.0
small_02                           0.922002   1455472       1995479  1.371           7326            1.679        100.0
small_03                           0.936269   1478771       2036890  1.377           6818            1.509        100.0
small_04                           0.916715   1447080       1993051  1.377           6606            1.512        100.0
small_05                           0.899640   1420682       2016566  1.419           6740            1.521        100.0
small_06                           0.913948   1443188       2002568  1.388           7052            1.613        100.0
small_07                           0.900824   1422836       2008786  1.412           6696            1.525        100.0
small_08                           0.917762   1449827       2023004  1.395           7098            1.601        100.0
small_09                           0.930165   1468783       2004989  1.365           6640            1.514        100.0
small_values_00                   27.689934  44186668      75995569  1.720           9654            0.083        100.0
small_width_query_00              35.921885  57283207      91004282  1.589         253966            2.109        100.0
small_width_query_01              35.876751  57254346      90953337  1.589         255141            2.121        100.0
small_width_query_02              35.462925  56594442      90961586  1.607         252215            2.098        100.0
small_width_query_03              35.663120  56914229      91002511  1.599         254569            2.113        100.0
small_width_query_04              35.727292  57016623      90946796  1.595         251593            2.093        100.0

src/data_structure/staticrmq/main.cxx
SHA-256: 82c58fc710b4ddea054a8901ac45c4181c59f7333c21d5f4be8efd0bf40cbe73
case                        task-clock (ms)    cycles  instructions    IPC  branch-misses  branch-miss (%)  running (%)
max (small_width_query_00)        30.845294         -             -      -              -                -            -
sum                              414.879469         -             -      -              -                -            -
example_00                         0.863880   1363100       1778086  1.304           5593            1.392        100.0
max_random_00                     27.582346  44015273      79230609  1.800         198498            2.571        100.0
max_random_01                     28.483559  45453494      80211775  1.765         247418            3.186        100.0
max_random_02                     28.045089  44753096      79688043  1.781         221780            2.865        100.0
max_random_03                     30.076851  47996607      82968987  1.729         320747            4.071        100.0
max_random_04                     27.865847  44467493      79129575  1.779         196605            2.553        100.0
random_00                         23.574194  37617255      66191570  1.760         192027            2.927        100.0
random_01                         25.767823  41100675      71143186  1.731         213918            2.940        100.0
random_02                         14.006536  22342744      47612802  2.131          94056            2.769        100.0
random_03                         11.213715  17885372      30866725  1.726          68196            1.474        100.0
random_04                         10.842192  17292626      29423428  1.702          90767            2.443        100.0
small_00                           0.841690   1328185       1900961  1.431           5641            1.357        100.0
small_01                           0.874925   1381387       1866811  1.351           5993            1.494        100.0
small_02                           0.863785   1364169       1845680  1.353           5998            1.523        100.0
small_03                           0.864201   1364753       1870478  1.371           6077            1.526        100.0
small_04                           0.884637   1396142       1881330  1.348           6024            1.497        100.0
small_05                           0.885223   1397545       1873575  1.341           5921            1.487        100.0
small_06                           0.863891   1363971       1883546  1.381           5915            1.471        100.0
small_07                           0.868899   1371596       1884901  1.374           5690            1.414        100.0
small_08                           0.868180   1369903       1868439  1.364           5609            1.414        100.0
small_09                           0.889838   1405430       1876566  1.335           5608            1.399        100.0
small_values_00                   24.045580  38367378      69946707  1.823          69733            0.925        100.0
small_width_query_00              30.845294  49223574      87856526  1.785         168109            2.057        100.0
small_width_query_01              30.740126  49055603      87951095  1.793         164518            2.011        100.0
small_width_query_02              30.703964  48998505      87896579  1.794         167217            2.046        100.0
small_width_query_03              30.718502  49021567      88208539  1.799         153716            1.877        100.0
small_width_query_04              30.798702  49130471      87838846  1.788         168843            2.069        100.0
