case                 task-clock (ms)     cycles  instructions    IPC  branch-misses  branch-miss (%)  running (%)
max (max_random_00)        74.805730          -             -      -              -                -            -
sum                       892.351800          -             -      -              -                -            -
example_00                  0.890436    1657897       1653653  0.997           5777            1.610        100.0
max_all_zero_00             7.488870   14178191      27014993  1.905           9662            0.207        100.0
max_ans_zero_00            73.947785  140086144     317958578  2.270          83378            0.671        100.0
max_random_00              74.805730  141736557     318576359  2.248          84596            0.671        100.0
max_random_01              74.424636  141062769     318247900  2.256          84206            0.673        100.0
max_random_02              74.346742  140914547     318403817  2.260          83811            0.668        100.0
max_random_03              74.373389  140931285     318357681  2.259          84483            0.674        100.0
max_random_04              73.833624  139845621     317335732  2.269          84571            0.689        100.0
near_262144_00             36.952667   70030467     156263215  2.231          48585            0.739        100.0
near_262144_01             36.975660   70074345     156264061  2.230          48731            0.741        100.0
near_262144_02             65.630430  124358090     285986380  2.300          56700            0.612        100.0
random_00                  70.063324  132771261     302958576  2.282          71609            0.656        100.0
random_01                  72.959998  138254624     313120485  2.265          80358            0.671        100.0
random_02                   9.173886   17371651      36241707  2.086          17778            0.988        100.0
random_03                  71.703769  135863144     308282758  2.269          77453            0.677        100.0
random_04                  66.087187  125256762     288143777  2.300          57476            0.605        100.0
small_degree_00             0.871072    1632795       1597563  0.978           5356            1.547        100.0
small_degree_01             0.867324    1626702       1612440  0.991           5407            1.549        100.0
small_degree_02             0.905406    1698328       1603074  0.944           5397            1.562        100.0
small_degree_03             0.874481    1639890       1626261  0.992           5389            1.524        100.0
small_degree_04             0.848280    1590194       1608144  1.011           5224            1.501        100.0
small_degree_05             0.857849    1607566       1627595  1.012           5499            1.554        100.0
small_degree_06             0.865443    1623373       1618431  0.997           5458            1.560        100.0
small_degree_07             0.874339    1638835       1629457  0.994           5502            1.554        100.0
small_degree_08             0.863504    1618652       1614802  0.998           5440            1.557        100.0
small_degree_09             0.865969    1623729       1626213  1.002           5465            1.545        100.0
