2026-10-02 lenovo / Intel(R) Core(TM) i5-10210U CPU @ 1.60GHz
Two complete passes per binary; per case minimum task-clock; all counters from that same run.
Unchanged binaries reuse their recorded passes; each section identifies its measurement batch.
Cases: 54, including examples. Units: ms. No CPU pinning.
Compiler: g++ (GCC) 16.2.1 20260819 (Red Hat 16.2.1-2); rustc 1.98.1 (48a229cea 2026-09-01)
Build host: fedora; glibc 2.43
Environment: Linux 7.2.8-200.fc44.x86_64; affinity [0, 1, 2, 3]; stack 268435456 bytes; bench_env OK.
cxx_flags.txt: -std=c++23 -DEVAL -DONLINE_JUDGE -Iinclude -O3 -fwhole-program -fno-exceptions -fno-rtti -march=x86-64-v3 -fno-pie -no-pie -nostdlib++ -static -lm -s
cpp_flags.txt: -std=c++23 -DEVAL -DONLINE_JUDGE -Iac-library -include cassert -O3 -fwhole-program -fno-exceptions -fno-rtti -march=x86-64-v3 -fno-pie -no-pie -static -lgmp -s
rust_flags.txt: -C opt-level=3 -C codegen-units=1 -C lto=fat -C panic=abort -C target-cpu=x86-64-v3 -C target-feature=+crt-static -C relocation-model=static -C link-arg=-Wl,-u,__cxa_thread_atexit_impl -C strip=symbols

solution                                max (ms)       sum (ms)
CYMario                                    3.670152      88.554197
anon123                                    5.670539     133.209600
drken                                      3.566826      98.619568
m1une                                      2.804487      75.933201
yosupo                                     2.943323      83.136009
main                                       2.520637      69.662834
naive                                     24.650181     360.364404

submissions/graph/min_cost_b_flow/CYMario.cpp
SHA-256: ff6698b98776f69ce0ecb01edce742740cc8d322100f55b25f5bcc497e03572b
Measured: bench/graph-polish-20261002/accepted-37 [CYMario]
case                                 task-clock (ms)   cycles  instructions    IPC  branch-misses  branch-miss (%)  running (%)
max (near_minimum_00)                       3.670152        -             -      -              -                -            -
sum                                        88.554197        -             -      -              -                -            -
example_00                                  0.846296  1335752       1783077  1.335           5476            1.366        100.0
example_01                                  0.834893  1315834       1766715  1.343           5400            1.356        100.0
example_02                                  0.843114  1330420       1785105  1.342           5217            1.293        100.0
anti_ssp_00                                 1.193810  1890182       3338083  1.766           6625            1.124        100.0
empty_00                                    0.776167  1222675       1782985  1.458           5192            1.287        100.0
empty_01                                    0.834887  1317792       1742278  1.322           5150            1.317        100.0
empty_02                                    0.816588  1288270       1738059  1.349           5375            1.393        100.0
empty_03                                    0.821605  1295714       1744283  1.346           5289            1.351        100.0
goto_00                                     2.019243  3207921       4470092  1.393          37286            5.221        100.0
goto_01                                     2.016480  3203602       4476581  1.397          36271            5.086        100.0
goto_02                                     2.025473  3218599       4484660  1.393          37344            5.235        100.0
goto_03                                     2.066479  3284024       4584303  1.396          39527            5.423        100.0
goto_04                                     2.241431  3562988       4906354  1.377          44458            5.768        100.0
goto_05                                     2.191306  3483270       4805280  1.380          42366            5.641        100.0
goto_06                                     1.977763  3141542       4485018  1.428          35970            4.996        100.0
goto_07                                     2.073661  3295117       4519647  1.372          38260            5.321        100.0
goto_08                                     2.077571  3300108       4499958  1.364          37701            5.199        100.0
goto_09                                     2.129748  3384138       4599098  1.359          40409            5.522        100.0
handmade_00                                 0.831815  1312520       1780634  1.357           5518            1.380        100.0
handmade_01                                 0.865545  1365987       1819688  1.332           5862            1.445        100.0
handmade_02                                 0.816005  1287860       1763306  1.369           5238            1.322        100.0
handmade_03                                 1.899500  3016659       3804188  1.261          39334            6.064        100.0
large_random_00                             3.188054  5073574       6281564  1.238          87049            9.359        100.0
large_random_01                             3.066121  4878575       6058866  1.242          81897            9.064        100.0
large_random_02                             3.409580  5427785       6512546  1.200          95658            9.883        100.0
large_random_03                             3.164430  5035035       6150939  1.222          84603            9.305        100.0
large_random_04                             3.388299  5393512       6530960  1.211          95734            9.938        100.0
large_random_05                             3.276721  5215642       6334086  1.214          88817            9.573        100.0
large_random_06                             3.421903  5446694       6587833  1.210          94558            9.807        100.0
large_random_07                             3.053502  4857610       6000728  1.235          81172            9.034        100.0
large_random_08                             3.470602  5524821       6659141  1.205          97876           10.017        100.0
large_random_09                             3.492128  5557613       6680641  1.202          98001           10.070        100.0
near_maximum_00                             3.093452  4922938       6722150  1.365          68942            7.350        100.0
near_minimum_00                             3.670152  5842082       7706439  1.319          88203            8.470        100.0
small_random_00                             0.828461  1307138       1794080  1.373           5568            1.377        100.0
small_random_01                             0.856616  1351698       1777450  1.315           5760            1.476        100.0
small_random_02                             0.846037  1335546       1767174  1.323           5795            1.486        100.0
small_random_03                             0.837091  1320352       1769263  1.340           5450            1.369        100.0
small_random_04                             0.850140  1340932       1777129  1.325           5971            1.525        100.0
small_random_05                             0.836804  1320217       1770132  1.341           5853            1.500        100.0
small_random_06                             0.822904  1297520       1800736  1.388           5675            1.405        100.0
small_random_07                             0.825901  1303571       1800087  1.381           5752            1.425        100.0
small_random_08                             0.865635  1366208       1852743  1.356           6455            1.564        100.0
small_random_09                             0.812199  1280786       1802164  1.407           5676            1.406        100.0
small_random_possibly_infeasible_00         0.859836  1357091       1731722  1.276           5598            1.458        100.0
small_random_possibly_infeasible_01         0.814462  1284765       1763170  1.372           5784            1.484        100.0
small_random_possibly_infeasible_02         0.844046  1332268       1811936  1.360           5911            1.461        100.0
small_random_possibly_infeasible_03         0.803869  1267995       1786633  1.409           5520            1.376        100.0
small_random_possibly_infeasible_04         0.838493  1323143       1744089  1.318           5724            1.483        100.0
small_random_possibly_infeasible_05         0.798594  1258652       1766159  1.403           5626            1.426        100.0
small_random_possibly_infeasible_06         0.830438  1309772       1785051  1.363           5710            1.431        100.0
small_random_possibly_infeasible_07         0.821059  1295706       1772602  1.368           5559            1.395        100.0
small_random_possibly_infeasible_08         0.841860  1328990       1826057  1.374           6469            1.589        100.0
small_random_possibly_infeasible_09         0.825428  1302425       1793833  1.377           5480            1.364        100.0

submissions/graph/min_cost_b_flow/anon123.cpp
SHA-256: ee4e525811e53788646a959d348311801a48829fa8a1deb9c95fabe8fe5d7b9a
Measured: bench/graph-polish-20261002/accepted-37 [anon123]
case                                 task-clock (ms)   cycles  instructions    IPC  branch-misses  branch-miss (%)  running (%)
max (large_random_08)                       5.670539        -             -      -              -                -            -
sum                                       133.209600        -             -      -              -                -            -
example_00                                  1.042798  1649192       2441185  1.480           6802            1.214        100.0
example_01                                  1.011940  1600217       2450590  1.531           6612            1.162        100.0
example_02                                  1.025932  1622604       2443521  1.506           6544            1.157        100.0
anti_ssp_00                                 3.222500  5128621       9003992  1.756          20996            1.154        100.0
empty_00                                    1.018800  1610979       2437319  1.513           6504            1.153        100.0
empty_01                                    0.985403  1558612       2451938  1.573           6608            1.162        100.0
empty_02                                    1.021610  1614671       2453849  1.520           6616            1.162        100.0
empty_03                                    1.022594  1605045       2488380  1.550           6903            1.197        100.0
goto_00                                     3.435439  5468907       8882145  1.624          36458            2.041        100.0
goto_01                                     3.266859  5199577       8594139  1.653          32915            1.895        100.0
goto_02                                     3.289433  5235494       8609080  1.644          34658            1.992        100.0
goto_03                                     3.680162  5858860       9356563  1.597          42316            2.271        100.0
goto_04                                     3.507410  5583489       9018277  1.615          37520            2.076        100.0
goto_05                                     3.583664  5706019       9145487  1.603          40505            2.217        100.0
goto_06                                     3.510539  5588031       9102582  1.629          38210            2.097        100.0
goto_07                                     3.454995  5500198       9002961  1.637          36000            1.994        100.0
goto_08                                     3.443626  5480639       8903376  1.625          36838            2.055        100.0
goto_09                                     3.238818  5154373       8629793  1.674          33206            1.903        100.0
handmade_00                                 1.051170  1662632       2555507  1.537           7083            1.201        100.0
handmade_01                                 1.067151  1687340       2569088  1.523           7469            1.263        100.0
handmade_02                                 1.048955  1658736       2494058  1.504           6887            1.198        100.0
handmade_03                                 2.869891  4566051       6375089  1.396          40894            3.185        100.0
large_random_00                             5.443973  8674750      12293939  1.417          90024            3.725        100.0
large_random_01                             5.069675  8077488      11581515  1.434          82047            3.572        100.0
large_random_02                             5.435678  8661647      12240327  1.413          90447            3.753        100.0
large_random_03                             5.056535  8056544      11535723  1.432          82053            3.597        100.0
large_random_04                             5.153807  8211855      11756655  1.432          84550            3.646        100.0
large_random_05                             5.296995  8440519      12000664  1.422          89322            3.769        100.0
large_random_06                             5.309094  8459323      11978740  1.416          88518            3.762        100.0
large_random_07                             5.202588  8289313      11851573  1.430          85432            3.646        100.0
large_random_08                             5.670539  9036591      12683303  1.404          97352            3.921        100.0
large_random_09                             5.471178  8717330      12284895  1.409          89590            3.718        100.0
near_maximum_00                             3.586198  5708853       9571155  1.677          38534            1.997        100.0
near_minimum_00                             4.868713  7757534      11937843  1.539          68975            2.941        100.0
small_random_00                             1.038993  1643010       2454161  1.494           6879            1.222        100.0
small_random_01                             1.031213  1630780       2490242  1.527           7150            1.255        100.0
small_random_02                             1.051930  1663707       2537506  1.525           7111            1.215        100.0
small_random_03                             1.004038  1587773       2439279  1.536           6723            1.200        100.0
small_random_04                             1.062557  1680926       2519256  1.499           7430            1.291        100.0
small_random_05                             1.054797  1669029       2535614  1.519           7363            1.259        100.0
small_random_06                             1.029434  1628278       2502130  1.537           6975            1.205        100.0
small_random_07                             1.011786  1599845       2510513  1.569           6866            1.182        100.0
small_random_08                             1.076770  1703733       2580955  1.515           7800            1.329        100.0
small_random_09                             1.048712  1658655       2535252  1.528           7213            1.233        100.0
small_random_possibly_infeasible_00         1.041050  1646218       2483744  1.509           6886            1.196        100.0
small_random_possibly_infeasible_01         1.043502  1650598       2526310  1.531           7192            1.233        100.0
small_random_possibly_infeasible_02         1.022578  1616592       2537666  1.570           7212            1.231        100.0
small_random_possibly_infeasible_03         1.042454  1649071       2480486  1.504           6902            1.206        100.0
small_random_possibly_infeasible_04         1.049874  1659833       2523086  1.520           7355            1.267        100.0
small_random_possibly_infeasible_05         1.021299  1615343       2509546  1.554           7072            1.219        100.0
small_random_possibly_infeasible_06         1.030456  1629303       2514709  1.543           6869            1.177        100.0
small_random_possibly_infeasible_07         1.072159  1696054       2527988  1.491           7090            1.210        100.0
small_random_possibly_infeasible_08         1.075997  1701622       2560297  1.505           7763            1.331        100.0
small_random_possibly_infeasible_09         1.035339  1637480       2506627  1.531           7054            1.221        100.0

submissions/graph/min_cost_b_flow/drken.cpp
SHA-256: 9ff07049eaf3ea75a84e7a764c84fc98720fcac5dd67dfd3b2509800d865901a
Measured: bench/graph-polish-20261002/accepted-37 [drken]
case                                 task-clock (ms)   cycles  instructions    IPC  branch-misses  branch-miss (%)  running (%)
max (large_random_05)                       3.566826        -             -      -              -                -            -
sum                                        98.619568        -             -      -              -                -            -
example_00                                  1.033378  1634039       2475737  1.515           6906            1.203        100.0
example_01                                  1.025085  1619806       2445174  1.510           6683            1.181        100.0
example_02                                  1.013965  1602659       2468029  1.540           6732            1.172        100.0
anti_ssp_00                                 1.935846  3074850       6092255  1.981          14523            1.272        100.0
empty_00                                    1.028156  1626065       2407538  1.481           6531            1.179        100.0
empty_01                                    1.048189  1658283       2444529  1.474           6746            1.193        100.0
empty_02                                    1.025640  1621935       2447178  1.509           6616            1.164        100.0
empty_03                                    1.040948  1645462       2442701  1.485           6626            1.172        100.0
goto_00                                     2.271884  3611670       6576449  1.821          25665            2.108        100.0
goto_01                                     2.327297  3700100       6693773  1.809          27195            2.199        100.0
goto_02                                     2.433094  3868831       6870205  1.776          31258            2.474        100.0
goto_03                                     2.503528  3981018       7042269  1.769          32982            2.578        100.0
goto_04                                     2.402926  3819538       6839363  1.791          29261            2.324        100.0
goto_05                                     2.538030  4036560       7042106  1.745          35195            2.755        100.0
goto_06                                     2.382089  3787709       6805479  1.797          28228            2.255        100.0
goto_07                                     2.392419  3803347       6847694  1.800          27855            2.223        100.0
goto_08                                     2.369445  3766755       6755510  1.793          28445            2.281        100.0
goto_09                                     2.368594  3766151       6771710  1.798          28696            2.299        100.0
handmade_00                                 1.029488  1628045       2505449  1.539           6853            1.182        100.0
handmade_01                                 1.045465  1653541       2522782  1.526           7281            1.257        100.0
handmade_02                                 1.010411  1598254       2487528  1.556           6862            1.192        100.0
handmade_03                                 1.879323  2984466       4769522  1.598          26000            2.787        100.0
large_random_00                             3.486186  5549966       8652508  1.559          74216            4.920        100.0
large_random_01                             3.294718  5244173       8312052  1.585          65413            4.473        100.0
large_random_02                             3.462308  5511293       8627688  1.565          71795            4.774        100.0
large_random_03                             3.436654  5470557       8538199  1.561          71060            4.745        100.0
large_random_04                             3.403705  5418475       8512518  1.571          70163            4.706        100.0
large_random_05                             3.566826  5678202       8830716  1.555          77637            5.082        100.0
large_random_06                             3.388198  5393618       8390805  1.556          69672            4.749        100.0
large_random_07                             3.407431  5424029       8533653  1.573          70453            4.734        100.0
large_random_08                             3.402276  5415223       8465814  1.563          70233            4.767        100.0
large_random_09                             3.387236  5392054       8456091  1.568          69103            4.675        100.0
near_maximum_00                             2.519740  4007631       7249805  1.809          33170            2.543        100.0
near_minimum_00                             3.033992  4827567       8211645  1.701          52943            3.769        100.0
small_random_00                             1.034150  1635911       2478491  1.515           6861            1.195        100.0
small_random_01                             1.047249  1656310       2472816  1.493           7069            1.250        100.0
small_random_02                             1.034173  1636295       2527975  1.545           7048            1.209        100.0
small_random_03                             1.022548  1617547       2480291  1.533           6923            1.205        100.0
small_random_04                             1.044950  1653104       2525612  1.528           7247            1.246        100.0
small_random_05                             1.034410  1635161       2453564  1.501           6988            1.244        100.0
small_random_06                             1.030981  1630273       2459554  1.509           6847            1.215        100.0
small_random_07                             1.040280  1644885       2483107  1.510           6956            1.214        100.0
small_random_08                             1.059276  1675362       2588223  1.545           7579            1.273        100.0
small_random_09                             1.052664  1665229       2494312  1.498           7168            1.247        100.0
small_random_possibly_infeasible_00         1.031714  1631734       2442452  1.497           6852            1.223        100.0
small_random_possibly_infeasible_01         1.033167  1633630       2461722  1.507           6973            1.237        100.0
small_random_possibly_infeasible_02         1.031549  1631384       2504711  1.535           7073            1.227        100.0
small_random_possibly_infeasible_03         1.037491  1641028       2443590  1.489           6902            1.232        100.0
small_random_possibly_infeasible_04         1.045423  1653436       2524513  1.527           7150            1.223        100.0
small_random_possibly_infeasible_05         1.003163  1585598       2495791  1.574           7013            1.215        100.0
small_random_possibly_infeasible_06         1.042647  1649635       2481591  1.504           6964            1.216        100.0
small_random_possibly_infeasible_07         1.017594  1608461       2447780  1.522           6867            1.223        100.0
small_random_possibly_infeasible_08         1.051914  1663270       2542880  1.529           7368            1.263        100.0
small_random_possibly_infeasible_09         1.029755  1628906       2487934  1.527           6954            1.212        100.0

submissions/graph/min_cost_b_flow/m1une.cpp
SHA-256: e20b01394df28cdd930a5c2b03f03b0e67d65cbd2d2d4bb571f86cd9411182bc
Measured: bench/graph-polish-20261002/accepted-37 [m1une]
case                                 task-clock (ms)   cycles  instructions    IPC  branch-misses  branch-miss (%)  running (%)
max (large_random_05)                       2.804487        -             -      -              -                -            -
sum                                        75.933201        -             -      -              -                -            -
example_00                                  0.856813  1351488       1956165  1.447           5843            1.309        100.0
example_01                                  0.869045  1371574       1923231  1.402           5615            1.280        100.0
example_02                                  0.888860  1402918       1919277  1.368           5593            1.277        100.0
anti_ssp_00                                 1.345364  2131828       3409865  1.600          12869            1.948        100.0
empty_00                                    0.868661  1371037       1909408  1.393           5681            1.311        100.0
empty_01                                    0.864936  1365688       1904951  1.395           5624            1.300        100.0
empty_02                                    0.834893  1317424       1904043  1.445           5455            1.263        100.0
empty_03                                    0.841084  1326422       1913260  1.442           5559            1.274        100.0
goto_00                                     1.547837  2455917       3578715  1.457          24131            3.486        100.0
goto_01                                     1.596668  2533142       3651136  1.441          25523            3.650        100.0
goto_02                                     1.712837  2718921       3801905  1.398          29320            4.055        100.0
goto_03                                     1.763163  2799513       3956824  1.413          30251            4.084        100.0
goto_04                                     1.672924  2653824       3783281  1.426          27670            3.852        100.0
goto_05                                     1.790974  2843674       3989830  1.403          33087            4.441        100.0
goto_06                                     1.640274  2602150       3752690  1.442          26335            3.691        100.0
goto_07                                     1.636527  2597736       3782432  1.456          26423            3.687        100.0
goto_08                                     1.622787  2574386       3719185  1.445          26441            3.720        100.0
goto_09                                     1.654441  2624932       3698369  1.409          26791            3.840        100.0
handmade_00                                 0.851229  1343385       1935029  1.440           5683            1.292        100.0
handmade_01                                 0.889867  1405621       1926447  1.371           6175            1.434        100.0
handmade_02                                 0.873181  1377907       1941810  1.409           5782            1.312        100.0
handmade_03                                 1.452978  2304265       3012592  1.307          24466            4.057        100.0
large_random_00                             2.710058  4310760       5226643  1.212          72832            7.768        100.0
large_random_01                             2.557330  4066311       4961939  1.220          65611            7.274        100.0
large_random_02                             2.646376  4209090       5176925  1.230          71389            7.702        100.0
large_random_03                             2.624858  4175093       5101980  1.222          71433            7.788        100.0
large_random_04                             2.600185  4135369       5074463  1.227          69532            7.628        100.0
large_random_05                             2.804487  4461185       5395895  1.210          77257            8.077        100.0
large_random_06                             2.588306  4116457       5035283  1.223          69429            7.679        100.0
large_random_07                             2.604935  4142096       5135937  1.240          69409            7.512        100.0
large_random_08                             2.631421  4184406       5082917  1.215          70324            7.705        100.0
large_random_09                             2.591318  4121191       5074076  1.231          68148            7.456        100.0
near_maximum_00                             1.740542  2763515       3906255  1.414          31078            4.236        100.0
near_minimum_00                             2.259947  3592141       4759806  1.325          50140            6.002        100.0
small_random_00                             0.901623  1424267       1908671  1.340           6047            1.413        100.0
small_random_01                             0.878873  1387461       1971895  1.421           6138            1.368        100.0
small_random_02                             0.878981  1386772       1956812  1.411           6129            1.381        100.0
small_random_03                             0.873376  1378933       1926683  1.397           5794            1.328        100.0
small_random_04                             0.890949  1407402       1956746  1.390           6131            1.382        100.0
small_random_05                             0.870066  1373192       1961600  1.428           6040            1.352        100.0
small_random_06                             0.903118  1426802       1950862  1.367           5984            1.352        100.0
small_random_07                             0.885464  1398401       1963536  1.404           6023            1.346        100.0
small_random_08                             0.887708  1401343       1965812  1.403           6453            1.450        100.0
small_random_09                             0.874811  1380960       1944248  1.408           5906            1.337        100.0
small_random_possibly_infeasible_00         0.864326  1364307       1931019  1.415           5538            1.261        100.0
small_random_possibly_infeasible_01         0.874242  1380435       1951954  1.414           5769            1.295        100.0
small_random_possibly_infeasible_02         0.891164  1407147       1957406  1.391           6135            1.383        100.0
small_random_possibly_infeasible_03         0.865199  1365838       1942311  1.422           5874            1.332        100.0
small_random_possibly_infeasible_04         0.841171  1326905       1928673  1.454           5812            1.331        100.0
small_random_possibly_infeasible_05         0.847747  1337839       1936652  1.448           5786            1.314        100.0
small_random_possibly_infeasible_06         0.856386  1351139       1945005  1.440           5592            1.260        100.0
small_random_possibly_infeasible_07         0.858715  1354214       1945814  1.437           5530            1.245        100.0
small_random_possibly_infeasible_08         0.855437  1350009       1944688  1.441           5836            1.321        100.0
small_random_possibly_infeasible_09         0.898739  1419253       1956537  1.379           5944            1.333        100.0

submissions/graph/min_cost_b_flow/yosupo.cpp
SHA-256: e1029027e47166ef3d889304afcec18fc35692deb6d322929d7fad7e800e0536
Measured: bench/graph-polish-20261002/accepted-37 [yosupo]
case                                 task-clock (ms)   cycles  instructions    IPC  branch-misses  branch-miss (%)  running (%)
max (large_random_05)                       2.943323        -             -      -              -                -            -
sum                                        83.136009        -             -      -              -                -            -
example_00                                  0.982649  1553711       2390337  1.538           6601            1.194        100.0
example_01                                  0.985026  1557277       2384999  1.532           6377            1.151        100.0
example_02                                  0.989662  1564404       2400484  1.534           6587            1.182        100.0
anti_ssp_00                                 1.460695  2316101       4085244  1.764          14048            1.809        100.0
empty_00                                    0.981638  1551693       2352815  1.516           6338            1.172        100.0
empty_01                                    1.012697  1601410       2355208  1.471           6391            1.180        100.0
empty_02                                    0.986706  1560141       2396071  1.536           6369            1.145        100.0
empty_03                                    0.973168  1537638       2392840  1.556           6363            1.145        100.0
goto_00                                     1.736851  2757200       4234958  1.536          25510            3.201        100.0
goto_01                                     1.780181  2826343       4316639  1.527          27245            3.387        100.0
goto_02                                     1.870841  2970595       4454852  1.500          30839            3.745        100.0
goto_03                                     1.914556  3040747       4631595  1.523          31496            3.724        100.0
goto_04                                     1.830492  2906955       4444118  1.529          28654            3.487        100.0
goto_05                                     2.000955  3178785       4662032  1.467          35145            4.133        100.0
goto_06                                     1.815206  2882542       4400133  1.526          27331            3.362        100.0
goto_07                                     1.830442  2907195       4467801  1.537          27014            3.276        100.0
goto_08                                     1.803179  2862893       4327724  1.512          27535            3.455        100.0
goto_09                                     1.807309  2869490       4399384  1.533          27394            3.355        100.0
handmade_00                                 1.077231  1703814       2397373  1.407           6658            1.202        100.0
handmade_01                                 0.970858  1534417       2381942  1.552           6889            1.263        100.0
handmade_02                                 0.998132  1577733       2365724  1.499           6588            1.212        100.0
handmade_03                                 1.586628  2517576       3586622  1.425          25938            3.624        100.0
large_random_00                             2.816190  4480356       5925821  1.323          74680            7.207        100.0
large_random_01                             2.621389  4169508       5639235  1.352          66005            6.624        100.0
large_random_02                             2.788079  4434566       5857344  1.321          72220            7.107        100.0
large_random_03                             2.788190  4435527       5805232  1.309          72658            7.128        100.0
large_random_04                             2.773767  4412562       5795925  1.314          70580            6.936        100.0
large_random_05                             2.943323  4682556       6079753  1.298          78803            7.531        100.0
large_random_06                             2.737353  4353887       5739484  1.318          69569            6.894        100.0
large_random_07                             2.766382  4401210       5828932  1.324          70582            6.920        100.0
large_random_08                             2.753019  4379733       5780712  1.320          70705            6.989        100.0
large_random_09                             2.723801  4331845       5775238  1.333          69077            6.807        100.0
near_maximum_00                             1.926595  3059572       4587490  1.499          32755            3.925        100.0
near_minimum_00                             2.410409  3831234       5448975  1.422          50670            5.426        100.0
small_random_00                             1.003149  1585466       2404615  1.517           6694            1.201        100.0
small_random_01                             0.983447  1554152       2405571  1.548           6870            1.238        100.0
small_random_02                             0.993290  1570649       2417062  1.539           6868            1.228        100.0
small_random_03                             0.957240  1512698       2409733  1.593           6360            1.135        100.0
small_random_04                             0.984276  1555931       2403410  1.545           6891            1.243        100.0
small_random_05                             0.994998  1572487       2406478  1.530           6845            1.224        100.0
small_random_06                             0.976860  1543905       2403752  1.557           6635            1.191        100.0
small_random_07                             0.980877  1550519       2395372  1.545           6632            1.198        100.0
small_random_08                             0.988954  1562449       2406309  1.540           7216            1.313        100.0
small_random_09                             0.971218  1534739       2404921  1.567           6656            1.194        100.0
small_random_possibly_infeasible_00         0.962514  1521029       2358707  1.551           6416            1.184        100.0
small_random_possibly_infeasible_01         0.976790  1543940       2402628  1.556           6691            1.207        100.0
small_random_possibly_infeasible_02         0.992644  1568181       2402603  1.532           6835            1.233        100.0
small_random_possibly_infeasible_03         0.993107  1569002       2391886  1.524           6662            1.205        100.0
small_random_possibly_infeasible_04         1.011316  1598820       2428905  1.519           6835            1.213        100.0
small_random_possibly_infeasible_05         0.987769  1561936       2403321  1.539           6660            1.196        100.0
small_random_possibly_infeasible_06         0.981992  1552745       2395471  1.543           6683            1.207        100.0
small_random_possibly_infeasible_07         0.969254  1531319       2394731  1.564           6624            1.197        100.0
small_random_possibly_infeasible_08         1.024103  1618255       2426263  1.499           7094            1.271        100.0
small_random_possibly_infeasible_09         0.958612  1515223       2404038  1.587           6559            1.177        100.0

src/graph/min_cost_b_flow/main.cxx
SHA-256: c9ed22f21c556a622310aa3b51af2fcbffaf83d655a68215ded859101ec3533f
Measured: bench/graph-polish-20261002/accepted-37 [main]
case                                 task-clock (ms)   cycles  instructions    IPC  branch-misses  branch-miss (%)  running (%)
max (large_random_06)                       2.520637        -             -      -              -                -            -
sum                                        69.662834        -             -      -              -                -            -
example_00                                  0.783514  1235589       1736032  1.405           5462            1.417        100.0
example_01                                  0.801818  1264446       1797504  1.422           5802            1.426        100.0
example_02                                  0.783831  1235505       1790658  1.449           5540            1.375        100.0
anti_ssp_00                                 1.527520  2421841       5326180  2.199          11093            1.265        100.0
empty_00                                    0.770659  1214664       1748860  1.440           5386            1.387        100.0
empty_01                                    0.791633  1247894       1732468  1.388           5415            1.406        100.0
empty_02                                    0.801005  1263468       1754919  1.389           5511            1.414        100.0
empty_03                                    0.773327  1218762       1792889  1.471           5565            1.379        100.0
goto_00                                     1.580866  2507722       3447037  1.375          26239            4.118        100.0
goto_01                                     1.519994  2410883       3331332  1.382          25195            4.153        100.0
goto_02                                     1.557837  2471606       3423716  1.385          26975            4.352        100.0
goto_03                                     1.521623  2413367       3348576  1.388          25193            4.125        100.0
goto_04                                     1.620939  2572433       3589295  1.395          27343            4.237        100.0
goto_05                                     1.528753  2425110       3390660  1.398          25990            4.163        100.0
goto_06                                     1.582901  2511118       3532452  1.407          27056            4.183        100.0
goto_07                                     1.576514  2501418       3496367  1.398          26291            4.135        100.0
goto_08                                     1.577958  2502428       3526662  1.409          26432            4.040        100.0
goto_09                                     1.573872  2496683       3513233  1.407          26528            4.127        100.0
handmade_00                                 0.783818  1235947       1803375  1.459           5770            1.424        100.0
handmade_01                                 0.766222  1206989       1805913  1.496           5664            1.399        100.0
handmade_02                                 0.783064  1233458       1794151  1.455           5524            1.370        100.0
handmade_03                                 1.525291  2419119       3320715  1.373          30553            5.002        100.0
large_random_00                             2.314875  3679773       4904307  1.333          58737            7.189        100.0
large_random_01                             2.246603  3570968       4874624  1.365          56580            6.907        100.0
large_random_02                             2.341663  3722493       4944674  1.328          58321            7.020        100.0
large_random_03                             2.323595  3694122       4999436  1.353          57597            6.882        100.0
large_random_04                             2.238871  3558248       4914594  1.381          54576            6.614        100.0
large_random_05                             2.427160  3859237       5166584  1.339          59962            7.021        100.0
large_random_06                             2.520637  4008558       5389042  1.344          64278            7.209        100.0
large_random_07                             2.342702  3724210       4983698  1.338          58851            7.042        100.0
large_random_08                             2.347117  3730671       4963418  1.330          58227            7.062        100.0
large_random_09                             2.335215  3712072       5050404  1.361          58306            6.903        100.0
near_maximum_00                             1.576585  2501619       3538116  1.414          27823            4.383        100.0
near_minimum_00                             2.053635  3262035       4546854  1.394          42109            5.365        100.0
small_random_00                             0.784380  1236532       1758830  1.422           5545            1.423        100.0
small_random_01                             0.800698  1263065       1817293  1.439           5848            1.427        100.0
small_random_02                             0.794029  1251471       1807641  1.444           5813            1.433        100.0
small_random_03                             0.798384  1259221       1739910  1.382           5495            1.422        100.0
small_random_04                             0.813261  1283078       1815678  1.415           5968            1.468        100.0
small_random_05                             0.819237  1292010       1811998  1.402           5979            1.472        100.0
small_random_06                             0.794352  1252259       1783029  1.424           5631            1.405        100.0
small_random_07                             0.788034  1242512       1776588  1.430           5470            1.369        100.0
small_random_08                             0.817460  1288853       1835830  1.424           6246            1.515        100.0
small_random_09                             0.814124  1284757       1809005  1.408           5900            1.454        100.0
small_random_possibly_infeasible_00         0.820656  1295223       1772253  1.368           5612            1.421        100.0
small_random_possibly_infeasible_01         0.802009  1265013       1766390  1.396           5454            1.386        100.0
small_random_possibly_infeasible_02         0.805917  1271323       1754454  1.380           5753            1.482        100.0
small_random_possibly_infeasible_03         0.807124  1271597       1755856  1.381           5704            1.457        100.0
small_random_possibly_infeasible_04         0.810588  1278787       1773287  1.387           5597            1.417        100.0
small_random_possibly_infeasible_05         0.828715  1307842       1797029  1.374           5538            1.362        100.0
small_random_possibly_infeasible_06         0.790727  1245809       1751995  1.406           5452            1.395        100.0
small_random_possibly_infeasible_07         0.786479  1239636       1792199  1.446           5501            1.365        100.0
small_random_possibly_infeasible_08         0.789173  1243774       1776111  1.428           5579            1.412        100.0
small_random_possibly_infeasible_09         0.795870  1255228       1758998  1.401           5740            1.466        100.0

src/graph/min_cost_b_flow/naive.cxx
SHA-256: 314f324ff187bd6a14d1fec885ec4b5ef0ef2f279627e5ed1ce0751398458570
Measured: bench/graph-polish-20261002/accepted-37 [naive]
case                                 task-clock (ms)    cycles  instructions    IPC  branch-misses  branch-miss (%)  running (%)
max (goto_05)                              24.650181         -             -      -              -                -            -
sum                                       360.364404         -             -      -              -                -            -
example_00                                  0.839737   1325219       1778043  1.342           5664            1.415        100.0
example_01                                  0.824279   1300895       1785173  1.372           5474            1.362        100.0
example_02                                  0.854464   1348565       1768657  1.312           5377            1.350        100.0
anti_ssp_00                                 1.559422   2474085       3377950  1.365           9521            1.374        100.0
empty_00                                    0.827584   1305999       1784056  1.366           5333            1.328        100.0
empty_01                                    0.828649   1306280       1798039  1.376           5396            1.328        100.0
empty_02                                    0.796620   1256632       1746082  1.389           5480            1.413        100.0
empty_03                                    0.808133   1274768       1750410  1.373           5474            1.410        100.0
goto_00                                    19.477669  31075965      24865144  0.800         594355           13.133        100.0
goto_01                                    21.390553  34129864      27759490  0.813         642806           12.773        100.0
goto_02                                    15.008107  23928395      19204325  0.803         453362           12.942        100.0
goto_03                                    19.013742  30335766      24390569  0.804         585375           13.236        100.0
goto_04                                    16.328032  26048404      21059321  0.808         489162           12.750        100.0
goto_05                                    24.650181  39333750      31696199  0.806         746550           13.020        100.0
goto_06                                    15.763956  25148165      19772603  0.786         489355           13.574        100.0
goto_07                                    17.279042  27566055      21990969  0.798         533534           13.396        100.0
goto_08                                    19.814825  31614338      25670580  0.812         598113           12.844        100.0
goto_09                                    18.549761  29582459      23246569  0.786         575509           13.639        100.0
handmade_00                                 0.827557   1305555       1779986  1.363           5434            1.359        100.0
handmade_01                                 0.836987   1320267       1812923  1.373           6341            1.559        100.0
handmade_02                                 0.836437   1320249       1804105  1.366           5811            1.434        100.0
handmade_03                                 2.098769   3334442       3557632  1.067          47274            6.496        100.0
large_random_00                            11.155111  17790962      12743302  0.716         356774           15.174        100.0
large_random_01                            12.419858  19810449      14279257  0.721         387499           14.680        100.0
large_random_02                            11.530158  18390990      13411014  0.729         361984           14.564        100.0
large_random_03                            11.202500  17867153      13053639  0.731         353471           14.607        100.0
large_random_04                            11.570393  18454034      13567412  0.735         358612           14.275        100.0
large_random_05                            11.331344  18073109      13310834  0.736         350732           14.176        100.0
large_random_06                            13.002675  20739996      15062790  0.726         410789           14.814        100.0
large_random_07                            10.446929  16660906      12114233  0.727         329177           14.583        100.0
large_random_08                            11.874167  18939338      13760551  0.727         374655           14.675        100.0
large_random_09                            11.732263  18712768      13785265  0.737         366766           14.394        100.0
near_maximum_00                            14.953724  23854380      21005602  0.881         391600           10.143        100.0
near_minimum_00                            13.146269  20970239      17074642  0.814         377001           11.905        100.0
small_random_00                             0.827970   1305872       1789056  1.370           5861            1.464        100.0
small_random_01                             0.845601   1334526       1794756  1.345           6205            1.540        100.0
small_random_02                             0.835756   1318913       1808049  1.371           5984            1.473        100.0
small_random_03                             0.813501   1283162       1783875  1.390           5356            1.328        100.0
small_random_04                             0.889298   1403507       1830889  1.305           6527            1.583        100.0
small_random_05                             0.855173   1349723       1801924  1.335           6550            1.621        100.0
small_random_06                             0.828659   1308275       1782245  1.362           5772            1.440        100.0
small_random_07                             0.842693   1329878       1769637  1.331           5715            1.442        100.0
small_random_08                             0.855909   1350945       1832865  1.357           7071            1.724        100.0
small_random_09                             0.867518   1368314       1768143  1.292           5907            1.509        100.0
small_random_possibly_infeasible_00         0.825192   1300871       1785920  1.373           5385            1.340        100.0
small_random_possibly_infeasible_01         0.837613   1322105       1758259  1.330           5585            1.433        100.0
small_random_possibly_infeasible_02         0.857508   1352716       1766823  1.306           5966            1.526        100.0
small_random_possibly_infeasible_03         0.824002   1299277       1759819  1.354           5655            1.450        100.0
small_random_possibly_infeasible_04         0.822717   1297775       1777139  1.369           5433            1.366        100.0
small_random_possibly_infeasible_05         0.834093   1316332       1802921  1.370           5596            1.373        100.0
small_random_possibly_infeasible_06         0.832787   1314319       1793808  1.365           5576            1.383        100.0
small_random_possibly_infeasible_07         0.828083   1306502       1808553  1.384           5577            1.366        100.0
small_random_possibly_infeasible_08         0.828181   1306779       1811489  1.386           5553            1.360        100.0
small_random_possibly_infeasible_09         0.832253   1313554       1773347  1.350           6082            1.549        100.0
