2026-10-02 lenovo / Intel(R) Core(TM) i5-10210U CPU @ 1.60GHz
Two complete passes per binary; per case minimum task-clock; all counters from that same run.
Unchanged binaries reuse their recorded passes; each section identifies its measurement batch.
Cases: 31, including examples. Units: ms. No CPU pinning.
Compiler: g++ (GCC) 16.2.1 20260819 (Red Hat 16.2.1-2); rustc 1.98.1 (48a229cea 2026-09-01)
Build host: fedora; glibc 2.43
Environment: Linux 7.2.8-200.fc44.x86_64; affinity [0, 1, 2, 3]; stack 268435456 bytes; bench_env OK.
cxx_flags.txt: -std=c++23 -DEVAL -DONLINE_JUDGE -Iinclude -O3 -fwhole-program -fno-exceptions -fno-rtti -march=x86-64-v3 -fno-pie -no-pie -nostdlib++ -static -lm -s
cpp_flags.txt: -std=c++23 -DEVAL -DONLINE_JUDGE -Iac-library -include cassert -O3 -fwhole-program -fno-exceptions -fno-rtti -march=x86-64-v3 -fno-pie -no-pie -static -lgmp -s
rust_flags.txt: -C opt-level=3 -C codegen-units=1 -C lto=fat -C panic=abort -C target-cpu=x86-64-v3 -C target-feature=+crt-static -C relocation-model=static -C link-arg=-Wl,-u,__cxa_thread_atexit_impl -C strip=symbols

solution                                max (ms)       sum (ms)
Anonymous                                 64.130505     809.320466
IceKylin                                  74.018903     920.600758
Rac                                       78.282776     982.455042
Rohan_Kapri                               49.968750     671.923078
sigma                                     49.671199     671.105434
main                                      48.659200     657.377094
boruvka                                   82.574627     965.960621
prim                                     267.103445    2662.653305

submissions/graph/minimum_spanning_tree/Anonymous.cpp
SHA-256: b88217e6f17e4cf2729a50f431e3b1034a17c736b69d49a913e107039adefa16
Measured: bench/graph-polish-20261002/first [Anonymous]
case                 task-clock (ms)     cycles  instructions    IPC  branch-misses  branch-miss (%)  running (%)
max (max_random_01)        64.130505          -             -      -              -                -            -
sum                       809.320466          -             -      -              -                -            -
example_00                  0.944896    1492377       2412070  1.616           6801            1.217        100.0
example_01                  0.974612    1540321       2394414  1.554           6825            1.235        100.0
example_02                  0.962466    1521716       2436527  1.601           6771            1.197        100.0
complete_max_00            30.444869   48584216      68118337  1.402         118583            1.059        100.0
complete_max_01            30.368288   48462904      68105469  1.405         117554            1.050        100.0
complete_random_00          1.031748    1631947       2531870  1.551           9568            1.631        100.0
complete_random_01          1.234131    1955044       2864068  1.465          18606            2.819        100.0
complete_random_02          1.632936    2591372       3834955  1.480          10515            1.340        100.0
complete_random_03          3.071003    4886190       7009389  1.435          23275            1.795        100.0
complete_random_04          8.609015   13729094      19787631  1.441          50092            1.488        100.0
max_random_00              63.398379  101188062     129931984  1.284         595529            2.711        100.0
max_random_01              64.130505  102239059     129958631  1.271         594818            2.707        100.0
max_random_02              64.009162  102079183     129973979  1.273         593911            2.702        100.0
max_random_03              63.706000  101557586     130014029  1.280         595383            2.708        100.0
max_random_04              63.701986  101571675     129966875  1.280         596656            2.715        100.0
random_00                  52.749787   84147288     105161100  1.250         615949            3.475        100.0
random_01                  62.434573   99564653     124338524  1.249         674309            3.220        100.0
random_02                  37.926889   60510116      76193365  1.259         358120            3.113        100.0
random_03                  59.241864   94535581     116859559  1.236         677596            3.446        100.0
random_04                  50.386543   80386590      90981178  1.132         779914            5.189        100.0
small_00                   26.525414   42328393      56369779  1.332         185175            1.995        100.0
small_01                   30.684499   48967990      54769257  1.118         496372            5.542        100.0
small_02                   23.234824   37058640      48442388  1.307         145335            1.851        100.0
small_03                    2.920522    4647326       6124577  1.318          38758            3.367        100.0
small_04                    7.177704   11442922      15785886  1.380          61085            2.245        100.0
small_c01_00                1.104852    1748949       2673232  1.528           9890            1.599        100.0
small_c01_01                0.986883    1560652       2456095  1.574           7508            1.323        100.0
small_c01_02                0.983589    1555244       2445512  1.572           7111            1.256        100.0
small_c01_03                0.993964    1571430       2492428  1.586           7925            1.368        100.0
small_c01_04                1.034122    1635872       2603183  1.591           8860            1.468        100.0
star_00                    52.714441   84049051     126625854  1.507         182242            0.840        100.0

submissions/graph/minimum_spanning_tree/IceKylin.cpp
SHA-256: 80ff091296930843be34a96a0f9e7fac38f22e8d987da646c8af15913a5f0268
Measured: bench/graph-polish-20261002/first [IceKylin]
case                 task-clock (ms)     cycles  instructions    IPC  branch-misses  branch-miss (%)  running (%)
max (max_random_02)        74.018903          -             -      -              -                -            -
sum                       920.600758          -             -      -              -                -            -
example_00                  1.009432    1596368       2441613  1.529           7023            1.246        100.0
example_01                  1.000930    1583016       2450871  1.548           6934            1.223        100.0
example_02                  0.979605    1548434       2446121  1.580           6870            1.213        100.0
complete_max_00            34.670890   55330611      84012407  1.518         118772            1.084        100.0
complete_max_01            34.804257   55529169      84044909  1.514         118354            1.080        100.0
complete_random_00          1.040189    1645005       2554583  1.553           9752            1.660        100.0
complete_random_01          1.249862    1980373       2922535  1.476          18958            2.876        100.0
complete_random_02          1.655958    2627644       4016821  1.529          10563            1.361        100.0
complete_random_03          3.272384    5208157       8005543  1.537          23945            1.854        100.0
complete_random_04          9.655715   15399741      23827485  1.547          49919            1.511        100.0
max_random_00              73.919083  117863942     139117658  1.180         811480            4.847        100.0
max_random_01              73.501695  117229927     139188519  1.187         811285            4.840        100.0
max_random_02              74.018903  118011786     139116169  1.179         812600            4.856        100.0
max_random_03              73.919069  117896653     139011933  1.179         811258            4.855        100.0
max_random_04              73.430603  117083213     139150803  1.188         812698            4.848        100.0
random_00                  61.021348   97376856     112664863  1.157         775041            5.647        100.0
random_01                  71.889037  114724844     133178303  1.161         860684            5.340        100.0
random_02                  41.230892   65782780      86624154  1.317         358775            3.139        100.0
random_03                  67.866614  108320375     125261011  1.156         844562            5.546        100.0
random_04                  55.416675   88446958      98136433  1.110         851007            6.917        100.0
small_00                   30.147004   48095937      69399282  1.443         182838            2.009        100.0
small_01                   34.218552   54594162      66411387  1.216         494122            5.645        100.0
small_02                   25.288892   40353905      57226845  1.418         143955            1.886        100.0
small_03                    3.141963    5000407       6910372  1.382          39112            3.394        100.0
small_04                    7.928074   12640583      18907810  1.496          60932            2.274        100.0
small_c01_00                1.098209    1737704       2696615  1.552           9810            1.604        100.0
small_c01_01                1.019411    1612696       2494399  1.547           7850            1.370        100.0
small_c01_02                1.011596    1599795       2477030  1.548           7352            1.285        100.0
small_c01_03                1.031510    1631927       2522140  1.545           8235            1.419        100.0
small_c01_04                1.057628    1672732       2630096  1.572           9343            1.562        100.0
star_00                    59.104778   94316170     141435310  1.500         183011            1.066        100.0

submissions/graph/minimum_spanning_tree/Rac.cpp
SHA-256: fbe0a2f6850bcd14a0619f330c3eff4792035396e67b7b6361c83030a5c9306d
Measured: bench/graph-polish-20261002/first [Rac]
case                 task-clock (ms)     cycles  instructions    IPC  branch-misses  branch-miss (%)  running (%)
max (max_random_01)        78.282776          -             -      -              -                -            -
sum                       982.455042          -             -      -              -                -            -
example_00                  1.606603    2549334       3220951  1.263           6092            0.919        100.0
example_01                  1.601595    2541230       3192571  1.256           5981            0.915        100.0
example_02                  1.589859    2522165       3186261  1.263           5721            0.877        100.0
complete_max_00            38.512070   61462716      82181347  1.337          20700            0.212        100.0
complete_max_01            38.361780   61222308      82226521  1.343          19581            0.200        100.0
complete_random_00          1.631201    2588991       3289962  1.271           6138            0.915        100.0
complete_random_01          1.757943    2791893       3524424  1.262           6333            0.908        100.0
complete_random_02          2.182039    3467843       4521039  1.304           7084            0.871        100.0
complete_random_03          3.913319    6231905       8399676  1.348           8401            0.665        100.0
complete_random_04         11.130438   17752978      23925263  1.348          11421            0.375        100.0
max_random_00              78.217903  124743321     150820593  1.209         664033            3.773        100.0
max_random_01              78.282776  124828677     150695013  1.207         664473            3.783        100.0
max_random_02              78.034789  124466520     150594365  1.210         663390            3.785        100.0
max_random_03              78.118339  124684902     150759326  1.209         662445            3.771        100.0
max_random_04              77.974579  124370759     150562665  1.211         662892            3.783        100.0
random_00                  63.609116  101415565     121733781  1.200         646847            4.520        100.0
random_01                  76.127448  121491309     144106084  1.186         716902            4.256        100.0
random_02                  42.291680   67495286      90713140  1.344         124671            1.128        100.0
random_03                  71.200331  113557061     135373407  1.192         706568            4.453        100.0
random_04                  58.172276   92815400     105726646  1.139         735513            5.826        100.0
small_00                   32.026922   51111227      68176292  1.334          25414            0.312        100.0
small_01                   32.187859   51367627      68001337  1.324          54632            0.671        100.0
small_02                   30.375117   48473613      62656432  1.293         102591            1.355        100.0
small_03                    3.439418    5474192       7330727  1.339          10080            0.888        100.0
small_04                    8.836834   14091696      19028265  1.350          13122            0.528        100.0
small_c01_00                1.681069    2668437       3396385  1.273           6883            1.008        100.0
small_c01_01                1.626911    2580853       3258116  1.262           6159            0.925        100.0
small_c01_02                1.610805    2556534       3202174  1.253           6087            0.930        100.0
small_c01_03                1.614073    2560873       3260815  1.273           6068            0.911        100.0
small_c01_04                1.667811    2647580       3362889  1.270           6692            0.984        100.0
star_00                    63.072139  100581586     145689373  1.448         131204            0.762        100.0

submissions/graph/minimum_spanning_tree/Rohan_Kapri.cpp
SHA-256: f9228747b4a99684702b9639709bb5b59be946b644c087dccda8cbd1eff7bffb
Measured: bench/graph-polish-20261002/first [Rohan_Kapri]
case                task-clock (ms)    cycles  instructions    IPC  branch-misses  branch-miss (%)  running (%)
max (random_01)           49.968750         -             -      -              -                -            -
sum                      671.923078         -             -      -              -                -            -
example_00                 0.965158   1525414       2432390  1.595           6659            1.182        100.0
example_01                 1.009952   1597070       2443052  1.530           6682            1.178        100.0
example_02                 0.983545   1555131       2452841  1.577           6786            1.192        100.0
complete_max_00           29.394068  46864696      83541358  1.783         115273            1.016        100.0
complete_max_01           29.260894  46652880      83318713  1.786         115081            1.019        100.0
complete_random_00         1.027964   1625818       2509275  1.543           9407            1.626        100.0
complete_random_01         1.223482   1937795       2862256  1.477          18899            2.865        100.0
complete_random_02         2.167530   3445464       4390227  1.274          62263            6.140        100.0
complete_random_03         2.850649   4535295       7669311  1.691          22942            1.834        100.0
complete_random_04         8.211065  13092427      23536899  1.798          49589            1.481        100.0
max_random_00             49.464042  78841288     127658387  1.619         573495            2.967        100.0
max_random_01             49.494538  78908863     127657630  1.618         568955            2.946        100.0
max_random_02             49.523320  78925365     128069098  1.623         571666            2.943        100.0
max_random_03             49.631180  79108386     127578207  1.613         572158            2.966        100.0
max_random_04             49.485432  78878218     127579366  1.617         571492            2.962        100.0
random_00                 42.624960  67943488     104030804  1.531         599872            3.829        100.0
random_01                 49.968750  79666217     122892969  1.543         659355            3.571        100.0
random_02                 33.016123  52646019      90112885  1.712         331670            2.699        100.0
random_03                 47.830450  76233131     115756496  1.518         661339            3.810        100.0
random_04                 43.071007  68654916      93569306  1.363         765660            5.588        100.0
small_00                  25.658076  40883766      68950561  1.687         178026            1.902        100.0
small_01                  30.158564  48085627      67720766  1.408         489671            5.419        100.0
small_02                  22.874955  36459053      61105791  1.676         143534            1.796        100.0
small_03                   2.731054   4344045       6566112  1.512          37907            3.449        100.0
small_04                   6.754171  10766543      18546442  1.723          58811            2.184        100.0
small_c01_00               1.082113   1712793       2647209  1.546           9646            1.578        100.0
small_c01_01               0.984558   1556608       2462947  1.582           7454            1.311        100.0
small_c01_02               1.017565   1608809       2443865  1.519           7007            1.244        100.0
small_c01_03               1.012372   1599463       2475635  1.548           7856            1.375        100.0
small_c01_04               1.044391   1651748       2595013  1.571           8862            1.476        100.0
star_00                   37.401150  59627297     120861384  2.027         165727            0.874        100.0

submissions/graph/minimum_spanning_tree/sigma.cpp
SHA-256: f9228747b4a99684702b9639709bb5b59be946b644c087dccda8cbd1eff7bffb
Measured: bench/graph-polish-20261002/first [sigma]
case                task-clock (ms)    cycles  instructions    IPC  branch-misses  branch-miss (%)  running (%)
max (random_01)           49.671199         -             -      -              -                -            -
sum                      671.105434         -             -      -              -                -            -
example_00                 0.996404   1575025       2433330  1.545           6715            1.191        100.0
example_01                 0.951634   1504621       2444069  1.624           6815            1.205        100.0
example_02                 0.962995   1521186       2426993  1.595           6525            1.160        100.0
complete_max_00           29.476825  46962071      83237216  1.772         115544            1.027        100.0
complete_max_01           29.194105  46545344      83305537  1.790         115130            1.020        100.0
complete_random_00         1.032224   1631993       2516196  1.542           9514            1.641        100.0
complete_random_01         1.219917   1932383       2852230  1.476          18705            2.852        100.0
complete_random_02         2.209159   3511052       4393101  1.251          62609            6.174        100.0
complete_random_03         2.857524   4546863       7664118  1.686          23115            1.851        100.0
complete_random_04         8.219421  13105815      23509391  1.794          49599            1.486        100.0
max_random_00             49.489962  78902525     127575594  1.617         574399            2.977        100.0
max_random_01             49.451206  78822541     127617129  1.619         572234            2.965        100.0
max_random_02             49.310769  78603628     127681543  1.624         571608            2.957        100.0
max_random_03             49.433287  78811356     127604068  1.619         570673            2.957        100.0
max_random_04             49.587881  79057535     127546622  1.613         573888            2.977        100.0
random_00                 42.552701  67796811     104015132  1.534         599225            3.826        100.0
random_01                 49.671199  79190681     122921003  1.552         659641            3.572        100.0
random_02                 33.025482  52644159      90064131  1.711         333927            2.723        100.0
random_03                 47.816134  76229388     115906612  1.520         664789            3.818        100.0
random_04                 42.755194  68150954      93600122  1.373         766166            5.588        100.0
small_00                  25.767343  41074859      68895483  1.677         179121            1.918        100.0
small_01                  30.139052  48053696      67726426  1.409         490138            5.424        100.0
small_02                  22.893108  36458765      61117070  1.676         143333            1.793        100.0
small_03                   2.711295   4312759       6572219  1.524          37747            3.429        100.0
small_04                   6.733632  10733885      18506459  1.724          59147            2.206        100.0
small_c01_00               1.074311   1698747       2656434  1.564           9763            1.591        100.0
small_c01_01               1.008141   1593830       2472021  1.551           7557            1.325        100.0
small_c01_02               0.957180   1513391       2439686  1.612           7019            1.247        100.0
small_c01_03               1.019532   1612438       2492705  1.546           7757            1.346        100.0
small_c01_04               1.062303   1680315       2594803  1.544           8866            1.477        100.0
star_00                   37.525514  59845173     120980889  2.022         166053            0.875        100.0

src/graph/minimum_spanning_tree/main.cxx
SHA-256: 1ae1a774ad0286ca4802ca7a93d504cdf258213c1c3690417d5e23c52997df46
Measured: bench/graph-polish-20261002/mst-prefetch [prefetch]
case                 task-clock (ms)    cycles  instructions    IPC  branch-misses  branch-miss (%)  running (%)
max (max_random_04)        48.659200         -             -      -              -                -            -
sum                       657.377094         -             -      -              -                -            -
example_00                  0.863201   1361466       1773926  1.303           5585            1.408        100.0
example_01                  0.835184   1317158       1764823  1.340           5457            1.385        100.0
example_02                  0.836003   1319075       1767753  1.340           5614            1.423        100.0
complete_max_00            33.943893  54126885     104974935  1.939          70384            0.766        100.0
complete_max_01            33.782900  53870781     105133428  1.952          71029            0.767        100.0
complete_random_00          0.885711   1398767       1889962  1.351           5791            1.416        100.0
complete_random_01          0.961188   1518024       2223960  1.465           6216            1.394        100.0
complete_random_02          1.349554   2138498       3432594  1.605           7216            1.331        100.0
complete_random_03          2.925924   4655189       8546902  1.836          11243            1.133        100.0
complete_random_04          9.059200  14446918      28767481  1.991          24847            0.917        100.0
max_random_00              48.453924  77247117     146912509  1.902         338896            2.355        100.0
max_random_01              48.515281  77343728     145829020  1.885         339173            2.401        100.0
max_random_02              48.501760  77322238     145836684  1.886         338253            2.395        100.0
max_random_03              48.540327  77384019     145826584  1.884         338010            2.393        100.0
max_random_04              48.659200  77552123     146515220  1.889         342525            2.393        100.0
random_00                  41.219012  65679934     118814392  1.809         355684            3.057        100.0
random_01                  48.364367  77070758     140548749  1.824         416838            3.030        100.0
random_02                  34.157687  54469079     106516307  1.956         167076            1.530        100.0
random_03                  46.057678  73421092     132255563  1.801         417550            3.223        100.0
random_04                  39.915740  63616655     106870324  1.680         462371            4.285        100.0
small_00                   27.818728  44350223      86539816  1.951          59022            0.776        100.0
small_01                   27.958052  44558559      86581197  1.943          59512            0.788        100.0
small_02                   25.955111  41374247      80155650  1.937          53647            0.767        100.0
small_03                    2.514713   3998322       7176364  1.795          10311            1.176        100.0
small_04                    6.995339  11150606      22293838  1.999          20682            0.966        100.0
small_c01_00                0.891023   1406216       2061442  1.466           6592            1.510        100.0
small_c01_01                0.817417   1289106       1835527  1.424           5823            1.448        100.0
small_c01_02                0.835026   1317141       1846031  1.402           5723            1.383        100.0
small_c01_03                0.817855   1289892       1843696  1.429           5891            1.463        100.0
small_c01_04                0.886732   1400537       1999095  1.427           6212            1.445        100.0
star_00                    24.059364  38390865      75997947  1.980          69117            1.086        100.0

src/graph/minimum_spanning_tree/boruvka.cxx
SHA-256: 35475ffce2f8b59a5d75947ad7f69b69970c63caa11ecfa9b32672eeaebcdd0b
Measured: bench/graph-polish-20261002/mst-algorithms [boruvka]
case                task-clock (ms)     cycles  instructions    IPC  branch-misses  branch-miss (%)  running (%)
max (random_01)           82.574627          -             -      -              -                -            -
sum                      965.960621          -             -      -              -                -            -
example_00                 0.929597    1467241       1779013  1.212           5299            1.316        100.0
example_01                 0.807068    1273007       1746998  1.372           5550            1.432        100.0
example_02                 0.829657    1309031       1754550  1.340           5593            1.438        100.0
complete_max_00           32.310347   51519167      84461060  1.639         135196            1.486        100.0
complete_max_01           32.083577   51159014      83952600  1.641         130473            1.453        100.0
complete_random_00         0.823916    1300345       1841461  1.416           5955            1.482        100.0
complete_random_01         0.907085    1432977       2038945  1.423           6480            1.552        100.0
complete_random_02         1.342640    2126880       3033360  1.426           8915            1.683        100.0
complete_random_03         3.176613    5055339       7093692  1.403          16744            1.744        100.0
complete_random_04        10.895504   17376679      23192131  1.335          42439            1.609        100.0
max_random_00             81.095573  129423491     179117092  1.384        1127647            4.723        100.0
max_random_01             81.144790  129498396     179036753  1.383        1125375            4.720        100.0
max_random_02             81.159042  129477619     178779415  1.381        1127084            4.736        100.0
max_random_03             81.318444  129750438     178581522  1.376        1127499            4.747        100.0
max_random_04             81.316235  129772956     178539751  1.376        1127751            4.750        100.0
random_00                 69.442987  110836520     149379037  1.348        1077010            5.425        100.0
random_01                 82.574627  131714716     177081961  1.344        1262647            5.355        100.0
random_02                 80.497485  128442027     207623902  1.616        1644618            6.220        100.0
random_03                 78.782014  125702893     167486083  1.332        1238804            5.573        100.0
random_04                 74.351360  118627748     153802914  1.297        1429254            7.064        100.0
small_00                  23.812510   37996529      62176304  1.636          93987            1.584        100.0
small_01                  17.050771   27202538      52936418  1.946          70505            1.762        100.0
small_02                  14.465671   23075046      48483755  2.101          63443            1.764        100.0
small_03                   2.258388    3589671       5739229  1.599          13951            1.757        100.0
small_04                   7.646619   12190630      19835174  1.627          38428            1.552        100.0
small_c01_00               0.937031    1479647       2049588  1.385           8488            1.977        100.0
small_c01_01               0.830343    1310198       1816506  1.386           6076            1.528        100.0
small_c01_02               0.824656    1300773       1831244  1.408           5858            1.423        100.0
small_c01_03               0.847104    1336129       1850721  1.385           6289            1.541        100.0
small_c01_04               0.896714    1416490       1985328  1.402           7746            1.827        100.0
star_00                   20.602253   32873108      69482738  2.114          79438            1.343        100.0

src/graph/minimum_spanning_tree/prim.cxx
SHA-256: 7817a11f6233e6f0e5db42567161ef29d271a0e9e7f0d7ef0d1f69e9d109c4b6
Measured: bench/graph-polish-20261002/first [naive]
case                task-clock (ms)     cycles  instructions    IPC  branch-misses  branch-miss (%)  running (%)
max (star_00)            267.103445          -             -      -              -                -            -
sum                     2662.653305          -             -      -              -                -            -
example_00                 0.806917    1272439       1756443  1.380           5587            1.427        100.0
example_01                 0.787808    1240685       1767953  1.425           5551            1.401        100.0
example_02                 0.795477    1254853       1765729  1.407           5410            1.367        100.0
complete_max_00           36.775908   58632414      84582572  1.443         345125            3.420        100.0
complete_max_01           36.876131   58850671      84633223  1.438         340379            3.365        100.0
complete_random_00         0.818551    1291779       1868937  1.447           6387            1.550        100.0
complete_random_01         0.925188    1460783       2099391  1.437           8077            1.868        100.0
complete_random_02         1.353935    2145555       3122670  1.455          13286            2.394        100.0
complete_random_03         3.084340    4907709       7337453  1.495          31013            2.917        100.0
complete_random_04         9.947829   15864503      23677149  1.492          97142            3.255        100.0
max_random_00            246.587726  393578850     322827517  0.820        2433427            4.328        100.0
max_random_01            244.577019  390261195     321200397  0.823        2432714            4.348        100.0
max_random_02            244.264917  389854696     321216970  0.824        2422796            4.330        100.0
max_random_03            244.104908  389588468     319705254  0.821        2427749            4.362        100.0
max_random_04            246.985531  394184860     324412973  0.823        2444417            4.323        100.0
random_00                200.142529  319428673     272713169  0.854        2492003            5.216        100.0
random_01                253.123083  403994769     327191154  0.810        2961627            5.157        100.0
random_02                 95.372402  152194925     136711376  0.898        1817484            8.524        100.0
random_03                237.230284  378641433     308067251  0.814        2902127            5.365        100.0
random_04                187.179783  298733477     237388698  0.795        3003840            7.231        100.0
small_00                  31.440399   50131232      69812134  1.393         320138            3.839        100.0
small_01                  29.929236   47761762      69524355  1.456         305744            3.698        100.0
small_02                  27.222229   43398255      64278916  1.481         282226            3.699        100.0
small_03                   2.700860    4296303       6237053  1.452          30103            3.219        100.0
small_04                   8.117315   12943381      18582796  1.436          92671            3.878        100.0
small_c01_00               0.978104    1546511       2111899  1.366          11466            2.537        100.0
small_c01_01               0.833494    1315874       1828331  1.389           6829            1.693        100.0
small_c01_02               0.818218    1290732       1774813  1.375           6033            1.522        100.0
small_c01_03               0.836760    1319184       1858523  1.409           6958            1.685        100.0
small_c01_04               0.932979    1473939       2013000  1.366           9915            2.280        100.0
star_00                  267.103445  426288738     325226210  0.763        5183734            9.175        100.0
