2026-10-01 lenovo / Intel(R) Core(TM) i5-10210U CPU @ 1.60GHz
Two complete passes; per binary/case minimum task-clock; all counters from that same run.
Cases: 28, including examples. Units: ms. No CPU pinning.
Compiler: g++ (GCC) 16.2.1 20260819 (Red Hat 16.2.1-2); rustc 1.98.1 (48a229cea 2026-09-01)
Build host: master; glibc 2.43
Environment: Linux 7.2.8-200.fc44.x86_64; affinity [0, 1, 2, 3]; stack 268435456 bytes; bench_env OK.
cxx_flags.txt: -std=c++23 -DEVAL -DONLINE_JUDGE -Iinclude -O3 -fwhole-program -fno-exceptions -fno-rtti -march=x86-64-v3 -fno-pie -no-pie -nostdlib++ -static -lm -s
cpp_flags.txt: -std=c++23 -DEVAL -DONLINE_JUDGE -Iac-library -include cassert -O3 -fwhole-program -fno-exceptions -fno-rtti -march=x86-64-v3 -fno-pie -no-pie -static -lgmp -s
rust_flags.txt: -C opt-level=3 -C codegen-units=1 -C lto=fat -C panic=abort -C target-cpu=x86-64-v3 -C target-feature=+crt-static -C relocation-model=static -C link-arg=-Wl,-u,__cxa_thread_atexit_impl -C strip=symbols

solution                                max (ms)       sum (ms)
QedDust413                               196.341668    2013.850536
Rohan_Kapri                              253.578929    2182.221800
adamant                                  253.579174    2182.172895
cmk666                                   251.688848    2830.681042
zjy2008                                  284.240044    3152.042443
main                                     169.168128    1682.614412

submissions/polynomial/polynomial_interpolation_on_geometric_sequence/QedDust413.cpp
SHA-256: d4b9b81b8d229f2fafa35b343f74ac9f5f32b5b911502c6fe7796d71673e2489
case                 task-clock (ms)     cycles  instructions    IPC  branch-misses  branch-miss (%)  running (%)
max (max_random_00)       196.341668          -             -      -              -                -            -
sum                      2013.850536          -             -      -              -                -            -
example_00                  1.010046    1597427       2432338  1.523           6805            1.210        100.0
example_01                  1.016952    1607897       2460240  1.530           6789            1.186        100.0
max_random_00             196.341668  313189980     898576925  2.869         127334            0.099        100.0
max_random_01             196.111245  312828952     898570632  2.872         126774            0.099        100.0
max_random_02             196.139594  312867368     898557064  2.872         126706            0.099        100.0
nar_0_00                    1.010532    1598710       2459581  1.538           6715            1.173        100.0
nar_0_01                    0.999083    1580158       2404386  1.522           6621            1.196        100.0
nar_0_02                    0.983454    1554276       2409586  1.550           6586            1.189        100.0
nar_0_03                    0.990711    1566527       2430652  1.552           6677            1.196        100.0
nar_0_04                    0.988708    1562868       2428188  1.554           6582            1.166        100.0
nar_0_05                    0.986962    1560388       2413038  1.546           6709            1.209        100.0
nar_0_06                    0.990172    1565900       2463106  1.573           6707            1.170        100.0
nar_0_07                    0.994194    1571358       2412480  1.535           6696            1.207        100.0
near_pow2_00               97.232795  155178908     448430327  2.890          67850            0.105        100.0
near_pow2_01               97.169215  155078261     448429117  2.892          67861            0.105        100.0
near_pow2_02               97.309335  155282528     448355206  2.887          68177            0.106        100.0
near_pow2_03              129.859573  207108291     552576574  2.668          69597            0.103        100.0
near_pow2_04              129.701562  206838068     552680712  2.672          69757            0.103        100.0
pow_rN_equal_1_00         133.837453  213426582     574324678  2.691          73303            0.103        100.0
pow_rN_equal_1_01         179.512276  286341030     812055178  2.836         112023            0.099        100.0
pow_rN_equal_1_02          16.811974   26820975      71670853  2.672          16619            0.178        100.0
random_00                 162.106553  258582841     721133543  2.789          96579            0.099        100.0
random_01                 180.799280  288396118     817764509  2.836         112842            0.099        100.0
random_02                  21.533865   34358416      96102425  2.797          20708            0.152        100.0
small_00                    1.001152    1583858       2467174  1.558           6792            1.184        100.0
small_01                    1.002702    1584985       2452277  1.547           6667            1.172        100.0
small_02                    1.008591    1593986       2473821  1.552           6843            1.191        100.0
y0_00                     166.400889  265409059     698579206  2.632          16486            0.018        100.0

submissions/polynomial/polynomial_interpolation_on_geometric_sequence/Rohan_Kapri.cpp
SHA-256: c1d7bf1c6ddc83fc7636229656f54d526339474471778dd0a0fd4c4738ce9dbd
case                 task-clock (ms)     cycles  instructions    IPC  branch-misses  branch-miss (%)  running (%)
max (max_random_00)       253.578929          -             -      -              -                -            -
sum                      2182.221800          -             -      -              -                -            -
example_00                  1.107687    1752915       2541879  1.450           7519            1.287        100.0
example_01                  1.053268    1666167       2520396  1.513           7226            1.244        100.0
max_random_00             253.578929  404468747     748087617  1.850         114193            0.349        100.0
max_random_01             253.302530  404028439     748032881  1.851         112968            0.346        100.0
max_random_02             253.233254  403931652     748156869  1.852         113358            0.347        100.0
nar_0_00                    1.024567    1620085       2489279  1.537           7240            1.265        100.0
nar_0_01                    1.032613    1633191       2518881  1.542           7127            1.218        100.0
nar_0_02                    1.021230    1614834       2500404  1.548           7153            1.239        100.0
nar_0_03                    1.044413    1651189       2535665  1.536           7109            1.209        100.0
nar_0_04                    1.047183    1656273       2478415  1.496           7208            1.268        100.0
nar_0_05                    1.058317    1673818       2547085  1.522           7400            1.255        100.0
nar_0_06                    1.031918    1632581       2517600  1.542           7064            1.208        100.0
nar_0_07                    1.079104    1707028       2522082  1.477           7331            1.262        100.0
near_pow2_00              112.559368  179591025     387842686  2.160          62090            0.318        100.0
near_pow2_01              112.454811  179439037     387809675  2.161          61739            0.317        100.0
near_pow2_02              112.575935  179632828     387721453  2.158          61877            0.318        100.0
near_pow2_03              150.351345  239915025     521335975  2.173          68034            0.275        100.0
near_pow2_04              150.117087  239556068     521224925  2.176          68321            0.277        100.0
pow_rN_equal_1_00         126.482704  201777291     436276246  2.162          65170            0.283        100.0
pow_rN_equal_1_01         156.963400  250347303     534942932  2.137          91228            0.312        100.0
pow_rN_equal_1_02          21.028527   33554330      71767757  2.139          18546            0.353        100.0
random_00                 205.312540  327428835     695676768  2.125          96465            0.293        100.0
random_01                 218.174686  347970737     735880850  2.115         106803            0.303        100.0
random_02                  30.929055   49357195     108794564  2.204          22974            0.304        100.0
small_00                    1.064552    1683729       2533663  1.505           7406            1.266        100.0
small_01                    1.040693    1646069       2508899  1.524           7292            1.267        100.0
small_02                    1.049144    1659507       2535557  1.528           7345            1.256        100.0
y0_00                      11.502940   18347630      36144625  1.970           8167            0.170        100.0

submissions/polynomial/polynomial_interpolation_on_geometric_sequence/adamant.cpp
SHA-256: c1d7bf1c6ddc83fc7636229656f54d526339474471778dd0a0fd4c4738ce9dbd
case                 task-clock (ms)     cycles  instructions    IPC  branch-misses  branch-miss (%)  running (%)
max (max_random_00)       253.579174          -             -      -              -                -            -
sum                      2182.172895          -             -      -              -                -            -
example_00                  1.069628    1692483       2522553  1.490           7335            1.263        100.0
example_01                  1.064906    1684497       2501052  1.485           7209            1.249        100.0
max_random_00             253.579174  404460163     748058482  1.850         113870            0.349        100.0
max_random_01             253.545198  404396989     748097740  1.850         113588            0.348        100.0
max_random_02             253.196226  403861595     748152598  1.852         114511            0.350        100.0
nar_0_00                    1.067870    1689736       2526369  1.495           7227            1.233        100.0
nar_0_01                    1.033192    1633672       2474816  1.515           7152            1.260        100.0
nar_0_02                    1.031337    1631521       2519137  1.544           7089            1.211        100.0
nar_0_03                    1.061700    1679586       2500396  1.489           7182            1.244        100.0
nar_0_04                    1.055227    1668929       2524922  1.513           7180            1.225        100.0
nar_0_05                    1.046720    1655526       2495944  1.508           7336            1.284        100.0
nar_0_06                    1.060732    1678307       2514741  1.498           7219            1.240        100.0
nar_0_07                    1.027244    1624852       2520003  1.551           7353            1.267        100.0
near_pow2_00              112.538836  179570260     387814264  2.160          61637            0.316        100.0
near_pow2_01              112.424690  179388144     387815315  2.162          61631            0.316        100.0
near_pow2_02              112.576064  179646459     387716627  2.158          62256            0.320        100.0
near_pow2_03              150.081307  239428887     521307387  2.177          68396            0.277        100.0
near_pow2_04              150.154684  239632308     521332185  2.176          67326            0.273        100.0
pow_rN_equal_1_00         126.538463  201891830     436708092  2.163          65824            0.284        100.0
pow_rN_equal_1_01         156.797027  250078911     534857976  2.139          90864            0.311        100.0
pow_rN_equal_1_02          20.977556   33471780      71746320  2.143          18240            0.348        100.0
random_00                 205.268978  327366458     695790743  2.125          96738            0.294        100.0
random_01                 218.331218  348218980     736128045  2.114         107728            0.305        100.0
random_02                  30.951200   49378784     108841141  2.204          23430            0.310        100.0
small_00                    1.087397    1720775       2513853  1.461           7301            1.260        100.0
small_01                    1.057838    1672860       2538600  1.518           7393            1.262        100.0
small_02                    1.056784    1672198       2548358  1.524           7353            1.247        100.0
y0_00                      11.491699   18329101      36167819  1.973           8387            0.175        100.0

submissions/polynomial/polynomial_interpolation_on_geometric_sequence/cmk666.cpp
SHA-256: 75db878a619dc500edbd0fa575525af94232ee37726591e4137c23e651256e74
case                 task-clock (ms)     cycles  instructions    IPC  branch-misses  branch-miss (%)  running (%)
max (max_random_00)       251.688848          -             -      -              -                -            -
sum                      2830.681042          -             -      -              -                -            -
example_00                  1.030020    1628867       2461068  1.511           6776            1.192        100.0
example_01                  1.003435    1586746       2442802  1.540           6620            1.171        100.0
max_random_00             251.688848  401713077     832724608  2.073         144843            0.256        100.0
max_random_01             250.456562  399673542     831576921  2.081         144341            0.256        100.0
max_random_02             250.955974  400364288     831680990  2.077         143866            0.255        100.0
nar_0_00                    1.018470    1610386       2422248  1.504           6704            1.200        100.0
nar_0_01                    1.010531    1597817       2420921  1.515           6594            1.181        100.0
nar_0_02                    0.988086    1560672       2408379  1.543           6520            1.178        100.0
nar_0_03                    0.989847    1565134       2411221  1.541           6639            1.198        100.0
nar_0_04                    0.992614    1569604       2446101  1.558           6563            1.160        100.0
nar_0_05                    1.010914    1598748       2466077  1.543           6618            1.153        100.0
nar_0_06                    0.997023    1576141       2444337  1.551           6647            1.176        100.0
nar_0_07                    0.999853    1580705       2470210  1.563           6567            1.143        100.0
near_pow2_00              121.163442  193365703     409639259  2.118          77121            0.272        100.0
near_pow2_01              121.375799  193701308     410131499  2.117          79899            0.281        100.0
near_pow2_02              121.554068  194002934     409858881  2.113          76836            0.271        100.0
near_pow2_03              225.327580  359549694     758734705  2.110          81559            0.161        100.0
near_pow2_04              224.730447  358609230     759101873  2.117          81224            0.160        100.0
pow_rN_equal_1_00         224.959206  358868204     757062591  2.110          84991            0.167        100.0
pow_rN_equal_1_01         242.197372  386464011     803725264  2.080         128761            0.234        100.0
pow_rN_equal_1_02          26.392885   42115305      91730674  2.178          18580            0.272        100.0
random_00                 237.472648  378923014     793927817  2.095         110953            0.208        100.0
random_01                 245.575936  391772106     814491179  2.079         129368            0.235        100.0
random_02                  28.409527   45334464      97626896  2.153          23157            0.319        100.0
small_00                    1.007629    1592626       2477894  1.556           6691            1.162        100.0
small_01                    1.016227    1606411       2475551  1.541           6835            1.192        100.0
small_02                    0.988401    1562300       2477589  1.586           6893            1.203        100.0
y0_00                     245.367698  391525786     808823814  2.066          19721            0.035        100.0

submissions/polynomial/polynomial_interpolation_on_geometric_sequence/zjy2008.cpp
SHA-256: e26af58a6a5e7abb9fa40e3d2e1365c5a73810ac80953b159b18eccc65797df4
case                 task-clock (ms)     cycles  instructions    IPC  branch-misses  branch-miss (%)  running (%)
max (max_random_02)       284.240044          -             -      -              -                -            -
sum                      3152.042443          -             -      -              -                -            -
example_00                  1.065430    1685166       2494332  1.480           6990            1.215        100.0
example_01                  1.047209    1655832       2508042  1.515           6752            1.163        100.0
max_random_00             284.066535  453184234    1241436700  2.739         161888            0.407        100.0
max_random_01             284.178324  453390841    1241126727  2.737         161472            0.407        100.0
max_random_02             284.240044  453547400    1240968714  2.736         162487            0.410        100.0
nar_0_00                    1.010930    1597989       2478679  1.551           6686            1.168        100.0
nar_0_01                    1.024790    1621086       2455948  1.515           6692            1.187        100.0
nar_0_02                    1.014473    1604323       2449506  1.527           6565            1.167        100.0
nar_0_03                    1.048887    1658885       2495074  1.504           6742            1.167        100.0
nar_0_04                    1.018013    1609672       2468259  1.533           6766            1.190        100.0
nar_0_05                    1.024440    1620396       2505728  1.546           6795            1.167        100.0
nar_0_06                    1.040333    1644506       2519054  1.532           6955            1.190        100.0
nar_0_07                    1.028068    1625469       2487496  1.530           6815            1.187        100.0
near_pow2_00              137.367805  219146953     598151204  2.729          85339            0.430        100.0
near_pow2_01              137.741807  219734170     598713040  2.725          86502            0.432        100.0
near_pow2_02              137.896994  219995445     598650193  2.721          85822            0.430        100.0
near_pow2_03              242.017984  386183837    1118454524  2.896          90975            0.327        100.0
near_pow2_04              241.815811  385771388    1118187672  2.899          90228            0.325        100.0
pow_rN_equal_1_00         244.483059  390110386    1126507730  2.888          94379            0.329        100.0
pow_rN_equal_1_01         272.292573  434497577    1208246574  2.781         144020            0.398        100.0
pow_rN_equal_1_02          28.245351   45073419     126457287  2.806          21127            0.517        100.0
random_00                 261.762593  417689556    1176604649  2.817         125070            0.375        100.0
random_01                 273.024799  435673437    1211084907  2.780         145405            0.398        100.0
random_02                  30.939853   49373740     134847588  2.731          25851            0.530        100.0
small_00                    1.052844    1665338       2496731  1.499           6916            1.201        100.0
small_01                    1.025641    1621738       2523977  1.556           6983            1.194        100.0
small_02                    1.041626    1647759       2539391  1.541           7036            1.197        100.0
y0_00                     278.526227  444412569    1215032408  2.734          27511            0.071        100.0

src/polynomial/polynomial_interpolation_on_geometric_sequence/main.cxx
SHA-256: 3d3007fb15318f4b029292bcf83abb9b01f9e3149fb4a7824ffcf06dc79c34bb
case                 task-clock (ms)     cycles  instructions    IPC  branch-misses  branch-miss (%)  running (%)
max (max_random_00)       169.168128          -             -      -              -                -            -
sum                      1682.614412          -             -      -              -                -            -
example_00                  0.821636    1296200       1755360  1.354           5609            1.427        100.0
example_01                  0.812219    1281053       1740461  1.359           5443            1.394        100.0
max_random_00             169.168128  269811438     350220941  1.298          78012            0.375        100.0
max_random_01             168.578967  268915981     350082867  1.302          77258            0.372        100.0
max_random_02             168.432874  268665729     350092025  1.303          78678            0.379        100.0
nar_0_00                    0.795558    1254815       1766757  1.408           5422            1.357        100.0
nar_0_01                    0.786844    1240565       1761014  1.420           5576            1.413        100.0
nar_0_02                    0.812283    1281593       1761146  1.374           5534            1.402        100.0
nar_0_03                    0.780149    1230135       1748101  1.421           5251            1.340        100.0
nar_0_04                    0.819855    1293135       1731321  1.339           5472            1.423        100.0
nar_0_05                    0.810185    1278114       1754959  1.373           5483            1.393        100.0
nar_0_06                    0.782513    1233861       1723704  1.397           5287            1.381        100.0
nar_0_07                    0.794948    1253068       1763678  1.407           5403            1.354        100.0
near_pow2_00               82.482906  131650744     171604656  1.303          42964            0.411        100.0
near_pow2_01               82.685513  131950321     171532122  1.300          43810            0.420        100.0
near_pow2_02               82.758374  132074985     171553179  1.299          44114            0.423        100.0
near_pow2_03              110.331174  175898534     269968225  1.535          48596            0.322        100.0
near_pow2_04              110.323196  175884050     270011311  1.535          48412            0.321        100.0
pow_rN_equal_1_00          85.804447  136852438     166569057  1.217          44734            0.447        100.0
pow_rN_equal_1_01         123.696818  197424280     215456329  1.091          64988            0.466        100.0
pow_rN_equal_1_02          11.123513   17740504      21235615  1.197          12272            0.749        100.0
random_00                 138.692341  221206472     308998287  1.397          61902            0.346        100.0
random_01                 155.301922  247682572     331360492  1.338          71672            0.369        100.0
random_02                  18.362526   29296599      39173118  1.337          15912            0.583        100.0
small_00                    0.826469    1304344       1799721  1.380           5658            1.393        100.0
small_01                    0.826001    1303105       1762239  1.352           5673            1.439        100.0
small_02                    0.802382    1265435       1751835  1.384           5372            1.372        100.0
y0_00                     164.400671  262291667     330929549  1.262          21171            0.105        100.0
