case                  task-clock (ms)    cycles  instructions    IPC  branch-misses  branch-miss (%)  running (%)
max (random_00)             36.660672         -             -      -              -                -            -
sum                        297.824325         -             -      -              -                -            -
example_00                   0.851271   1596403       1596519  1.000           5338            1.544        100.0
example_01                   0.861121   1613972       1598639  0.990           5492            1.594        100.0
almost-decreasing_00        25.488551  48285115     111000348  2.299          14808            0.094        100.0
almost-decreasing_01        12.528090  23730215      52588552  2.216          11274            0.148        100.0
almost-increasing_00        30.324099  57465913     115911853  2.017          15838            0.100        100.0
almost-increasing_01        14.430128  27338238      54461735  1.992          11441            0.152        100.0
decreasing_00               25.449294  48224671     110676852  2.295          16508            0.105        100.0
decreasing_01               12.391980  23471309      52235306  2.225          11202            0.149        100.0
increasing_00               30.223954  57275856     116088994  2.027          15814            0.099        100.0
increasing_01               14.470897  27399884      54383662  1.985          11275            0.150        100.0
random_00                   36.660672  69476485     112230605  1.615         943197            5.986        100.0
random_01                   17.621537  33385684      52951975  1.586         441534            5.866        100.0
random_02                   21.688303  41095228      65648254  1.597         549554            5.910        100.0
random_03                   16.441376  31149000      49287507  1.582         410252            5.835        100.0
random_04                   29.683234  56250051      90256881  1.605         757611            5.968        100.0
small_00                     0.873758   1637726       1590433  0.971           5411            1.571        100.0
small_01                     0.871834   1634526       1590263  0.973           5299            1.545        100.0
small_02                     0.864667   1621084       1602729  0.989           5400            1.556        100.0
small_03                     0.869314   1629899       1592158  0.977           5326            1.552        100.0
small_04                     0.871750   1634512       1597588  0.977           5318            1.529        100.0
small_05                     0.887456   1662946       1595937  0.960           5456            1.586        100.0
small_06                     0.865337   1622736       1614600  0.995           5422            1.543        100.0
small_07                     0.888759   1666180       1601957  0.961           5352            1.543        100.0
small_08                     0.865423   1622048       1604876  0.989           5473            1.576        100.0
small_09                     0.851520   1595935       1588474  0.995           5321            1.547        100.0
