case          task-clock (ms)     cycles  instructions    IPC  branch-misses  branch-miss (%)  running (%)
max (max_01)       148.395898          -             -      -              -                -            -
sum                799.026160          -             -      -              -                -            -
example_00           0.870944    1633855       1611022  0.986           5481            1.571        100.0
max_00             143.534143  272044459     171461016  0.630        1059012            5.301        100.0
max_01             148.395898  281009276     171305636  0.610        1061721            5.323        100.0
max_02             144.032573  272964977     171433937  0.628        1062531            5.320        100.0
random_00           70.464757  133533453      86951652  0.651         433095            4.662        100.0
random_01           47.569361   90139564      61409903  0.681         486128            6.058        100.0
random_02           72.936770  138220685      93957616  0.680         615634            5.681        100.0
small_a_00         143.453564  271715909     168740507  0.621        1086775            5.479        100.0
small_n_00           2.322540    4384643       6052699  1.380           7341            0.825        100.0
small_n_01           8.919337   16890085      24426092  1.446          56850            1.839        100.0
small_n_02           7.697784   14573200      20369057  1.398          58171            2.207        100.0
small_n_03           5.795648   10968534      15003630  1.368          47191            2.351        100.0
small_n_04           3.032841    5729561       7318359  1.277          25681            2.425        100.0
