2026-10-02 lenovo / Intel(R) Core(TM) i5-10210U CPU @ 1.60GHz
Two complete passes per binary; per case minimum task-clock; all counters from that same run.
Unchanged binaries reuse their recorded passes; each section identifies its measurement batch.
Cases: 50, including examples. Units: ms. No CPU pinning.
Compiler: g++ (GCC) 16.2.1 20260819 (Red Hat 16.2.1-2); rustc 1.98.1 (48a229cea 2026-09-01)
Build host: fedora; glibc 2.43
Environment: Linux 7.2.8-200.fc44.x86_64; affinity [0, 1, 2, 3]; stack 268435456 bytes; bench_env OK.
cxx_flags.txt: -std=c++23 -DEVAL -DONLINE_JUDGE -Iinclude -O3 -fwhole-program -fno-exceptions -fno-rtti -march=x86-64-v3 -fno-pie -no-pie -nostdlib++ -static -lm -s
cpp_flags.txt: -std=c++23 -DEVAL -DONLINE_JUDGE -Iac-library -include cassert -O3 -fwhole-program -fno-exceptions -fno-rtti -march=x86-64-v3 -fno-pie -no-pie -static -lgmp -s
rust_flags.txt: -C opt-level=3 -C codegen-units=1 -C lto=fat -C panic=abort -C target-cpu=x86-64-v3 -C target-feature=+crt-static -C relocation-model=static -C link-arg=-Wl,-u,__cxa_thread_atexit_impl -C strip=symbols

solution                                max (ms)       sum (ms)
Anonymous                                 61.247955    1154.879848
Rohan_Kapri                               39.556813     611.642656
adamant                                   55.587163    1008.503100
cmk666                                    61.094741    1155.340592
nandhagk                                  39.476051     610.955177
main                                      28.014221     477.579788
naive                                     56.461300     935.566354

submissions/string/suffixarray/Anonymous.cpp
SHA-256: abe7f357d0c13c23386a7e6675f22bdd2bc286f1f668cc5b0384c49c6551f77b
Measured: bench/string-polish-20261002/first [Anonymous]
case                           task-clock (ms)    cycles  instructions    IPC  branch-misses  branch-miss (%)  running (%)
max (max_random_01)                  61.247955         -             -      -              -                -            -
sum                                1154.879848         -             -      -              -                -            -
example_00                            0.983273   1553996       2428336  1.563           6645            1.189        100.0
example_01                            1.001968   1583385       2480617  1.567           6743            1.170        100.0
example_02                            1.023649   1618503       2438348  1.507           6797            1.213        100.0
example_03                            0.996532   1575215       2430356  1.543           6611            1.182        100.0
all_same_00                          27.574481  44002690      67761431  1.540           8039            0.056        100.0
all_same_01                          27.616320  44068106      68145961  1.546           7951            0.055        100.0
all_same_02                          27.671405  44157541      68193128  1.544           8098            0.056        100.0
all_same_03                          27.546364  43957594      68075638  1.549           7935            0.055        100.0
all_same_04                          27.518616  43913278      67764671  1.543           8146            0.056        100.0
almost_single_00                     27.867796  44470691      68546942  1.541           9169            0.063        100.0
almost_single_01                     28.104073  44847340      68974692  1.538           8145            0.055        100.0
almost_single_02                     28.008607  44695890      68916613  1.542           8151            0.055        100.0
almost_single_03                     27.239089  43466956      66119068  1.521           8132            0.061        100.0
almost_single_04                     28.280453  45112726      68910564  1.528           8800            0.060        100.0
almost_single_05                     28.019608  44712561      68360995  1.529           8562            0.059        100.0
binary_carry_00                      47.013530  75013499     145940212  1.946          42811            0.155        100.0
binary_carry_01                      47.058629  75104626     146914821  1.956          23836            0.086        100.0
fib_str_00                           34.008394  54271791     113266999  2.087          41750            0.187        100.0
fib_str_01                           24.659207  39348765      82821182  2.105          33036            0.202        100.0
fib_str_02                           28.072512  44797410      92238781  2.059          36727            0.205        100.0
fib_str_03                           19.836383  31649593      64359678  2.034          33327            0.260        100.0
fib_str_04                           35.818975  57162344     118212868  2.068          43639            0.190        100.0
hack_00                               1.011872   1599710       2452229  1.533           6894            1.224        100.0
hack_01                               1.003586   1586026       2434400  1.535           6788            1.212        100.0
hack_02                               0.995865   1574154       2449859  1.556           6830            1.213        100.0
max_random_00                        59.407639  94816362      96762094  1.021        1469961            7.773        100.0
max_random_01                        61.247955  97712071      97394865  0.997        1473885            7.743        100.0
max_random_02                        61.208458  97657720      97466106  0.998        1472026            7.722        100.0
max_random_03                        61.011047  97376326      97120880  0.997        1470641            7.748        100.0
max_random_04                        60.830662  97062973      96732269  0.997        1467330            7.754        100.0
near_power_of_2_max_random_00        32.152981  51310841      52722304  1.028         845233            8.164        100.0
near_power_of_2_max_random_01        32.159381  51307500      52702198  1.027         846184            8.180        100.0
near_power_of_2_max_same_00          15.151879  24171593      37310920  1.544           7450            0.093        100.0
near_power_of_2_max_same_01          15.190193  24232678      37300223  1.539           7727            0.097        100.0
one_00                                1.021507   1615166       2433437  1.507           6659            1.190        100.0
random_00                            47.337461  75532566      77275982  1.023        1193219            7.890        100.0
random_01                            56.229333  89727463      91330947  1.018        1395936            7.820        100.0
random_02                             6.688542  10661035      12678125  1.189         177120            6.891        100.0
random_03                            52.124366  83164627      84839213  1.020        1303976            7.861        100.0
random_04                            33.927665  54129334      55560029  1.026         887140            8.138        100.0
small_random_00                       1.016326   1606816       2471044  1.538           6750            1.182        100.0
small_random_01                       1.010780   1597359       2453607  1.536           6660            1.173        100.0
small_random_02                       1.037948   1641153       2470788  1.506           6832            1.196        100.0
small_random_03                       1.004190   1586541       2486068  1.567           6791            1.177        100.0
small_random_04                       1.019074   1611133       2475519  1.537           6890            1.204        100.0
small_random_05                       1.038954   1642840       2489634  1.515           6885            1.192        100.0
small_random_06                       1.023716   1618493       2489189  1.538           6954            1.204        100.0
small_random_07                       1.040628   1645086       2490982  1.514           6903            1.195        100.0
small_random_08                       1.035423   1637073       2466219  1.506           6551            1.141        100.0
small_random_09                       1.032553   1631924       2495965  1.529           7071            1.222        100.0

submissions/string/suffixarray/Rohan_Kapri.cpp
SHA-256: 47ff3371dd77208563585ba0b6d78f880b816e7b5f8f87a3a490dc9ed862552f
Measured: bench/string-polish-20261002/first [Rohan_Kapri]
case                           task-clock (ms)    cycles  instructions    IPC  branch-misses  branch-miss (%)  running (%)
max (binary_carry_01)                39.556813         -             -      -              -                -            -
sum                                 611.642656         -             -      -              -                -            -
example_00                            1.013266   1601840       2453977  1.532           7334            1.293        100.0
example_01                            0.987382   1560869       2429913  1.557           7195            1.279        100.0
example_02                            1.007899   1593149       2454581  1.541           7470            1.317        100.0
example_03                            0.987750   1561229       2450678  1.570           7232            1.276        100.0
all_same_00                           5.914617   9426398      26156378  2.775           8442            0.222        100.0
all_same_01                           6.015451   9573911      26390164  2.756           8683            0.226        100.0
all_same_02                           5.907716   9414232      26247004  2.788           8164            0.214        100.0
all_same_03                           5.963312   9503050      26241708  2.761           8344            0.218        100.0
all_same_04                           5.917284   9430171      26122590  2.770           8456            0.222        100.0
almost_single_00                     14.830870  23658874      45006340  1.902           9226            0.122        100.0
almost_single_01                     14.773360  23567505      44761430  1.899           9044            0.120        100.0
almost_single_02                     14.812321  23629104      44752577  1.894           9134            0.121        100.0
almost_single_03                     15.015581  23954019      46146988  1.926           8838            0.117        100.0
almost_single_04                     14.785304  23585550      44722940  1.896           9335            0.123        100.0
almost_single_05                     14.804041  23616086      44960954  1.904           8983            0.119        100.0
binary_carry_00                      39.312031  62723157     168081320  2.680          24326            0.082        100.0
binary_carry_01                      39.556813  63116696     168792837  2.674          26461            0.089        100.0
fib_str_00                           27.844473  44433427     122125978  2.749          31339            0.145        100.0
fib_str_01                           20.410422  32565224      90002043  2.764          25953            0.163        100.0
fib_str_02                           23.636946  37716930     103069016  2.733          32024            0.175        100.0
fib_str_03                           16.063271  25626464      68569655  2.676          23033            0.190        100.0
fib_str_04                           30.105219  48041262     131238428  2.732          39521            0.172        100.0
hack_00                               1.036112   1638134       2479247  1.513           7627            1.327        100.0
hack_01                               0.984876   1556813       2424011  1.557           7422            1.332        100.0
hack_02                               0.990041   1564847       2430826  1.553           7418            1.327        100.0
max_random_00                        28.632686  45691445      71735814  1.570         629315            5.455        100.0
max_random_01                        28.844718  46029100      72086876  1.566         632266            5.464        100.0
max_random_02                        28.828207  46004076      72167529  1.569         631003            5.439        100.0
max_random_03                        28.760952  45877802      72014701  1.570         630978            5.449        100.0
max_random_04                        28.525590  45521115      71586908  1.573         629020            5.471        100.0
near_power_of_2_max_random_00        15.942868  25434284      39376445  1.548         373980            5.707        100.0
near_power_of_2_max_random_01        15.838690  25267748      39341878  1.557         373147            5.714        100.0
near_power_of_2_max_same_00           3.551872   5653510      14532039  2.570           7933            0.339        100.0
near_power_of_2_max_same_01           3.554543   5658339      14552599  2.572           8054            0.344        100.0
one_00                                0.983440   1553885       2440181  1.570           7070            1.252        100.0
random_00                            22.872448  36485336      57430065  1.574         512234            5.499        100.0
random_01                            26.935345  42982878      67711463  1.575         596563            5.475        100.0
random_02                             3.691171   5877169       9721240  1.654          67572            3.682        100.0
random_03                            25.035849  39949745      62971094  1.576         556394            5.473        100.0
random_04                            16.662782  26584641      41442220  1.559         389680            5.686        100.0
small_random_00                       1.002908   1585397       2433392  1.535           7298            1.296        100.0
small_random_01                       1.014229   1603269       2437452  1.520           7230            1.282        100.0
small_random_02                       1.028419   1625527       2449742  1.507           7365            1.300        100.0
small_random_03                       1.028138   1625044       2455995  1.511           7396            1.303        100.0
small_random_04                       1.011792   1599447       2475533  1.548           7486            1.304        100.0
small_random_05                       1.051163   1662043       2487389  1.497           7480            1.294        100.0
small_random_06                       1.042298   1648305       2461604  1.493           7469            1.313        100.0
small_random_07                       1.036985   1638918       2459676  1.501           7468            1.314        100.0
small_random_08                       1.042303   1647567       2447117  1.485           7278            1.286        100.0
small_random_09                       1.046902   1655337       2471922  1.493           7686            1.348        100.0

submissions/string/suffixarray/adamant.cpp
SHA-256: 86726900ea5b4297a05ee57ea47a0d102b702ea4bd6348d0d6b0948687b27422
Measured: bench/string-polish-20261002/first [adamant]
case                           task-clock (ms)    cycles  instructions    IPC  branch-misses  branch-miss (%)  running (%)
max (max_random_01)                  55.587163         -             -      -              -                -            -
sum                                1008.503100         -             -      -              -                -            -
example_00                            1.044855   1652098       2523842  1.528           7407            1.265        100.0
example_01                            1.035727   1637549       2531720  1.546           7381            1.257        100.0
example_02                            1.042947   1648611       2526348  1.532           7365            1.256        100.0
example_03                            1.044036   1650791       2484815  1.505           7288            1.276        100.0
all_same_00                          18.593390  29652274      86631200  2.922          10103            0.069        100.0
all_same_01                          18.633011  29729646      87158225  2.932          10234            0.069        100.0
all_same_02                          18.477241  29480700      87108260  2.955           9923            0.067        100.0
all_same_03                          18.537779  29576667      87006864  2.942           9919            0.067        100.0
all_same_04                          18.488587  29498175      86542375  2.934           9971            0.068        100.0
almost_single_00                     31.663991  50486671     134765111  2.669          13127            0.058        100.0
almost_single_01                     35.275384  56252199     153155164  2.723          11802            0.047        100.0
almost_single_02                     31.453790  50126622     135235030  2.698          12559            0.056        100.0
almost_single_03                     35.298647  56288976     153430783  2.726          11748            0.047        100.0
almost_single_04                     21.264780  33886307      90846070  2.681          10906            0.067        100.0
almost_single_05                     24.889816  39673948     108170393  2.726          11018            0.059        100.0
binary_carry_00                      30.116517  47974605     109856407  2.290          59583            0.315        100.0
binary_carry_01                      31.269409  49815640     112845006  2.265          39780            0.206        100.0
fib_str_00                           30.714081  48913171      86996480  1.779          57104            0.379        100.0
fib_str_01                           21.489034  34271330      64398365  1.879          41974            0.375        100.0
fib_str_02                           22.423488  35780184      61423174  1.717          42511            0.397        100.0
fib_str_03                           18.766869  29857883      57310692  1.919          31770            0.318        100.0
fib_str_04                           36.288844  57811440     116981385  2.023          54916            0.278        100.0
hack_00                               1.024052   1617878       2514413  1.554           7473            1.294        100.0
hack_01                               1.041661   1647280       2501448  1.519           7404            1.288        100.0
hack_02                               1.024207   1619650       2501033  1.544           7378            1.283        100.0
max_random_00                        54.594188  87132184     107402784  1.233         646461            3.703        100.0
max_random_01                        55.587163  88683620     107992129  1.218         650511            3.707        100.0
max_random_02                        54.833342  87515629     108143188  1.236         648244            3.687        100.0
max_random_03                        54.846096  87536302     107506064  1.228         648877            3.713        100.0
max_random_04                        55.065662  87772435     106865601  1.218         646853            3.726        100.0
near_power_of_2_max_random_00        27.250972  43485806      56163250  1.292         363499            3.912        100.0
near_power_of_2_max_random_01        27.421809  43759213      57104701  1.305         366613            3.870        100.0
near_power_of_2_max_same_00          10.649234  16985060      47518087  2.798           9681            0.118        100.0
near_power_of_2_max_same_01          10.486358  16724724      47438189  2.836           9710            0.119        100.0
one_00                                1.059813   1676867       2528595  1.508           7278            1.238        100.0
random_00                            41.814689  66733634      84068308  1.260         520001            3.783        100.0
random_01                            51.246318  81671567     101260754  1.240         611532            3.707        100.0
random_02                             6.437237  10261288      15224014  1.484          80327            2.949        100.0
random_03                            46.918231  74777756      93602316  1.252         570637            3.735        100.0
random_04                            28.808446  45972242      59365676  1.291         381329            3.889        100.0
small_random_00                       1.052773   1663882       2524741  1.517           7443            1.276        100.0
small_random_01                       1.054475   1667197       2539627  1.523           7475            1.269        100.0
small_random_02                       1.070626   1692769       2537115  1.499           7425            1.261        100.0
small_random_03                       1.070688   1693821       2523425  1.490           7464            1.280        100.0
small_random_04                       1.048125   1657642       2500527  1.508           7334            1.276        100.0
small_random_05                       1.056725   1671810       2528941  1.513           7474            1.279        100.0
small_random_06                       1.069525   1691169       2546207  1.506           7419            1.257        100.0
small_random_07                       1.052306   1664229       2547392  1.531           7489            1.268        100.0
small_random_08                       1.026767   1623699       2508378  1.545           7305            1.260        100.0
small_random_09                       1.079389   1707055       2568985  1.505           7712            1.296        100.0

submissions/string/suffixarray/cmk666.cpp
SHA-256: abe7f357d0c13c23386a7e6675f22bdd2bc286f1f668cc5b0384c49c6551f77b
Measured: bench/string-polish-20261002/first [cmk666]
case                           task-clock (ms)    cycles  instructions    IPC  branch-misses  branch-miss (%)  running (%)
max (max_random_02)                  61.094741         -             -      -              -                -            -
sum                                1155.340592         -             -      -              -                -            -
example_00                            1.006434   1591174       2430430  1.527           6698            1.198        100.0
example_01                            0.985790   1558356       2446247  1.570           6791            1.208        100.0
example_02                            0.999660   1579944       2436535  1.542           6714            1.199        100.0
example_03                            0.977178   1543673       2461213  1.594           6782            1.192        100.0
all_same_00                          27.465443  43828047      67758703  1.546           8102            0.056        100.0
all_same_01                          27.726386  44244873      68225790  1.542           7979            0.055        100.0
all_same_02                          27.585053  44018811      68208374  1.550           8051            0.055        100.0
all_same_03                          27.590726  44012687      68030410  1.546           8296            0.057        100.0
all_same_04                          27.750999  44265955      67882971  1.534           8574            0.059        100.0
almost_single_00                     27.915877  44547561      68472153  1.537           9383            0.065        100.0
almost_single_01                     28.011228  44699523      68969976  1.543           8210            0.056        100.0
almost_single_02                     28.037399  44741196      68908166  1.540           8207            0.056        100.0
almost_single_03                     27.079638  43211476      66044887  1.528           8037            0.060        100.0
almost_single_04                     28.300826  45162490      68903046  1.526           8435            0.057        100.0
almost_single_05                     28.024118  44703291      68363740  1.529           8892            0.062        100.0
binary_carry_00                      47.206759  75319481     145952727  1.938          43450            0.157        100.0
binary_carry_01                      46.812056  74711704     146885854  1.966          23989            0.086        100.0
fib_str_00                           34.040211  54322821     113232898  2.084          41298            0.185        100.0
fib_str_01                           25.289577  40355401      82815060  2.052          33496            0.205        100.0
fib_str_02                           27.636898  44075852      92242029  2.093          36917            0.206        100.0
fib_str_03                           19.395318  30944408      64336543  2.079          32121            0.250        100.0
fib_str_04                           36.552026  58332863     118214003  2.027          43487            0.190        100.0
hack_00                               1.020854   1613988       2491381  1.544           6865            1.188        100.0
hack_01                               1.001046   1582504       2446313  1.546           6840            1.216        100.0
hack_02                               1.021928   1615664       2469443  1.528           6902            1.208        100.0
max_random_00                        60.734624  96918599      96756369  0.998        1467336            7.759        100.0
max_random_01                        61.090567  97502373      97443719  0.999        1475184            7.740        100.0
max_random_02                        61.094741  97479896      97364435  0.999        1472019            7.736        100.0
max_random_03                        61.032378  97391984      97215279  0.998        1469373            7.727        100.0
max_random_04                        59.660371  95220574      96755236  1.016        1467492            7.756        100.0
near_power_of_2_max_random_00        32.735221  52239689      52722869  1.009         843434            8.149        100.0
near_power_of_2_max_random_01        32.137685  51284964      52707568  1.028         846918            8.186        100.0
near_power_of_2_max_same_00          15.183322  24221722      37304046  1.540           7687            0.096        100.0
near_power_of_2_max_same_01          15.177812  24212952      37370650  1.543           7589            0.095        100.0
one_00                                0.973197   1537529       2452698  1.595           6647            1.171        100.0
random_00                            47.230339  75377869      77244996  1.025        1192852            7.892        100.0
random_01                            56.061782  89457895      91313136  1.021        1396002            7.822        100.0
random_02                             6.668119  10628303      12675127  1.193         176946            6.885        100.0
random_03                            52.086145  83115384      85052582  1.023        1303479            7.832        100.0
random_04                            33.887357  54079459      55531952  1.027         886681            8.139        100.0
small_random_00                       1.006186   1591034       2445708  1.537           6660            1.185        100.0
small_random_01                       1.010153   1596549       2464290  1.544           6702            1.176        100.0
small_random_02                       1.010431   1597425       2467259  1.545           6808            1.193        100.0
small_random_03                       1.001304   1582884       2464553  1.557           6789            1.191        100.0
small_random_04                       1.027962   1625937       2500092  1.538           6900            1.187        100.0
small_random_05                       1.045140   1652009       2479997  1.501           6957            1.214        100.0
small_random_06                       1.031139   1630404       2500539  1.534           6915            1.190        100.0
small_random_07                       1.005250   1588360       2475020  1.558           6895            1.205        100.0
small_random_08                       1.014586   1604155       2454043  1.530           6585            1.160        100.0
small_random_09                       1.001353   1583421       2505422  1.582           7058            1.212        100.0

submissions/string/suffixarray/nandhagk.cpp
SHA-256: 47ff3371dd77208563585ba0b6d78f880b816e7b5f8f87a3a490dc9ed862552f
Measured: bench/string-polish-20261002/first [nandhagk]
case                           task-clock (ms)    cycles  instructions    IPC  branch-misses  branch-miss (%)  running (%)
max (binary_carry_01)                39.476051         -             -      -              -                -            -
sum                                 610.955177         -             -      -              -                -            -
example_00                            1.010005   1596050       2461124  1.542           7259            1.270        100.0
example_01                            1.024666   1619964       2454008  1.515           7364            1.298        100.0
example_02                            0.997930   1577127       2467745  1.565           7394            1.292        100.0
example_03                            1.009455   1595737       2463466  1.544           7290            1.281        100.0
all_same_00                           5.883946   9377073      26100113  2.783           8222            0.216        100.0
all_same_01                           5.982715   9535074      26298236  2.758           8295            0.217        100.0
all_same_02                           5.915266   9427423      26301316  2.790           8218            0.214        100.0
all_same_03                           5.931202   9451983      26258362  2.778           8363            0.218        100.0
all_same_04                           5.843077   9311659      26131278  2.806           8264            0.217        100.0
almost_single_00                     14.844940  23681708      45004840  1.900           9170            0.121        100.0
almost_single_01                     14.858846  23703502      44788786  1.890           9113            0.120        100.0
almost_single_02                     14.791760  23596449      44738017  1.896           9050            0.119        100.0
almost_single_03                     15.040359  23993456      46190782  1.925           9153            0.121        100.0
almost_single_04                     14.759401  23545155      44682201  1.898           9089            0.120        100.0
almost_single_05                     14.779823  23577757      44957334  1.907           8780            0.116        100.0
binary_carry_00                      39.239490  62621766     168109678  2.685          25220            0.085        100.0
binary_carry_01                      39.476051  62984517     168756847  2.679          25733            0.087        100.0
fib_str_00                           27.812163  44380775     122151024  2.752          31888            0.148        100.0
fib_str_01                           20.349482  32468418      89999977  2.772          26567            0.167        100.0
fib_str_02                           23.804735  37970758     103143264  2.716          32554            0.178        100.0
fib_str_03                           16.037904  25585113      68522336  2.678          22532            0.186        100.0
fib_str_04                           29.878370  47679470     131237307  2.752          39665            0.172        100.0
hack_00                               0.998210   1577636       2441430  1.548           7525            1.343        100.0
hack_01                               1.008717   1594216       2441130  1.531           7676            1.369        100.0
hack_02                               1.005682   1589807       2435916  1.532           7499            1.340        100.0
max_random_00                        28.618930  45668895      71725879  1.571         628755            5.451        100.0
max_random_01                        28.765317  45875051      72116192  1.572         633644            5.473        100.0
max_random_02                        28.688956  45781861      72090328  1.575         630975            5.452        100.0
max_random_03                        28.739891  45862015      72032388  1.571         630959            5.447        100.0
max_random_04                        28.583899  45595903      71585330  1.570         630147            5.481        100.0
near_power_of_2_max_random_00        15.869760  25317875      39311433  1.553         374116            5.729        100.0
near_power_of_2_max_random_01        15.895756  25336664      39351108  1.553         373624            5.719        100.0
near_power_of_2_max_same_00           3.530475   5620319      14566787  2.592           7989            0.340        100.0
near_power_of_2_max_same_01           3.517472   5599473      14563499  2.601           8052            0.343        100.0
one_00                                1.011886   1599781       2432170  1.520           7189            1.278        100.0
random_00                            22.930714  36589035      57474095  1.571         510484            5.468        100.0
random_01                            26.942794  42994632      67704576  1.575         596204            5.472        100.0
random_02                             3.686423   5869434       9760486  1.663          67371            3.648        100.0
random_03                            24.991408  39879122      62977345  1.579         556376            5.471        100.0
random_04                            16.729123  26688464      41495421  1.555         390057            5.674        100.0
small_random_00                       0.999983   1580899       2454046  1.552           7383            1.302        100.0
small_random_01                       1.016214   1606779       2454738  1.528           7357            1.297        100.0
small_random_02                       1.024910   1619547       2474044  1.528           7445            1.297        100.0
small_random_03                       1.016626   1606748       2457371  1.529           7316            1.288        100.0
small_random_04                       1.022418   1616475       2478094  1.533           7560            1.316        100.0
small_random_05                       0.995526   1574176       2460415  1.563           7447            1.310        100.0
small_random_06                       1.009913   1596283       2476582  1.551           7464            1.300        100.0
small_random_07                       0.991220   1566321       2452288  1.566           7309            1.289        100.0
small_random_08                       1.049014   1657940       2469117  1.489           7438            1.298        100.0
small_random_09                       1.042354   1647023       2494943  1.515           7873            1.363        100.0

src/string/suffixarray/main.cxx
SHA-256: 28fa70eac78c770b483a2f64782f46367e5501bd3e20833df620fc9f902ca629
Measured: bench/string-polish-20261002/seventh [main]
case                           task-clock (ms)    cycles  instructions    IPC  branch-misses  branch-miss (%)  running (%)
max (max_random_01)                  28.014221         -             -      -              -                -            -
sum                                 477.579788         -             -      -              -                -            -
example_00                            0.825408   1301746       1747905  1.343           5576            1.427        100.0
example_01                            0.834168   1315513       1799626  1.368           5563            1.366        100.0
example_02                            0.821245   1295278       1752657  1.353           5619            1.444        100.0
example_03                            0.826903   1303796       1804219  1.384           5549            1.361        100.0
all_same_00                           3.676078   5840542      17935969  3.071           7253            0.351        100.0
all_same_01                           3.686308   5868849      18052123  3.076           6822            0.327        100.0
all_same_02                           3.694538   5882129      18010760  3.062           6924            0.334        100.0
all_same_03                           3.656117   5820432      17972541  3.088           6880            0.333        100.0
all_same_04                           3.633969   5785850      17887940  3.092           6807            0.331        100.0
almost_single_00                     19.694650  31423032      60210396  1.916           8601            0.078        100.0
almost_single_01                     12.591387  20083832      45673071  2.274           7487            0.088        100.0
almost_single_02                     11.696140  18654476      38994630  2.090           7690            0.108        100.0
almost_single_03                     12.293700  19608256      40480852  2.064           7645            0.115        100.0
almost_single_04                     11.690663  18646785      39033339  2.093           7709            0.108        100.0
almost_single_05                     12.822681  20453665      46099423  2.254           7712            0.091        100.0
binary_carry_00                       7.714635  12299806      38238656  3.109          10475            0.146        100.0
binary_carry_01                       7.763658  12376709      38400457  3.103          10248            0.143        100.0
fib_str_00                           17.983218  28691658      77856925  2.714          24860            0.181        100.0
fib_str_01                           15.451876  24650667      66768560  2.709          22111            0.190        100.0
fib_str_02                           15.168375  24198318      64661796  2.672          23684            0.207        100.0
fib_str_03                            9.899097  15787225      44302478  2.806          24682            0.316        100.0
fib_str_04                           23.005586  36697191      97359126  2.653          32216            0.190        100.0
hack_00                               0.830597   1310088       1812746  1.384           5919            1.469        100.0
hack_01                               0.796664   1256852       1782048  1.418           5585            1.408        100.0
hack_02                               0.859896   1357441       1796840  1.324           5849            1.471        100.0
max_random_00                        27.762065  44289174      68044753  1.536         706812            6.470        100.0
max_random_01                        28.014221  44704860      68473617  1.532         712328            6.481        100.0
max_random_02                        27.877527  44486461      68393765  1.537         710300            6.477        100.0
max_random_03                        27.843495  44431055      68276725  1.537         710237            6.481        100.0
max_random_04                        27.778224  44327345      67952068  1.533         706405            6.476        100.0
near_power_of_2_max_random_00        14.757676  23542656      37835421  1.607         361377            5.895        100.0
near_power_of_2_max_random_01        15.290814  24392647      39046674  1.601         359665            5.630        100.0
near_power_of_2_max_same_00           2.536427   4033108      10644784  2.639           6730            0.501        100.0
near_power_of_2_max_same_01           2.980605   4741847      11816405  2.492           6438            0.405        100.0
one_00                                0.801905   1264684       1803340  1.426           5579            1.368        100.0
random_00                            21.922944  34980677      54744586  1.565         549295            6.234        100.0
random_01                            26.162866  41724136      64386255  1.543         661549            6.397        100.0
random_02                             3.758022   5982703       9650148  1.613          75886            4.539        100.0
random_03                            24.249821  38694711      59926516  1.549         610674            6.339        100.0
random_04                            15.565089  24831222      39826924  1.604         383894            5.962        100.0
small_random_00                       0.862402   1361110       1805452  1.326           5748            1.430        100.0
small_random_01                       0.821838   1296124       1803850  1.392           5816            1.450        100.0
small_random_02                       0.855574   1350083       1841669  1.364           5804            1.398        100.0
small_random_03                       0.864122   1363743       1801893  1.321           5772            1.440        100.0
small_random_04                       0.801800   1264420       1804205  1.427           5815            1.447        100.0
small_random_05                       0.851465   1343295       1838809  1.369           5654            1.365        100.0
small_random_06                       0.829238   1307138       1808757  1.384           5830            1.448        100.0
small_random_07                       0.851864   1343647       1837701  1.368           5620            1.358        100.0
small_random_08                       0.807733   1273711       1768333  1.388           5584            1.415        100.0
small_random_09                       0.814494   1284813       1796802  1.398           5883            1.471        100.0

src/string/suffixarray/naive.cxx
SHA-256: 7761fd3f8d923a31b9c7ccc46defea1b7b86e10570d258722d8b361f547fe76f
Measured: bench/string-polish-20261002/eighth [naive]
case                           task-clock (ms)    cycles  instructions    IPC  branch-misses  branch-miss (%)  running (%)
max (max_random_01)                  56.461300         -             -      -              -                -            -
sum                                 935.566354         -             -      -              -                -            -
example_00                            0.807193   1272751       1792815  1.409           5549            1.369        100.0
example_01                            0.792836   1249043       1795624  1.438           5613            1.382        100.0
example_02                            0.799962   1261869       1747769  1.385           5494            1.409        100.0
example_03                            0.830640   1310155       1794902  1.370           5625            1.385        100.0
all_same_00                          11.434483  18225249      38051138  2.088           7891            0.113        100.0
all_same_01                          11.453743  18267900      38249446  2.094           7423            0.106        100.0
all_same_02                          11.479739  18309950      38239211  2.088           7586            0.108        100.0
all_same_03                          11.449375  18261882      38170093  2.090           7560            0.108        100.0
all_same_04                          11.368250  18131326      38003632  2.096           7664            0.110        100.0
almost_single_00                     19.269934  30744320      59378823  1.931           8249            0.075        100.0
almost_single_01                     19.117545  30501319      58776090  1.927           8044            0.072        100.0
almost_single_02                     19.174470  30592116      58815498  1.923           8387            0.075        100.0
almost_single_03                     20.276657  32351596      62586067  1.935           7731            0.073        100.0
almost_single_04                     19.140113  30537431      58809791  1.926           8091            0.073        100.0
almost_single_05                     19.361260  30890201      59529525  1.927           8118            0.074        100.0
binary_carry_00                      43.473036  69363213     177590679  2.560          21662            0.069        100.0
binary_carry_01                      43.496997  69419804     178243552  2.568          19209            0.061        100.0
fib_str_00                           29.565232  47179888     126369265  2.678          27873            0.123        100.0
fib_str_01                           22.396743  35736911      93073878  2.604          55853            0.337        100.0
fib_str_02                           25.464846  40635129     108037413  2.659          26733            0.138        100.0
fib_str_03                           13.415450  21384955      58932638  2.756          24532            0.228        100.0
fib_str_04                           31.930473  50954631     136334883  2.676          31694            0.131        100.0
hack_00                               0.834285   1316609       1810254  1.375           5711            1.398        100.0
hack_01                               0.806992   1272221       1811161  1.424           5783            1.414        100.0
hack_02                               0.842902   1329507       1810659  1.362           5831            1.426        100.0
max_random_00                        55.885743  89194694     107088270  1.201        1649975            8.816        100.0
max_random_01                        56.461300  90113687     107735093  1.196        1659793            8.819        100.0
max_random_02                        56.190356  89681881     107741497  1.201        1656726            8.799        100.0
max_random_03                        56.243008  89721828     107540776  1.199        1660971            8.837        100.0
max_random_04                        55.913167  89221017     106957925  1.199        1653210            8.843        100.0
near_power_of_2_max_random_00        29.496873  47072042      58325768  1.239         894547            8.733        100.0
near_power_of_2_max_random_01        30.195373  48186236      59499203  1.235         892178            8.501        100.0
near_power_of_2_max_same_00           6.671103  10633432      21385502  2.011           7150            0.180        100.0
near_power_of_2_max_same_01           7.170011  11429239      22563980  1.974           6851            0.162        100.0
one_00                                0.796147   1255003       1772261  1.412           5472            1.364        100.0
random_00                            44.141975  70447580      85571741  1.215        1313901            8.772        100.0
random_01                            52.662773  84049309     101149114  1.203        1558626            8.813        100.0
random_02                             6.623773  10557787      13780453  1.305         193329            7.713        100.0
random_03                            48.709158  77739169      93940378  1.208        1447080            8.806        100.0
random_04                            31.299162  49947406      61503989  1.231         943832            8.743        100.0
small_random_00                       0.837970   1321380       1806605  1.367           5779            1.415        100.0
small_random_01                       0.801689   1263280       1807251  1.431           5696            1.395        100.0
small_random_02                       0.824532   1300325       1805604  1.389           5730            1.405        100.0
small_random_03                       0.791945   1247999       1805674  1.447           5708            1.399        100.0
small_random_04                       0.801665   1263619       1790051  1.417           5695            1.406        100.0
small_random_05                       0.808540   1274000       1806779  1.418           5740            1.408        100.0
small_random_06                       0.813511   1282840       1807095  1.409           5771            1.414        100.0
small_random_07                       0.809242   1275958       1812035  1.420           5830            1.425        100.0
small_random_08                       0.807919   1273958       1747661  1.372           5342            1.371        100.0
small_random_09                       0.826263   1303098       1809934  1.389           5809            1.421        100.0
