2026-10-02 lenovo / Intel(R) Core(TM) i5-10210U CPU @ 1.60GHz
Two complete passes per binary; per case minimum task-clock; all counters from that same run.
Unchanged binaries reuse their recorded passes; each section identifies its measurement batch.
Cases: 27, including examples. Units: ms. No CPU pinning.
Compiler: g++ (GCC) 16.2.1 20260819 (Red Hat 16.2.1-2); rustc 1.98.1 (48a229cea 2026-09-01)
Build host: fedora; glibc 2.43
Environment: Linux 7.2.8-200.fc44.x86_64; affinity [0, 1, 2, 3]; stack 268435456 bytes; bench_env OK.
cxx_flags.txt: -std=c++23 -DEVAL -DONLINE_JUDGE -Iinclude -O3 -fwhole-program -fno-exceptions -fno-rtti -march=x86-64-v3 -fno-pie -no-pie -nostdlib++ -static -lm -s
cpp_flags.txt: -std=c++23 -DEVAL -DONLINE_JUDGE -Iac-library -include cassert -O3 -fwhole-program -fno-exceptions -fno-rtti -march=x86-64-v3 -fno-pie -no-pie -static -lgmp -s
rust_flags.txt: -C opt-level=3 -C codegen-units=1 -C lto=fat -C panic=abort -C target-cpu=x86-64-v3 -C target-feature=+crt-static -C relocation-model=static -C link-arg=-Wl,-u,__cxa_thread_atexit_impl -C strip=symbols

solution                                max (ms)       sum (ms)
Kiffaz11                                 147.077626     948.163294
Nachia                                   206.052034    1447.076536
Rohan_Kapri                              147.946522     953.458489
ssmkybb                                  196.146641    1340.884356
urectanc                                 165.060206     959.426093
main                                     108.118792     471.752141
naive                                    114.794727     778.885179

submissions/graph/cycle_detection_undirected/Kiffaz11.cpp
SHA-256: 812a0f080ed1dd5584406b87177b418fc4c1942c4be2afa83339ef5017f234b1
Measured: bench/graph-polish-20261002/accepted-37 [Kiffaz11]
case             task-clock (ms)     cycles  instructions    IPC  branch-misses  branch-miss (%)  running (%)
max (tree_01)         147.077626          -             -      -              -                -            -
sum                   948.163294          -             -      -              -                -            -
example_00              2.548601    4053240       4798063  1.184           7116            0.656        100.0
example_01              2.566345    4081783       4773743  1.170           7120            0.662        100.0
example_02              2.581968    4106825       4773828  1.162           7095            0.659        100.0
example_03              2.584352    4110869       4800613  1.168           7215            0.664        100.0
example_04              2.553047    4059925       4751165  1.170           7145            0.668        100.0
long_cycle_00         121.662852  194091684     170911847  0.881         418514            1.816        100.0
long_cycle_01         119.038292  189889156     160726126  0.846         426429            2.060        100.0
long_cycle_02          11.105675   17712346      25550287  1.443          49693            1.303        100.0
random_00              29.072354   46393087     100606778  2.169         233796            2.023        100.0
random_01              29.551587   47131824     101975618  2.164         201285            1.711        100.0
random_02              22.488180   35883698      84374517  2.351         161039            1.681        100.0
random_03              10.466212   16693061      25518911  1.529          77851            1.394        100.0
random_04              20.582693   32841353      39740397  1.210         331510            5.080        100.0
random_05              28.617182   45667181      97285215  2.130         280428            2.527        100.0
random_06              18.340749   29263377      61051312  2.086         120040            1.639        100.0
random_07               4.793975    7638918      10696085  1.400          35938            1.609        100.0
random_08              22.429138   35790468      75392115  2.106         258155            2.974        100.0
random_09              13.581958   21653991      46819770  2.162          74317            1.321        100.0
random_dense_00        19.898867   31750636      74708293  2.353         138574            1.616        100.0
random_dense_01        24.847984   39649708      71550054  1.805         450210            5.475        100.0
random_dense_02        19.694145   31423249      73070737  2.325         118159            1.402        100.0
tree_00               116.138635  185291366     120701932  0.651         801038            4.829        100.0
tree_01               147.077626  234720853     142874579  0.609         917794            4.703        100.0
tree_02                 9.947247   15863008      19636605  1.238         103053            3.322        100.0
unicyclic_00           85.021087  135703069     110548306  0.815         594884            4.215        100.0
unicyclic_01           53.040742   84638178     118004720  1.394         345930            2.483        100.0
unicyclic_02            7.931801   12645609      17866631  1.413          69208            2.587        100.0

submissions/graph/cycle_detection_undirected/Nachia.cpp
SHA-256: 80be69fab1a6ddae0427312ed0096ce8f01e9e9b4a2e44c50b4fa04e56c5e9b3
Measured: bench/graph-polish-20261002/accepted-37 [Nachia]
case                 task-clock (ms)     cycles  instructions    IPC  branch-misses  branch-miss (%)  running (%)
max (long_cycle_01)       206.052034          -             -      -              -                -            -
sum                      1447.076536          -             -      -              -                -            -
example_00                  0.801669    1264682       1860052  1.471           5609            1.333        100.0
example_01                  0.808799    1276046       1865624  1.462           5634            1.335        100.0
example_02                  0.804989    1269788       1869147  1.472           5557            1.314        100.0
example_03                  0.792688    1250345       1867994  1.494           5714            1.360        100.0
example_04                  0.804865    1269575       1857409  1.463           5572            1.326        100.0
long_cycle_00             181.832910  290130513     216717193  0.747         587882            1.353        100.0
long_cycle_01             206.052034  328790164     220393950  0.670         540724            1.240        100.0
long_cycle_02              14.684942   23426322      28980548  1.237          75239            1.274        100.0
random_00                  54.721211   87317881     141524107  1.621         238492            0.836        100.0
random_01                  56.342082   89923932     144716116  1.609         202014            0.693        100.0
random_02                  42.117012   67201424     116240233  1.730         195025            0.830        100.0
random_03                  16.269790   25957875      38692890  1.491          76998            1.016        100.0
random_04                  30.183224   48166909      54575948  1.133         342875            3.210        100.0
random_05                  54.039659   86224410     136906632  1.588         294414            1.067        100.0
random_06                  35.214640   56199335      88302760  1.571         124415            0.697        100.0
random_07                   5.001252    7968397      12004540  1.507          37102            1.546        100.0
random_08                  42.207645   67360271     106314940  1.578         278989            1.300        100.0
random_09                  22.887719   36522132      62760977  1.718          78652            0.616        100.0
random_dense_00            35.412866   56501483     107649996  1.905         151730            0.687        100.0
random_dense_01            38.679130   61686862     104092896  1.687         462692            2.160        100.0
random_dense_02            36.228840   57775257     108717484  1.882         174809            0.777        100.0
tree_00                   139.908149  223232221     166017563  0.744         722163            2.233        100.0
tree_01                   175.665873  280314205     198055902  0.707         816664            2.119        100.0
tree_02                    12.540964   20003606      23277372  1.164         100865            2.185        100.0
unicyclic_00               81.796617  130496353     144204594  1.105         391658            1.371        100.0
unicyclic_01              152.952609  244041981     188875499  0.774         695651            1.896        100.0
unicyclic_02                8.324358   13260783      19929369  1.503          50775            1.254        100.0

submissions/graph/cycle_detection_undirected/Rohan_Kapri.cpp
SHA-256: f86629194500eb6fd63c887317d8c1fc1cfd3b9bc394a0a4f3baee78cc64079f
Measured: bench/graph-polish-20261002/accepted-37 [Rohan_Kapri]
case             task-clock (ms)     cycles  instructions    IPC  branch-misses  branch-miss (%)  running (%)
max (tree_01)         147.946522          -             -      -              -                -            -
sum                   953.458489          -             -      -              -                -            -
example_00              2.561984    4074413       4797784  1.178           6972            0.643        100.0
example_01              2.558152    4068127       4785196  1.176           7038            0.650        100.0
example_02              2.564630    4078201       4773917  1.171           7220            0.672        100.0
example_03              2.596807    4130802       4800373  1.162           7151            0.658        100.0
example_04              2.551732    4058033       4746365  1.170           7078            0.662        100.0
long_cycle_00         124.612142  198869725     170771770  0.859         427453            1.859        100.0
long_cycle_01         119.071348  189944568     160611769  0.846         423509            2.050        100.0
long_cycle_02          11.235681   17920291      25587695  1.428          51895            1.357        100.0
random_00              29.289062   46721852     100609805  2.153         234859            2.032        100.0
random_01              29.427965   46960153     101946198  2.171         200530            1.706        100.0
random_02              22.632468   36113702      84406293  2.337         161194            1.681        100.0
random_03              10.568651   16856668      25485590  1.512          78123            1.403        100.0
random_04              20.705470   33037295      39724623  1.202         331255            5.079        100.0
random_05              28.395475   45314960      97373928  2.149         280084            2.515        100.0
random_06              18.357326   29289805      61130318  2.087         119965            1.632        100.0
random_07               4.815406    7672467      10728063  1.398          35967            1.604        100.0
random_08              22.436565   35801941      75394110  2.106         257880            2.971        100.0
random_09              13.592253   21683711      46909803  2.163          74172            1.311        100.0
random_dense_00        19.883860   31726550      74575682  2.351         139103            1.631        100.0
random_dense_01        24.842840   39642308      71576345  1.806         449249            5.460        100.0
random_dense_02        19.660625   31369768      73079585  2.330         118315            1.404        100.0
tree_00               117.264678  187147697     120612061  0.644         801741            4.844        100.0
tree_01               147.946522  236118048     142872665  0.605         914195            4.684        100.0
tree_02                10.006384   15958719      19639124  1.231         103354            3.331        100.0
unicyclic_00           85.410455  136291833     110475934  0.811         598713            4.251        100.0
unicyclic_01           52.542982   83842305     117988028  1.407         345447            2.481        100.0
unicyclic_02            7.927026   12639267      17885311  1.415          69457            2.592        100.0

submissions/graph/cycle_detection_undirected/ssmkybb.cpp
SHA-256: a242f40b29d20c7e6be90b1722f2416c75a65cc3a67d992116a4c035cd694e9a
Measured: bench/graph-polish-20261002/accepted-37 [ssmkybb]
case                 task-clock (ms)     cycles  instructions    IPC  branch-misses  branch-miss (%)  running (%)
max (long_cycle_01)       196.146641          -             -      -              -                -            -
sum                      1340.884356          -             -      -              -                -            -
example_00                  0.980312    1548861       2457797  1.587           6640            1.172        100.0
example_01                  0.982981    1554204       2450244  1.577           6722            1.189        100.0
example_02                  0.973208    1537804       2466362  1.604           6546            1.147        100.0
example_03                  0.975729    1543165       2468435  1.600           6765            1.186        100.0
example_04                  0.990648    1566389       2468053  1.576           6650            1.165        100.0
long_cycle_00             161.045205  256948504     215489092  0.839         620528            1.475        100.0
long_cycle_01             196.146641  312976761     226321285  0.723         580144            1.360        100.0
long_cycle_02              14.405181   22981038      29894183  1.301          71820            1.201        100.0
random_00                  56.709100   90454843     142541038  1.576         267675            1.043        100.0
random_01                  60.356849   96289163     145830559  1.515         227842            0.866        100.0
random_02                  39.148935   62479440     114284712  1.829         167383            0.817        100.0
random_03                  17.372425   27717566      41195822  1.486          79892            0.984        100.0
random_04                  30.240782   48241166      59521603  1.234         345290            3.104        100.0
random_05                  54.586049   87077858     137010408  1.573         325881            1.325        100.0
random_06                  36.099348   57578148      90983703  1.580         139420            0.836        100.0
random_07                   5.155112    8214241      13068120  1.591          36687            1.409        100.0
random_08                  41.993692   66998469     107077926  1.598         292576            1.515        100.0
random_09                  22.619759   36093854      63359945  1.755          75938            0.660        100.0
random_dense_00            32.588753   51946101     101241317  1.949         184594            0.993        100.0
random_dense_01            34.862476   55565517      97299597  1.751         453923            2.526        100.0
random_dense_02            30.957466   49359764     100085721  2.028         125728            0.672        100.0
tree_00                   120.439284  192172370     179634384  0.935         744965            2.292        100.0
tree_01                   151.035210  241008403     212513152  0.882         837658            2.184        100.0
tree_02                    11.779961   18790040      25742147  1.370          97958            2.038        100.0
unicyclic_00               76.173161  121518545     148724762  1.224         419393            1.573        100.0
unicyclic_01              134.064321  213931235     198710953  0.929         720919            2.034        100.0
unicyclic_02                8.201768   13077330      21070429  1.611          46229            1.173        100.0

submissions/graph/cycle_detection_undirected/urectanc.rs
SHA-256: 3e6c8226f76b83005d219a87e0d9a19eee1328d7c39d3d4824aaa8cecdcbdab1
Measured: bench/graph-polish-20261002/accepted-37 [urectanc]
case                 task-clock (ms)     cycles  instructions    IPC  branch-misses  branch-miss (%)  running (%)
max (long_cycle_01)       165.060206          -             -      -              -                -            -
sum                       959.426093          -             -      -              -                -            -
example_00                  1.077274    1704733       2315290  1.358           7055            1.349        100.0
example_01                  1.074247    1699875       2312545  1.360           7053            1.351        100.0
example_02                  1.069088    1691374       2301775  1.361           7059            1.364        100.0
example_03                  1.088514    1722985       2316659  1.345           7106            1.358        100.0
example_04                  1.063334    1682470       2298693  1.366           7045            1.363        100.0
long_cycle_00             131.719062  210130780     177013374  0.842         439984            1.265        100.0
long_cycle_01             165.060206  263354346     192585967  0.731         489273            1.250        100.0
long_cycle_02              11.245611   17936881      24442705  1.363          70349            1.412        100.0
random_00                  63.965187  102033228     115414152  1.131         247660            1.067        100.0
random_01                   6.600096   10521136      23140059  2.199          58574            1.367        100.0
random_02                   2.669534    4246576       8232322  1.939          21063            1.294        100.0
random_03                  12.846206   20492020      41428151  2.022          77746            0.728        100.0
random_04                  24.976598   39855975      55349353  1.389         341964            2.689        100.0
random_05                   3.829245    6096914      11820616  1.939          42556            1.898        100.0
random_06                  35.299066   56291347      72662950  1.291         130073            0.874        100.0
random_07                   4.462115    7107647      12768261  1.796          36830            1.169        100.0
random_08                   4.289644    6832228      12991527  1.902          54365            2.212        100.0
random_09                   3.684031    5866077      12177429  2.076          26037            1.109        100.0
random_dense_00             1.112483    1760415       2409305  1.369           7413            1.366        100.0
random_dense_01             1.097252    1736162       2363454  1.361           7705            1.451        100.0
random_dense_02             1.076587    1702736       2320789  1.363           7130            1.366        100.0
tree_00                   109.986406  175471216     163376685  0.931         742291            2.110        100.0
tree_01                   145.447899  232033062     192822417  0.831         836286            2.019        100.0
tree_02                    10.423354   16624470      23306527  1.402          99562            1.946        100.0
unicyclic_00               76.634460  122194635     126802539  1.038         404806            1.547        100.0
unicyclic_01              130.472648  208171205     177445130  0.852         715287            1.904        100.0
unicyclic_02                7.155946   11408361      17624204  1.545          46404            1.246        100.0

src/graph/cycle_detection_undirected/main.cxx
SHA-256: 31782a6e5ebabdf863f60bc5a58a72bd3062d6fd5df6aab5d6598faf4015415f
Measured: bench/graph-polish-20261002/accepted-37 [main]
case                 task-clock (ms)     cycles  instructions    IPC  branch-misses  branch-miss (%)  running (%)
max (long_cycle_01)       108.118792          -             -      -              -                -            -
sum                       471.752141          -             -      -              -                -            -
example_00                  0.779040    1228615       1770712  1.441           5594            1.410        100.0
example_01                  0.775084    1222090       1768463  1.447           5632            1.419        100.0
example_02                  0.797610    1257653       1759632  1.399           5566            1.418        100.0
example_03                  0.786122    1239529       1762299  1.422           5373            1.361        100.0
example_04                  0.769238    1212894       1755688  1.448           5621            1.427        100.0
long_cycle_00              99.738462  159197775      93430341  0.587         377491            3.337        100.0
long_cycle_01             108.118792  172557091      95881683  0.556         444480            3.895        100.0
long_cycle_02              10.132948   16160042      14378476  0.890          59521            3.083        100.0
random_00                  14.447685   23048224      26132884  1.134          82196            2.348        100.0
random_01                  11.164611   17807529      21204635  1.191          35349            1.133        100.0
random_02                   2.914227    4635974       5927755  1.279          26332            2.929        100.0
random_03                   5.866291    9350644      11292981  1.208           9182            0.438        100.0
random_04                   9.030767   14400750      17653421  1.226          50252            2.062        100.0
random_05                   6.009027    9577364      12284648  1.283          15686            0.787        100.0
random_06                  15.664480   24973680      27793460  1.113          74593            1.960        100.0
random_07                   2.083380    3310667       4592763  1.387           8053            0.947        100.0
random_08                   5.888676    9385749      12312823  1.312          19922            1.041        100.0
random_09                   4.225635    6729636       8588320  1.276          29167            2.321        100.0
random_dense_00             0.824515    1301308       1809880  1.391           5743            1.424        100.0
random_dense_01             0.795595    1254138       1784249  1.423           5751            1.451        100.0
random_dense_02             0.802143    1264487       1772750  1.402           5657            1.431        100.0
tree_00                    37.043005   59116530      55188001  0.934         395220            6.463        100.0
tree_01                    45.848946   73158317      65251087  0.892         469439            6.524        100.0
tree_02                     4.956809    7897286       9090289  1.151          60120            5.097        100.0
unicyclic_00               36.987104   59011911      55221881  0.936         386552            6.223        100.0
unicyclic_01               41.424593   66111877      61996924  0.938         422701            6.087        100.0
unicyclic_02                3.877356    6174236       7596505  1.230          40641            3.870        100.0

src/graph/cycle_detection_undirected/naive.cxx
SHA-256: 0ae0b964d860b6bb0252fea5809ecaab9413e076dde2de34fed3599e8e748c34
Measured: bench/graph-polish-20261002/accepted-37 [naive]
case                 task-clock (ms)     cycles  instructions    IPC  branch-misses  branch-miss (%)  running (%)
max (long_cycle_01)       114.794727          -             -      -              -                -            -
sum                       778.885179          -             -      -              -                -            -
example_00                  0.775290    1222119       1756566  1.437           5469            1.397        100.0
example_01                  0.788522    1243826       1760452  1.415           5637            1.436        100.0
example_02                  0.798562    1257571       1775045  1.411           5636            1.416        100.0
example_03                  0.782352    1233423       1762142  1.429           5668            1.442        100.0
example_04                  0.781746    1233716       1750352  1.419           5498            1.408        100.0
long_cycle_00              90.211778  143971261      93352172  0.648         195082            1.641        100.0
long_cycle_01             114.794727  183030799      96888198  0.529         253038            2.025        100.0
long_cycle_02               8.430239   13442289      14226465  1.058          32135            1.623        100.0
random_00                  32.618925   52054320      54352294  1.044          16051            0.275        100.0
random_01                  36.170502   57724958      56118880  0.972          17408            0.282        100.0
random_02                  21.916498   34957901      44866297  1.283          14921            0.353        100.0
random_03                   9.203209   14675648      22846605  1.557          62200            1.441        100.0
random_04                  17.083302   27255579      28441990  1.044         256188            5.615        100.0
random_05                  29.557815   47169273      52106954  1.105          16275            0.297        100.0
random_06                  19.882133   31724524      36567729  1.153          17511            0.390        100.0
random_07                   3.208194    5105970       7395286  1.448          32789            2.360        100.0
random_08                  22.048494   35182015      41197626  1.171          14308            0.323        100.0
random_09                  12.520957   19973232      25325938  1.268          10965            0.410        100.0
random_dense_00            17.066160   27229360      47285891  1.737          12837            0.303        100.0
random_dense_01            15.953483   25452187      47499367  1.866          12709            0.298        100.0
random_dense_02            17.023538   27160181      51923064  1.912          12688            0.276        100.0
tree_00                    70.734816  112898109      78600708  0.696         512494            4.619        100.0
tree_01                    95.864404  152897723      93239820  0.610         608763            4.619        100.0
tree_02                     7.375285   11744980      12384182  1.054          75989            4.018        100.0
unicyclic_00               44.131190   70347042      60394259  0.859         181668            2.501        100.0
unicyclic_01               84.388693  134580395      84474981  0.628         490895            4.438        100.0
unicyclic_02                4.774365    7606247       9445108  1.242          23445            1.843        100.0
