case                 task-clock (ms)    cycles  instructions    IPC  branch-misses  branch-miss (%)  running (%)
max (max_random_00)        37.979177         -             -      -              -                -            -
sum                       134.895280         -             -      -              -                -            -
example_00                  0.810421   1518169       1603996  1.057           5462            1.580        100.0
max_random_00              37.979177  71859451     173853480  2.419         250730            1.329        100.0
max_random_01              37.782384  71486646     173905848  2.433         250711            1.328        100.0
max_random_02              37.971511  71819977     173924835  2.422         251912            1.334        100.0
random_00                   2.140623   4039744       7006577  1.734          14587            1.537        100.0
random_01                   3.342839   6318384      12486247  1.976          22784            1.456        100.0
random_02                   9.949577  18842112      44285547  2.350          68759            1.386        100.0
small_00                    0.819269   1535106       1606802  1.047           5625            1.627        100.0
small_01                    0.817816   1531715       1617588  1.056           5548            1.596        100.0
small_02                    0.848387   1590166       1677195  1.055           5756            1.589        100.0
tiny_00                     0.819191   1534527       1587945  1.035           5425            1.584        100.0
tiny_01                     0.818805   1532818       1642564  1.072           5481            1.529        100.0
tiny_02                     0.795280   1488747       1603119  1.077           5239            1.516        100.0
