case                   task-clock (ms)      cycles  instructions    IPC  branch-misses  branch-miss (%)  running (%)
max (gen_2_x_3_11_02)       576.713113           -             -      -              -                -            -
sum                       12079.694877           -             -      -              -                -            -
example_00                    0.830149     1554929       1621054  1.043           5287            1.501        100.0
example_01                    0.816293     1529127       1614064  1.056           5401            1.539        100.0
all_ones_00                 554.694582  1050020759    2524349065  2.404         410701            0.161        100.0
all_same_00                 550.237401  1042085468    2460833397  2.361         408722            0.164        100.0
all_same_01                 549.636885  1040714912    2523209614  2.424         412335            0.162        100.0
gen_2_17_00                 120.483028   228214439     571593590  2.505         124968            0.217        100.0
gen_2_17_01                 117.954559   223545963     571317748  2.556         123342            0.215        100.0
gen_2_17_02                 119.305704   225999336     575123852  2.545         125366            0.216        100.0
gen_2_18_00                 259.778372   491947730    1205443456  2.450         235400            0.194        100.0
gen_2_18_01                 252.673906   478122117    1205617572  2.522         237959            0.197        100.0
gen_2_18_02                 258.688173   489939024    1212920577  2.476         241759            0.198        100.0
gen_2_x_3_11_00             565.461629  1070229261    2506323301  2.342         455737            0.181        100.0
gen_2_x_3_11_01             546.170727  1034390015    2505690862  2.422         445651            0.177        100.0
gen_2_x_3_11_02             576.713113  1091710858    2507307005  2.297         445491            0.177        100.0
gen_3_11_00                 250.226679   473829784    1187526028  2.506         232208            0.195        100.0
gen_3_11_01                 257.166204   486870861    1187742919  2.440         230579            0.193        100.0
gen_3_11_02                 249.406659   472171593    1188139687  2.516         227707            0.191        100.0
gen_max_00                  560.411994  1061178954    2541554077  2.395         467083            0.183        100.0
gen_max_01                  562.991094  1065978176    2541543858  2.384         473129            0.186        100.0
many_ones_00                553.670429  1048071601    2541665296  2.425         412183            0.162        100.0
many_ones_01                568.187861  1075598768    2523766073  2.346        1396494            0.551        100.0
medium_00                     6.353992    12027144      29003289  2.411          16444            0.528        100.0
medium_01                     3.486826     6591262      14618273  2.218          12870            0.770        100.0
medium_02                     6.345397    12010463      28878143  2.404          16719            0.537        100.0
random_00                   547.624194  1036746369    2515265891  2.426         447215            0.177        100.0
random_01                   542.476158  1027271896    2522848124  2.456         459382            0.181        100.0
random_02                   256.610935   485771999    1196470161  2.463         233836            0.195        100.0
random_03                   249.009341   471337596    1198005843  2.542         235604            0.196        100.0
random_04                   249.751572   472830298    1190071618  2.517         231825            0.194        100.0
small_00                      0.829411     1554240       1585021  1.020           5354            1.574        100.0
small_01                      0.841447     1577328       1627078  1.032           5463            1.545        100.0
small_02                      0.816679     1530171       1600726  1.046           5413            1.578        100.0
small_03                      0.834177     1562806       1626739  1.041           5382            1.522        100.0
small_04                      0.808274     1514611       1596249  1.054           5468            1.596        100.0
small_05                      0.812490     1522718       1627298  1.069           5425            1.534        100.0
small_06                      0.808169     1514449       1601594  1.058           5455            1.589        100.0
small_07                      0.807006     1510438       1630941  1.080           5496            1.551        100.0
small_08                      0.822069     1540584       1595714  1.036           5333            1.557        100.0
small_09                      0.833160     1560926       1625568  1.041           5443            1.540        100.0
small_10                      0.809358     1516020       1600164  1.056           5372            1.566        100.0
small_11                      0.856497     1605184       1630926  1.016           5495            1.551        100.0
small_12                      0.825704     1547743       1609656  1.040           5442            1.568        100.0
small_13                      0.815881     1528027       1626144  1.064           5425            1.535        100.0
small_14                      0.810775     1519156       1612553  1.061           5525            1.590        100.0
small_15                      0.818222     1533014       1597051  1.042           5386            1.572        100.0
small_16                      0.814865     1526147       1601970  1.050           5208            1.507        100.0
small_and_large_00          547.697366  1036974228    2488309258  2.400         430789            0.172        100.0
small_and_large_01          539.277066  1021001115    2487030509  2.436         430826            0.172        100.0
small_and_large_02          547.477121  1036749627    2488359438  2.400         438477            0.175        100.0
small_and_large_03          545.083379  1032082146    2486816421  2.410         437419            0.175        100.0
small_values_00             549.031905  1039384145    2509913865  2.415         439778            0.174        100.0
