2026-10-01 lenovo / Intel(R) Core(TM) i5-10210U CPU @ 1.60GHz
Two complete passes; per binary/case minimum task-clock; all counters from that same run.
Cases: 25, including examples. Units: ms. No CPU pinning.
Compiler: g++ (GCC) 16.2.1 20260819 (Red Hat 16.2.1-2); rustc 1.98.1 (48a229cea 2026-09-01)
Build host: master; glibc 2.43
Environment: Linux 7.2.8-200.fc44.x86_64; affinity [0, 1, 2, 3]; stack 268435456 bytes; bench_env OK.
cxx_flags.txt: -std=c++23 -DEVAL -DONLINE_JUDGE -Iinclude -O3 -fwhole-program -fno-exceptions -fno-rtti -march=x86-64-v3 -fno-pie -no-pie -nostdlib++ -static -lm -s
cpp_flags.txt: -std=c++23 -DEVAL -DONLINE_JUDGE -Iac-library -include cassert -O3 -fwhole-program -fno-exceptions -fno-rtti -march=x86-64-v3 -fno-pie -no-pie -static -lgmp -s
rust_flags.txt: -C opt-level=3 -C codegen-units=1 -C lto=fat -C panic=abort -C target-cpu=x86-64-v3 -C target-feature=+crt-static -C relocation-model=static -C link-arg=-Wl,-u,__cxa_thread_atexit_impl -C strip=symbols

solution                                max (ms)       sum (ms)
Anonymous                                 76.720581     829.210633
QedDust413                                88.119663     945.534953
Rohan_Kapri                               76.741000     828.972999
cmk666                                    89.119225     957.607432
rogeryoungh                              105.511429    1152.479844
main                                      74.444198     788.521231

submissions/polynomial/log_of_formal_power_series/Anonymous.cpp
SHA-256: e592a8c94ad6bf24698bddbcc40b06d711a3977a6d0dda1da7496820efb89673
case                 task-clock (ms)     cycles  instructions    IPC  branch-misses  branch-miss (%)  running (%)
max (max_random_01)        76.720581          -             -      -              -                -            -
sum                       829.210633          -             -      -              -                -            -
example_00                  1.114912    1763373       2477344  1.405           7250            1.266        100.0
max_all_zero_00            71.659984  114374649     222207803  1.943          16735            0.107        100.0
max_random_00              76.359211  121876613     245210782  2.012         135068            0.878        100.0
max_random_01              76.720581  122369031     245201249  2.004         134478            0.874        100.0
max_random_02              76.528775  122117878     245349763  2.009         135747            0.880        100.0
max_random_03              76.402090  121944427     245346063  2.012         135292            0.877        100.0
max_random_04              76.462968  122043056     245320923  2.010         135033            0.876        100.0
near_262144_00             38.130484   60852725     123690933  2.033          76492            0.946        100.0
near_262144_01             38.438199   61343670     123657229  2.016          76600            0.949        100.0
near_262144_02             41.773252   66640024     133983137  2.011          76702            0.901        100.0
random_00                  57.009838   90989497     183829995  2.020         107351            0.908        100.0
random_01                  71.146716  113556234     228467939  2.012         125416            0.873        100.0
random_02                   8.599436   13711813      27048898  1.973          23541            1.093        100.0
random_03                  66.114359  105510697     212092954  2.010         118221            0.887        100.0
random_04                  42.253184   67433371     135804986  2.014          79516            0.909        100.0
small_degree_00             1.017579    1609137       2453729  1.525           7069            1.250        100.0
small_degree_01             1.047153    1656130       2484120  1.500           7043            1.222        100.0
small_degree_02             1.062506    1679977       2472849  1.472           7130            1.248        100.0
small_degree_03             1.040756    1646105       2462269  1.496           7207            1.272        100.0
small_degree_04             1.054118    1666634       2466851  1.480           7142            1.258        100.0
small_degree_05             1.047262    1656646       2460529  1.485           7134            1.259        100.0
small_degree_06             1.039188    1642481       2453358  1.494           7170            1.274        100.0
small_degree_07             1.056232    1670268       2461488  1.474           7127            1.257        100.0
small_degree_08             1.050751    1661683       2468289  1.485           7222            1.272        100.0
small_degree_09             1.081099    1710699       2470376  1.444           7242            1.275        100.0

submissions/polynomial/log_of_formal_power_series/QedDust413.cpp
SHA-256: 197a1ee5ebe1e8fb115802889b4c9faf66cbe62f088a048891f9c0e2a2604fa0
case                 task-clock (ms)     cycles  instructions    IPC  branch-misses  branch-miss (%)  running (%)
max (max_random_01)        88.119663          -             -      -              -                -            -
sum                       945.534953          -             -      -              -                -            -
example_00                  1.071505    1695379       2486395  1.467           7388            1.287        100.0
max_all_zero_00            77.509636  123695280     222108048  1.796          15409            0.135        100.0
max_random_00              87.614991  139843347     276882634  1.980         160687            0.991        100.0
max_random_01              88.119663  140637273     276913158  1.969         160398            0.989        100.0
max_random_02              87.658957  139834167     276948147  1.981         162323            1.000        100.0
max_random_03              87.656599  139850475     276969570  1.980         162246            1.000        100.0
max_random_04              87.690534  139965172     276885823  1.978         161250            0.995        100.0
near_262144_00             43.971173   70175769     140055396  1.996          88978            1.043        100.0
near_262144_01             44.011839   70241001     140061529  1.994          89451            1.048        100.0
near_262144_02             47.922392   76483612     149868279  1.959          88253            1.003        100.0
random_00                  65.736912  104895146     208002956  1.983         127592            1.021        100.0
random_01                  81.669697  130352511     257625132  1.976         149563            0.991        100.0
random_02                   9.939823   15829653      30436992  1.923          26125            1.157        100.0
random_03                  75.801501  120958921     239125897  1.977         139151            0.993        100.0
random_04                  48.504693   77395493     152670438  1.973          93887            1.030        100.0
small_degree_00             1.064759    1683854       2481786  1.474           7201            1.256        100.0
small_degree_01             1.053647    1667097       2471510  1.483           7283            1.280        100.0
small_degree_02             1.066782    1686951       2478563  1.469           7147            1.248        100.0
small_degree_03             1.052610    1664258       2472330  1.486           7224            1.270        100.0
small_degree_04             1.059532    1675910       2488440  1.485           7309            1.273        100.0
small_degree_05             1.050009    1660488       2469761  1.487           7270            1.279        100.0
small_degree_06             1.079051    1706799       2494474  1.461           7272            1.259        100.0
small_degree_07             1.065750    1685984       2476123  1.469           7389            1.298        100.0
small_degree_08             1.091783    1727756       2515653  1.456           7420            1.272        100.0
small_degree_09             1.071115    1694132       2478336  1.463           7478            1.314        100.0

submissions/polynomial/log_of_formal_power_series/Rohan_Kapri.cpp
SHA-256: e592a8c94ad6bf24698bddbcc40b06d711a3977a6d0dda1da7496820efb89673
case                 task-clock (ms)     cycles  instructions    IPC  branch-misses  branch-miss (%)  running (%)
max (max_random_01)        76.741000          -             -      -              -                -            -
sum                       828.972999          -             -      -              -                -            -
example_00                  1.080538    1710084       2497126  1.460           7209            1.243        100.0
max_all_zero_00            71.020639  113313900     221925473  1.959          17599            0.113        100.0
max_random_00              76.612740  122157177     245344391  2.008         135367            0.878        100.0
max_random_01              76.741000  122383479     245257679  2.004         135345            0.879        100.0
max_random_02              76.313343  121802706     245332701  2.014         135131            0.876        100.0
max_random_03              76.690418  122379832     245355974  2.005         136002            0.882        100.0
max_random_04              76.447540  122005653     245371221  2.011         135210            0.876        100.0
near_262144_00             38.185663   60940759     123751030  2.031          76151            0.940        100.0
near_262144_01             38.289107   61088364     123688858  2.025          77698            0.962        100.0
near_262144_02             41.724725   66590445     133887877  2.011          76121            0.895        100.0
random_00                  57.124032   91171674     183839483  2.016         108135            0.914        100.0
random_01                  71.463565  114061480     228343011  2.002         125512            0.876        100.0
random_02                   8.579507   13679791      27052068  1.978          23604            1.095        100.0
random_03                  65.936829  105221300     212179045  2.017         117892            0.883        100.0
random_04                  42.223789   67386023     135801044  2.015          79402            0.908        100.0
small_degree_00             1.032361    1632621       2484830  1.522           7017            1.219        100.0
small_degree_01             1.036514    1639579       2463703  1.503           7133            1.257        100.0
small_degree_02             1.021387    1615247       2455595  1.520           7136            1.261        100.0
small_degree_03             1.062027    1679655       2454381  1.461           7129            1.261        100.0
small_degree_04             1.044776    1652452       2454303  1.485           7121            1.265        100.0
small_degree_05             1.047529    1657281       2472866  1.492           7083            1.239        100.0
small_degree_06             1.063691    1682982       2449604  1.456           7052            1.254        100.0
small_degree_07             1.078821    1706313       2486945  1.457           7088            1.230        100.0
small_degree_08             1.082339    1712004       2469101  1.442           7341            1.293        100.0
small_degree_09             1.070119    1693276       2505366  1.480           7149            1.230        100.0

submissions/polynomial/log_of_formal_power_series/cmk666.cpp
SHA-256: f60488b4ae37db2d1d31079ffdeb4dbee10fa72ebd6a8995d3c8747e436216ff
case                 task-clock (ms)     cycles  instructions    IPC  branch-misses  branch-miss (%)  running (%)
max (max_random_00)        89.119225          -             -      -              -                -            -
sum                       957.607432          -             -      -              -                -            -
example_00                  1.092241    1727338       2497920  1.446           6852            1.195        100.0
max_all_zero_00            83.583018  133333672     258124599  1.936          35568            0.191        100.0
max_random_00              89.119225  142202209     281586438  1.980         150463            0.765        100.0
max_random_01              88.576747  141317378     281523816  1.992         151355            0.770        100.0
max_random_02              88.895415  141827774     281842581  1.987         151541            0.767        100.0
max_random_03              88.880775  141804595     281485180  1.985         151184            0.769        100.0
max_random_04              88.676442  141478937     282206645  1.995         151585            0.765        100.0
near_262144_00             43.346871   69162027     140075338  2.025          83399            0.808        100.0
near_262144_01             43.055947   68714813     139999965  2.037          83214            0.808        100.0
near_262144_02             48.053141   76692957     153940659  2.007          84565            0.765        100.0
random_00                  66.718051  106462323     212728833  1.998         119396            0.776        100.0
random_01                  82.281268  131269593     262345476  1.999         140975            0.767        100.0
random_02                   9.339247   14892291      29926956  2.010          24493            0.935        100.0
random_03                  76.430889  121947393     243929812  2.000         130915            0.761        100.0
random_04                  49.042382   78256055     156860146  2.004          88802            0.778        100.0
small_degree_00             1.010266    1597867       2472229  1.547           6814            1.199        100.0
small_degree_01             1.025728    1621685       2471567  1.524           6718            1.183        100.0
small_degree_02             1.072811    1697776       2534045  1.493           6857            1.168        100.0
small_degree_03             1.067874    1688028       2498733  1.480           6918            1.205        100.0
small_degree_04             1.069315    1691185       2501612  1.479           6912            1.204        100.0
small_degree_05             1.042606    1649244       2481096  1.504           6782            1.193        100.0
small_degree_06             1.058747    1674932       2492266  1.488           6805            1.189        100.0
small_degree_07             1.042005    1647965       2499843  1.517           6871            1.198        100.0
small_degree_08             1.061145    1678852       2501855  1.490           6956            1.212        100.0
small_degree_09             1.065276    1684653       2515429  1.493           6817            1.178        100.0

submissions/polynomial/log_of_formal_power_series/rogeryoungh.cpp
SHA-256: 263fee8e1e7fe3927820d75cdcea7db6e4bd6ddd9581e8d8eca60b39f9f07d51
case                 task-clock (ms)     cycles  instructions    IPC  branch-misses  branch-miss (%)  running (%)
max (max_random_01)       105.511429          -             -      -              -                -            -
sum                      1152.479844          -             -      -              -                -            -
example_00                  1.120847    1773099       2601996  1.467           7355            1.262        100.0
max_all_zero_00            96.456559  153958009     306040796  1.988          21705            0.100        100.0
max_random_00             105.176189  167859835     342502249  2.040         141281            0.573        100.0
max_random_01             105.511429  168382740     341985694  2.031         142529            0.581        100.0
max_random_02             105.236725  167973341     342107437  2.037         140862            0.573        100.0
max_random_03             105.461921  168292156     342141505  2.033         141453            0.575        100.0
max_random_04             105.476793  168243017     342112162  2.033         141511            0.576        100.0
near_262144_00             52.003249   82974193     171944411  2.072          80826            0.633        100.0
near_262144_01             52.162238   83251703     171850912  2.064          80747            0.634        100.0
near_262144_02             62.863640  100333773     200946078  2.003          82246            0.560        100.0
random_00                  82.139056  131102078     265168199  2.023         113077            0.576        100.0
random_01                  99.327654  158528194     320885449  2.024         132695            0.575        100.0
random_02                  11.964392   19083476      38220882  2.003          26192            0.804        100.0
random_03                  92.747140  148019498     300253681  2.028         124186            0.573        100.0
random_04                  63.780593  101768952     203780810  2.002          86158            0.570        100.0
small_degree_00             1.068085    1689015       2562809  1.517           7076            1.216        100.0
small_degree_01             1.117582    1769042       2566636  1.451           7156            1.236        100.0
small_degree_02             1.093361    1730106       2562243  1.481           7175            1.248        100.0
small_degree_03             1.081620    1711204       2577585  1.506           7238            1.256        100.0
small_degree_04             1.103067    1746078       2607945  1.494           7261            1.239        100.0
small_degree_05             1.117636    1768848       2624908  1.484           7300            1.242        100.0
small_degree_06             1.108082    1753199       2595650  1.481           7365            1.278        100.0
small_degree_07             1.121412    1775408       2615322  1.473           7375            1.273        100.0
small_degree_08             1.112317    1759562       2661427  1.513           7303            1.230        100.0
small_degree_09             1.128257    1785914       2619730  1.467           7312            1.270        100.0

src/polynomial/log_of_formal_power_series/main.cxx
SHA-256: 5e664eef49ecaf8cdfc841c42469fec22016d67e7cba5f0efe81edec822a252f
case                 task-clock (ms)     cycles  instructions    IPC  branch-misses  branch-miss (%)  running (%)
max (max_random_01)        74.444198          -             -      -              -                -            -
sum                       788.521231          -             -      -              -                -            -
example_00                  0.859550    1356994       1762331  1.299           5549            1.405        100.0
max_all_zero_00             6.552169   10444721      25905177  2.480           7499            0.159        100.0
max_random_00              74.341008  118620448     284906383  2.402          75467            0.523        100.0
max_random_01              74.444198  118716757     285051825  2.401          75044            0.519        100.0
max_random_02              74.360944  118602158     284924112  2.402          74972            0.519        100.0
max_random_03              74.226995  118387055     285017674  2.408          74962            0.518        100.0
max_random_04              74.193366  118287634     285021770  2.410          75527            0.522        100.0
near_262144_00             36.343929   58000643     139896418  2.412          43107            0.573        100.0
near_262144_01             36.495170   58207475     139886976  2.403          44204            0.588        100.0
near_262144_02             36.441491   58157766     139934361  2.406          43459            0.576        100.0
random_00                  70.690204  112728827     272897937  2.421          62947            0.478        100.0
random_01                  73.289441  116873871     280893893  2.403          70829            0.506        100.0
random_02                   8.953005   14276261      32994453  2.311          16208            0.773        100.0
random_03                  71.994885  114825207     277275075  2.415          67232            0.493        100.0
random_04                  66.931227  106723924     260524183  2.441          51078            0.430        100.0
small_degree_00             0.852674    1344601       1783063  1.326           5470            1.356        100.0
small_degree_01             0.818445    1291099       1740134  1.348           5507            1.427        100.0
small_degree_02             0.833313    1315354       1749022  1.330           5631            1.444        100.0
small_degree_03             0.854964    1349451       1770205  1.312           5583            1.409        100.0
small_degree_04             0.838839    1323841       1754903  1.326           5617            1.437        100.0
small_degree_05             0.819803    1293355       1767997  1.367           5633            1.424        100.0
small_degree_06             0.839796    1324656       1771267  1.337           5660            1.428        100.0
small_degree_07             0.867413    1369359       1771946  1.294           5697            1.437        100.0
small_degree_08             0.812671    1281735       1758615  1.372           5608            1.433        100.0
small_degree_09             0.865731    1365665       1771613  1.297           5677            1.424        100.0
