2026-10-01 lenovo / Intel(R) Core(TM) i5-10210U CPU @ 1.60GHz
Two complete passes; per binary/case minimum task-clock; all counters from that same run.
Cases: 24, including examples. Units: ms. No CPU pinning.
Compiler: g++ (GCC) 16.2.1 20260819 (Red Hat 16.2.1-2); rustc 1.98.1 (48a229cea 2026-09-01)
Build host: master; glibc 2.43
Environment: Linux 7.2.8-200.fc44.x86_64; affinity [0, 1, 2, 3]; stack 268435456 bytes; bench_env OK.
cxx_flags.txt: -std=c++23 -DEVAL -DONLINE_JUDGE -Iinclude -O3 -fwhole-program -fno-exceptions -fno-rtti -march=x86-64-v3 -fno-pie -no-pie -nostdlib++ -static -lm -s
cpp_flags.txt: -std=c++23 -DEVAL -DONLINE_JUDGE -Iac-library -include cassert -O3 -fwhole-program -fno-exceptions -fno-rtti -march=x86-64-v3 -fno-pie -no-pie -static -lgmp -s
rust_flags.txt: -C opt-level=3 -C codegen-units=1 -C lto=fat -C panic=abort -C target-cpu=x86-64-v3 -C target-feature=+crt-static -C relocation-model=static -C link-arg=-Wl,-u,__cxa_thread_atexit_impl -C strip=symbols

solution                                max (ms)       sum (ms)
Anonymous                                 14.826823     152.491241
Ausp3x                                   104.666380     382.088642
Rohan_Kapri                               14.792864     152.458298
Yuezheng_Ling_fans                        64.577624     288.316009
adamant                                   62.219620     456.245347
main                                      11.435492      91.092215

submissions/big_integer/addition_of_hex_big_integers/Anonymous.cpp
SHA-256: e716471450c9ed64ccc50b87b0b9a1a85c3e5cee4949535b32fab90b3c82210a
case            task-clock (ms)    cycles  instructions    IPC  branch-misses  branch-miss (%)  running (%)
max (small_00)        14.826823         -             -      -              -                -            -
sum                  152.491241         -             -      -              -                -            -
example_00             0.777625   1226301       1729970  1.411           5263            1.361        100.0
carry_chain_00         4.701474   7489299      11629532  1.553          19008            1.048        100.0
carry_chain_01         5.640448   8988037      13457818  1.497          28811            1.389        100.0
carry_chain_02         5.020694   7999427      12010309  1.501          18415            0.983        100.0
carry_chain_03         6.010769   9579886      14266412  1.489          30895            1.413        100.0
large_00               5.830399   9292530      13781894  1.483           6819            0.325        100.0
large_01               5.874667   9361805      13766266  1.470           7113            0.340        100.0
large_02               5.902655   9407511      13767735  1.463           7207            0.345        100.0
large_small_00         7.678422  12243171      17690130  1.445           6930            0.250        100.0
max_max_00             6.630717  10570906      14476423  1.369           6780            0.285        100.0
max_max_01             6.645407  10593683      14671623  1.385           6905            0.287        100.0
max_max_02             6.653771  10607470      14608880  1.377           7032            0.295        100.0
max_max_03             6.663832  10622125      14572819  1.372           6982            0.290        100.0
max_max_04             6.693159  10670230      14507286  1.360           7030            0.295        100.0
max_max_05             6.608395  10534747      14639571  1.390           6814            0.284        100.0
max_max_06             6.675498  10641604      14601129  1.372           6787            0.285        100.0
max_max_07             6.653521  10607291      14542140  1.371           6914            0.288        100.0
medium_00              6.265641   9986721      14576054  1.460          34137            1.551        100.0
medium_01              6.428490  10246918      14561631  1.421          34058            1.555        100.0
medium_02              6.309375  10058366      14511690  1.443          34030            1.562        100.0
power_00               6.124501   9761664      14619340  1.498          19879            0.900        100.0
power_01               5.580035   8892204      13076923  1.471          19174            0.938        100.0
small_00              14.826823  23653644      33881400  1.432         161421            4.081        100.0
sum_zero_00            6.294923  10033754      14650645  1.460          32958            1.494        100.0

submissions/big_integer/addition_of_hex_big_integers/Ausp3x.cpp
SHA-256: 2f92cd52c6adc37f8a5bcd5d588935ad30e7e36bfdb3a6e71cb0f191faa25ef5
case            task-clock (ms)     cycles  instructions    IPC  branch-misses  branch-miss (%)  running (%)
max (small_00)       104.666380          -             -      -              -                -            -
sum                  382.088642          -             -      -              -                -            -
example_00             1.013687    1602308       2517158  1.571           7014            1.199        100.0
carry_chain_00        11.061531   17641229      50411470  2.858          63742            0.639        100.0
carry_chain_01        13.001696   20738789      58199181  2.806          88664            0.779        100.0
carry_chain_02        11.614281   18524672      53191771  2.871          66997            0.658        100.0
carry_chain_03        13.480848   21504165      61183994  2.845          90549            0.777        100.0
large_00               9.796973   15622199      50301936  3.220          11428            0.125        100.0
large_01               9.825252   15668499      50468961  3.221          11320            0.123        100.0
large_02               9.841019   15693296      50324077  3.207          11458            0.125        100.0
large_small_00        15.237509   24308672      64630388  2.659          11976            0.103        100.0
max_max_00            13.703424   21859735      55145880  2.523          12241            0.115        100.0
max_max_01            13.159099   20990940      54276656  2.586          11295            0.108        100.0
max_max_02            13.156249   20986806      54280127  2.586          11483            0.110        100.0
max_max_03            13.763499   21955962      55059016  2.508          11926            0.112        100.0
max_max_04            13.742525   21922599      55041410  2.511          11798            0.111        100.0
max_max_05            13.170079   21008930      54236470  2.582          11666            0.112        100.0
max_max_06            13.232048   21107412      54281803  2.572          11334            0.109        100.0
max_max_07            13.725354   21895348      55074018  2.515          11931            0.112        100.0
medium_00             12.822439   20452483      58776546  2.874          91476            0.847        100.0
medium_01             12.833990   20471647      58866852  2.876          90616            0.838        100.0
medium_02             12.809910   20432654      58713747  2.874          90784            0.842        100.0
power_00              12.032111   19191812      58248891  3.035          47897            0.445        100.0
power_01              11.603419   18506443      55039028  2.974          50778            0.478        100.0
small_00             104.666380  167061934     423643739  2.536         896386            1.070        100.0
sum_zero_00           12.795320   20410030      58749729  2.878          89719            0.834        100.0

submissions/big_integer/addition_of_hex_big_integers/Rohan_Kapri.cpp
SHA-256: e716471450c9ed64ccc50b87b0b9a1a85c3e5cee4949535b32fab90b3c82210a
case            task-clock (ms)    cycles  instructions    IPC  branch-misses  branch-miss (%)  running (%)
max (small_00)        14.792864         -             -      -              -                -            -
sum                  152.458298         -             -      -              -                -            -
example_00             0.778074   1226489       1795769  1.464           5513            1.366        100.0
carry_chain_00         4.750279   7568003      11607431  1.534          18966            1.050        100.0
carry_chain_01         5.653954   9009559      13436843  1.491          28986            1.404        100.0
carry_chain_02         5.022637   7989501      12024983  1.505          18929            1.009        100.0
carry_chain_03         5.965484   9507986      14293770  1.503          30622            1.396        100.0
large_00               5.815110   9268020      13814339  1.491           7185            0.341        100.0
large_01               5.842364   9311328      13774337  1.479           7064            0.337        100.0
large_02               5.886932   9381417      13823807  1.474           7138            0.338        100.0
large_small_00         7.642100  12183255      17584715  1.443           6674            0.243        100.0
max_max_00             6.630905  10572176      14475126  1.369           6871            0.289        100.0
max_max_01             6.659792  10616514      14607634  1.376           6963            0.292        100.0
max_max_02             6.686700  10659370      14574376  1.367           6766            0.285        100.0
max_max_03             6.652406  10605707      14504519  1.368           6860            0.288        100.0
max_max_04             6.667792  10628965      14508054  1.365           6874            0.289        100.0
max_max_05             6.644163  10591795      14667118  1.385           6875            0.286        100.0
max_max_06             6.724559  10719523      14633110  1.365           6837            0.286        100.0
max_max_07             6.620835  10555267      14480218  1.372           6753            0.284        100.0
medium_00              6.304965  10049661      14573253  1.450          34061            1.548        100.0
medium_01              6.327743  10086890      14577060  1.445          34138            1.555        100.0
medium_02              6.263482   9984134      14510693  1.453          33921            1.557        100.0
power_00               6.214144   9904764      14666848  1.481          19536            0.880        100.0
power_01               5.558303   8857567      13066865  1.475          19330            0.949        100.0
small_00              14.792864  23597900      33903194  1.437         161317            4.068        100.0
sum_zero_00            6.352711  10126734      14763238  1.458          32833            1.472        100.0

submissions/big_integer/addition_of_hex_big_integers/Yuezheng_Ling_fans.cpp
SHA-256: 80d11d4b22c662854dbc458a43d13db6741b45aa6b638687b3443a06caea7138
case            task-clock (ms)     cycles  instructions    IPC  branch-misses  branch-miss (%)  running (%)
max (small_00)        64.577624          -             -      -              -                -            -
sum                  288.316009          -             -      -              -                -            -
example_00             1.001365    1583213       2441398  1.542           6911            1.227        100.0
carry_chain_00         7.845857   12508451      32104517  2.567          46120            0.593        100.0
carry_chain_01         9.309531   14844948      37544224  2.529          63969            0.712        100.0
carry_chain_02         8.116128   12939918      33020186  2.552          48768            0.626        100.0
carry_chain_03         9.623894   15346728      38318866  2.497          67164            0.745        100.0
large_00               7.452363   11880592      28659669  2.412          10354            0.141        100.0
large_01               7.534243   12011924      29066198  2.420          10532            0.141        100.0
large_02               7.588558   12097204      28883416  2.388          10261            0.139        100.0
large_small_00        13.447372   21450889      39414866  1.837          12547            0.130        100.0
max_max_00            12.091047   19287066      37785271  1.959          12400            0.132        100.0
max_max_01            12.251848   19542417      37865689  1.938          11973            0.128        100.0
max_max_02            12.287695   19601322      37780401  1.927          11847            0.127        100.0
max_max_03            12.139234   19362897      37764685  1.950          11936            0.127        100.0
max_max_04            12.196050   19453779      37725694  1.939          11824            0.126        100.0
max_max_05            12.329746   19666107      37832255  1.924          11942            0.128        100.0
max_max_06            12.243857   19530581      37861373  1.939          12023            0.128        100.0
max_max_07            12.127753   19345151      37753691  1.952          12048            0.129        100.0
medium_00              9.165560   14615384      34614712  2.368          74575            0.897        100.0
medium_01              9.202905   14674066      34660312  2.362          75843            0.911        100.0
medium_02              9.159928   14605875      34603031  2.369          74687            0.898        100.0
power_00               8.755758   13961355      34900936  2.500          41691            0.496        100.0
power_01               8.719633   13903016      35070999  2.523          43966            0.512        100.0
small_00              64.577624  103056307     212437816  2.061        1187963            2.590        100.0
sum_zero_00            9.148060   14587523      34691489  2.378          70782            0.850        100.0

submissions/big_integer/addition_of_hex_big_integers/adamant.cpp
SHA-256: 94c5cc9eadc9983fcdbf05e87e67530f80c4ddc10714d8d7aea612a7d4406cb3
case            task-clock (ms)    cycles  instructions    IPC  branch-misses  branch-miss (%)  running (%)
max (small_00)        62.219620         -             -      -              -                -            -
sum                  456.245347         -             -      -              -                -            -
example_00             1.032495   1633215       2523226  1.545           7392            1.262        100.0
carry_chain_00        10.552772  16829368      48054984  2.855          48855            0.426        100.0
carry_chain_01        13.725038  21893720      60812043  2.778          91874            0.649        100.0
carry_chain_02        13.556116  21623916      62734073  2.901          62244            0.448        100.0
carry_chain_03        16.647543  26559248      75598445  2.846          95868            0.577        100.0
large_00              18.564374  29596405      89598143  3.027          38795            0.207        100.0
large_01              18.781587  29966050      89814906  2.997          39149            0.209        100.0
large_02              18.952065  30236739      90104703  2.980          38852            0.206        100.0
large_small_00        25.759675  41105326     115060996  2.799          41836            0.175        100.0
max_max_00            18.341724  29264155      80386878  2.747          32791            0.193        100.0
max_max_01            18.280800  29167753      80412394  2.757          34253            0.201        100.0
max_max_02            18.377952  29322438      80438015  2.743          34261            0.202        100.0
max_max_03            18.305399  29207050      80341312  2.751          34046            0.200        100.0
max_max_04            18.298416  29195700      80376181  2.753          33945            0.200        100.0
max_max_05            18.340304  29261675      80393150  2.747          33950            0.200        100.0
max_max_06            18.305718  29191548      80415926  2.755          34311            0.202        100.0
max_max_07            18.282825  29170352      80410974  2.757          33497            0.197        100.0
medium_00             20.383365  32522456      94396318  2.902         101992            0.517        100.0
medium_01             20.524731  32748334      94661575  2.891         102396            0.518        100.0
medium_02             20.476801  32672508      94528520  2.893         101650            0.515        100.0
power_00              15.286414  24385821      64166714  2.631          48213            0.296        100.0
power_01              12.682680  20229640      57256393  2.830          44003            0.339        100.0
small_00              62.219620  99305265     205917010  2.074         988191            2.310        100.0
sum_zero_00           20.566933  32803122      94755384  2.889         103492            0.523        100.0

src/big_integer/addition_of_hex_big_integers/main.cxx
SHA-256: 0f92ff32bc179326d2de95e7c796ff931bc7c7d302ebc12022c6620a1fceb3c4
case            task-clock (ms)    cycles  instructions    IPC  branch-misses  branch-miss (%)  running (%)
max (small_00)        11.435492         -             -      -              -                -            -
sum                   91.092215         -             -      -              -                -            -
example_00             0.782018   1232726       1784183  1.447           5657            1.410        100.0
carry_chain_00         3.021768   4808851       9459066  1.967          31608            2.275        100.0
carry_chain_01         3.488133   5552494      10723070  1.931          45427            3.008        100.0
carry_chain_02         3.015818   4785682       9358168  1.955          30165            2.215        100.0
carry_chain_03         3.568234   5680330      11095725  1.953          45993            2.961        100.0
large_00               2.823477   4491768       8396097  1.869           7127            0.614        100.0
large_01               2.813509   4476104       8447706  1.887           7221            0.621        100.0
large_02               2.896277   4607853       8464829  1.837           7149            0.607        100.0
large_small_00         4.249114   6768557      10948985  1.618           7322            0.434        100.0
max_max_00             4.201049   6691385      11153920  1.667           7267            0.416        100.0
max_max_01             4.194926   6682104      11141282  1.667           7174            0.411        100.0
max_max_02             4.216498   6715393      11134184  1.658           7200            0.413        100.0
max_max_03             4.177455   6653339      11137532  1.674           6949            0.398        100.0
max_max_04             4.240231   6753445      11157977  1.652           7236            0.413        100.0
max_max_05             4.220616   6721491      11136538  1.657           6983            0.399        100.0
max_max_06             4.183229   6663063      11137338  1.672           7216            0.413        100.0
max_max_07             4.193655   6679332      11154085  1.670           7085            0.404        100.0
medium_00              3.277480   5216051       9606646  1.842          44434            3.402        100.0
medium_01              3.290830   5237824       9616035  1.836          45111            3.451        100.0
medium_02              3.277448   5216659       9623200  1.845          44523            3.394        100.0
power_00               3.144316   5004018       9746090  1.948          30814            2.321        100.0
power_01               3.156586   5023265       9755724  1.942          31091            2.200        100.0
small_00              11.435492  18240007      33687473  1.847         125289            3.629        100.0
sum_zero_00            3.224056   5129813       9586877  1.869          41889            3.215        100.0
