case              task-clock (ms)    cycles  instructions    IPC  branch-misses  branch-miss (%)  running (%)
max (fib_str_03)        23.150796         -             -      -              -                -            -
sum                    195.884078         -             -      -              -                -            -
example_00               0.915724   1716508       1632556  0.951           5461            1.532        100.0
example_01               0.833627   1561802       1641284  1.051           5340            1.489        100.0
example_02               0.868797   1628275       1612241  0.990           5475            1.569        100.0
example_03               0.895155   1678389       1643105  0.979           5456            1.519        100.0
all_same_00              0.960779   1803473       1799653  0.998           5931            1.529        100.0
all_same_01              0.972359   1824865       1804258  0.989           5895            1.517        100.0
all_same_02              0.966541   1814851       1802707  0.993           5907            1.518        100.0
all_same_03              0.972491   1825535       1800228  0.986           5857            1.509        100.0
all_same_04              0.971470   1823413       1805443  0.990           5984            1.537        100.0
fib_str_00              14.781709  28002446      73336106  2.619          35972            0.279        100.0
fib_str_01              10.489810  19865684      51295632  2.582          27813            0.310        100.0
fib_str_02              12.536738  23745353      58889260  2.480          34355            0.333        100.0
fib_str_03              23.150796  43865640     110636524  2.522          52055            0.262        100.0
fib_str_04              11.933509  22602875      60424554  2.673          37233            0.356        100.0
max_random_00           14.599011  27655697      46306585  1.674         377000            4.711        100.0
max_random_01           14.736846  27917465      46897954  1.680         381827            4.713        100.0
max_random_02           14.761119  27963360      46918949  1.678         381843            4.710        100.0
max_random_03           14.699426  27832006      46693450  1.678         381433            4.727        100.0
max_random_04           14.579149  27605766      46163844  1.672         375985            4.712        100.0
random_00               10.021168  18977511      31438022  1.657         254704            4.666        100.0
random_01               11.689137  22138853      36804803  1.662         298624            4.683        100.0
random_02                4.719277   8927873      14138192  1.584         110133            4.412        100.0
random_03               12.842673  24326115      40621169  1.670         330033            4.695        100.0
random_04                1.986767   3748293       5146767  1.373          35204            3.674        100.0
