case                 task-clock (ms)    cycles  instructions    IPC  branch-misses  branch-miss (%)  running (%)
max (max_random_04)        49.547219         -             -      -              -                -            -
sum                       670.098267         -             -      -              -                -            -
example_00                  0.890010   1669637       1635757  0.980           5390            1.519        100.0
example_01                  0.898884   1685864       1615466  0.958           5398            1.537        100.0
example_02                  0.896012   1679695       1597599  0.951           5261            1.535        100.0
complete_max_00            35.330017  66898150     105072368  1.571          76076            0.845        100.0
complete_max_01            35.425716  67062372     104686660  1.561          76240            0.856        100.0
complete_random_00          0.897067   1682005       1739928  1.034           5674            1.558        100.0
complete_random_01          1.035320   1944191       2055797  1.057           6002            1.529        100.0
complete_random_02          1.432786   2698844       3295652  1.221           7224            1.449        100.0
complete_random_03          3.090176   5839546       8363575  1.432          11565            1.256        100.0
complete_random_04          9.255463  17526966      28545690  1.629          25905            1.003        100.0
max_random_00              48.667798  92098228     145775190  1.583         346318            2.495        100.0
max_random_01              49.115775  92970674     146193002  1.572         346118            2.473        100.0
max_random_02              49.162366  93058231     146407793  1.573         345542            2.462        100.0
max_random_03              48.782866  92320555     145859664  1.580         345755            2.487        100.0
max_random_04              49.547219  93766148     146537173  1.563         348146            2.475        100.0
random_00                  41.096884  77768975     118789092  1.527         361152            3.159        100.0
random_01                  48.535715  91870498     140195787  1.526         422171            3.147        100.0
random_02                  35.182830  66619060     106401538  1.597         167293            1.566        100.0
random_03                  46.501531  87995280     132078266  1.501         423527            3.337        100.0
random_04                  40.020569  75670038     106845537  1.412         467055            4.406        100.0
small_00                   28.930661  54748795      86680464  1.583          63780            0.856        100.0
small_01                   28.719043  54365522      86352787  1.588          62134            0.850        100.0
small_02                   26.719690  50576691      80362340  1.589          57617            0.838        100.0
small_03                    2.569448   4853470       6973114  1.437          10373            1.298        100.0
small_04                    7.167183  13567242      22111527  1.630          21381            1.046        100.0
small_c01_00                0.949331   1781386       1843458  1.035           6385            1.734        100.0
small_c01_01                0.914409   1714897       1672495  0.975           5785            1.643        100.0
small_c01_02                0.892311   1673063       1631237  0.975           5454            1.573        100.0
small_c01_03                0.883185   1656524       1668922  1.007           5557            1.587        100.0
small_c01_04                0.972894   1826118       1821849  0.998           6083            1.617        100.0
star_00                    25.615108  48480812      75913706  1.566          71862            1.168        100.0
