case                 task-clock (ms)     cycles  instructions    IPC  branch-misses  branch-miss (%)  running (%)
max (long_cycle_01)        91.832240          -             -      -              -                -            -
sum                       433.069599          -             -      -              -                -            -
example_00                  0.879611    1649533       1591969  0.965           5479            1.603        100.0
example_01                  0.859599    1610984       1595320  0.990           5346            1.553        100.0
example_02                  0.894977    1679013       1618596  0.964           5457            1.551        100.0
example_03                  0.835427    1565599       1595703  1.019           5438            1.580        100.0
example_04                  0.878351    1646653       1600422  0.972           5353            1.537        100.0
long_cycle_00              87.751166  166273406      93153670  0.560         379253            3.415        100.0
long_cycle_01              91.832240  174058836      95787646  0.550         445612            3.957        100.0
long_cycle_02               9.579230   18140546      14199352  0.783          59994            3.237        100.0
random_00                  13.906318   26343470      25955478  0.985          83216            2.466        100.0
random_01                  11.613145   21996825      21372911  0.972          36796            1.196        100.0
random_02                   3.027014    5719992       5795626  1.013          26270            3.108        100.0
random_03                   7.063582   13314949      11510860  0.865          10545            0.509        100.0
random_04                   9.072875   17179963      17406507  1.013          51150            2.210        100.0
random_05                   6.483516   12272194      12120259  0.988          16426            0.869        100.0
random_06                  15.088245   28583266      27580001  0.965          75674            2.072        100.0
random_07                   2.377277    4487570       4412075  0.983           8291            1.067        100.0
random_08                   6.331399   11984203      12123499  1.012          20617            1.141        100.0
random_09                   4.392973    8308935       8438032  1.016          29595            2.487        100.0
random_dense_00             0.899647    1687182       1625060  0.963           5504            1.581        100.0
random_dense_01             0.888395    1665728       1608347  0.966           5490            1.587        100.0
random_dense_02             0.903334    1693858       1621266  0.957           5449            1.561        100.0
tree_00                    33.966798   64369414      54963078  0.854         397003            6.648        100.0
tree_01                    40.977559   77660330      65017585  0.837         472570            6.724        100.0
tree_02                     4.820526    9119325       8900345  0.976          60199            5.401        100.0
unicyclic_00               33.523559   63530486      54681165  0.861         387757            6.462        100.0
unicyclic_01               40.130947   76054748      62052862  0.816         425174            6.209        100.0
unicyclic_02                4.091889    7722896       7451015  0.965          41164            4.137        100.0
