case                   task-clock (ms)    cycles  instructions    IPC  branch-misses  branch-miss (%)  running (%)
max (max_complete_00)        16.687301         -             -      -              -                -            -
sum                          92.827337         -             -      -              -                -            -
example_00                    0.852653   1598357       1602335  1.002           5300            1.527        100.0
large_random_00               7.953402  15057590      16305120  1.083         192530           10.099        100.0
large_random_01               3.643711   6833129       8635847  1.264          21446            1.554        100.0
large_random_02               6.592953  12480097      14534315  1.165          92525            4.859        100.0
max_complete_00              16.687301  31613698      73849584  2.336         247888            4.274        100.0
max_random_00                10.292288  19492294      21983956  1.128         125563            4.513        100.0
max_random_01                10.384928  19666787      22040750  1.121         125877            4.496        100.0
max_random_02                10.306236  19518134      22038557  1.129         125967            4.503        100.0
minimum_00                    0.856133   1604603       1585440  0.988           5409            1.589        100.0
small_dense_00                0.974686   1828998       1852093  1.013           8844            2.364        100.0
small_dense_01                2.780962   5252601       8463432  1.611          53985            5.954        100.0
small_dense_02                1.010001   1896453       1900625  1.002           9068            2.401        100.0
small_sparse_00               0.899526   1687811       1666039  0.987           5991            1.686        100.0
small_sparse_01               0.902924   1693367       1657321  0.979           5976            1.685        100.0
small_sparse_02               0.877915   1645986       1612252  0.980           5752            1.674        100.0
star_00                       8.820642  16702138      18659244  1.117          76861            3.151        100.0
star_01                       8.991076  17025445      18727469  1.100          83401            3.399        100.0
