case                               task-clock (ms)     cycles  instructions    IPC  branch-misses  branch-miss (%)  running (%)
max (random_many_addquery_2_01)         245.829553          -             -      -              -                -            -
sum                                    2403.220553          -             -      -              -                -            -
example_00                                0.916642    1718631       1634319  0.951           5669            1.606        100.0
example_01                                0.858501    1608927       1625605  1.010           5452            1.559        100.0
binary_2_00                             222.456386  421487255     476902933  1.131        1225577            1.456        100.0
binary_2_01                             219.219603  415292714     477926642  1.151        1219785            1.446        100.0
line_1_00                                38.225295   72383221      87789989  1.213         323253            3.824        100.0
line_2_00                                39.688489   75215158      92889046  1.235         306721            3.495        100.0
random_large_1_00                       156.015351  295541276     264294399  0.894        2898141            6.567        100.0
random_large_2_00                       212.449079  402487839     345021616  0.857        4432815            7.280        100.0
random_many_addquery_2_00               237.251738  449495850     385668258  0.858        5446181            7.878        100.0
random_many_addquery_2_01               245.829553  465771652     402061129  0.863        5608103            7.754        100.0
random_many_getquery_2_00               178.160352  337495285     290670272  0.861        3169379            6.341        100.0
random_many_getquery_2_01               185.139693  350689362     300540977  0.857        3261081            6.299        100.0
random_max_1_00                         152.496099  288918912     261163901  0.904        2876968            6.606        100.0
random_max_2_00                         210.611665  399058642     338340469  0.848        4400463            7.385        100.0
random_medium_1_00                        2.371264    4476587       4741205  1.059          45303            5.191        100.0
random_medium_1_01                        1.930286    3641066       3842354  1.055          34225            4.763        100.0
random_medium_2_00                        2.546889    4808951       5039453  1.048          52278            5.610        100.0
random_medium_2_01                        2.076866    3919481       4134150  1.055          40458            5.208        100.0
random_medium_2_02                        2.006552    3785907       3969664  1.049          37843            5.060        100.0
random_medium_2_03                        2.070427    3907208       4097206  1.049          40097            5.174        100.0
random_medium_2_04                        2.394562    4520509       4866880  1.077          49294            5.481        100.0
random_medium_2_05                        2.660533    5025263       5273198  1.049          54745            5.603        100.0
random_medium_2_06                        2.628539    4964342       5343787  1.076          55230            5.614        100.0
random_medium_2_07                        2.438484    4603820       4860303  1.056          49958            5.543        100.0
random_small_tree_many_query_1_00        10.382681   19663249      33118713  1.684         118695            3.466        100.0
random_small_tree_many_query_1_01        11.614486   21997826      33608411  1.528         172431            4.966        100.0
random_small_tree_many_query_1_02        13.036629   24694593      34437552  1.395         243235            6.831        100.0
random_small_tree_many_query_1_03        11.973286   22678509      25835911  1.139         274745            9.447        100.0
random_small_tree_many_query_1_04        12.076217   22873612      33883761  1.481         201275            5.726        100.0
random_small_tree_many_query_1_05        12.255541   23213522      35012075  1.508         198612            5.078        100.0
random_small_tree_many_query_1_06        12.855605   24336959      35759131  1.469         220300            5.134        100.0
random_small_tree_many_query_1_07        11.082515   20989519      34152265  1.627         151343            4.684        100.0
random_small_tree_many_query_1_08        12.070424   22862240      35192208  1.539         188905            5.222        100.0
random_small_tree_many_query_1_09        12.923857   24362321      36111614  1.482         216329            5.376        100.0
random_small_tree_many_query_2_00        10.318997   19543098      33079016  1.693         118846            3.480        100.0
random_small_tree_many_query_2_01        11.590746   21953361      33619906  1.531         172141            4.954        100.0
random_small_tree_many_query_2_02        12.723434   24100079      34814038  1.445         221415            6.157        100.0
random_small_tree_many_query_2_03        12.120038   22943455      25943766  1.131         278629            9.513        100.0
random_small_tree_many_query_2_04        11.777210   22306463      33779150  1.514         186263            5.329        100.0
random_small_tree_many_query_2_05        12.701948   24058979      34822707  1.447         225331            5.827        100.0
random_small_tree_many_query_2_06        13.244170   25087231      35693579  1.423         241083            5.689        100.0
random_small_tree_many_query_2_07        10.926193   20694006      34269065  1.656         142314            4.410        100.0
random_small_tree_many_query_2_08        11.938519   22612646      34925401  1.545         188887            5.273        100.0
random_small_tree_many_query_2_09        12.661877   23983230      35895303  1.497         209833            5.291        100.0
uni_2_00                                 20.220071   38311579      44366500  1.158         256202            4.956        100.0
uni_2_01                                 20.283261   38431051      44539390  1.159         255713            4.952        100.0
