case                  task-clock (ms)    cycles  instructions    IPC  branch-misses  branch-miss (%)  running (%)
max (max_random_02)         34.074263         -             -      -              -                -            -
sum                        204.722503         -             -      -              -                -            -
example_00                   0.872158   1635660       1588736  0.971           5285            1.542        100.0
example_01                   0.886798   1662431       1599904  0.962           5431            1.575        100.0
example_02                   0.863690   1618319       1599492  0.988           5485            1.592        100.0
max_random_00               33.701845  63867513     132900469  2.081          56808            0.704        100.0
max_random_01               33.556202  63590519     133255623  2.096          43652            0.542        100.0
max_random_02               34.074263  64558903     135479025  2.099          42101            0.515        100.0
max_random_03               32.746472  62043003     130155542  2.098          39155            0.497        100.0
max_random_04               33.409051  63286732     132482633  2.093          42378            0.529        100.0
perm_max_random_00           3.786010   7159113       9059166  1.265           8798            0.650        100.0
perm_max_random_01           3.800039   7184644       9107720  1.268           8759            0.643        100.0
perm_max_random_02           3.836711   7254659       9194180  1.267           8808            0.638        100.0
perm_max_random_03           3.746545   7084067       8922495  1.260           8834            0.665        100.0
perm_max_random_04           3.835117   7251997       9025838  1.245           8768            0.651        100.0
random_00                    3.562791   6735136      10796229  1.603          25740            2.465        100.0
random_01                    4.062941   7684476      13141887  1.710          21727            1.788        100.0
random_02                    1.394450   2624506       3225826  1.229           9116            1.870        100.0
random_03                    3.890991   7358068      12677997  1.723          18227            1.547        100.0
random_04                    0.934223   1752763       1688145  0.963           5942            1.666        100.0
signed_overflow_00           0.894614   1678132       1668278  0.994           5469            1.549        100.0
unsigned_overflow_00         0.867592   1626115       1621844  0.997           5466            1.564        100.0
