2026-10-01 lenovo / Intel(R) Core(TM) i5-10210U CPU @ 1.60GHz
Two complete passes; per binary/case minimum task-clock; all counters from that same run.
Cases: 24, including examples. Units: ms. No CPU pinning.
Compiler: g++ (GCC) 16.2.1 20260819 (Red Hat 16.2.1-2); rustc 1.98.1 (48a229cea 2026-09-01)
Build host: master; glibc 2.43
Environment: Linux 7.2.8-200.fc44.x86_64; affinity [0, 1, 2, 3]; stack 268435456 bytes; bench_env OK.
cxx_flags.txt: -std=c++23 -DEVAL -DONLINE_JUDGE -Iinclude -O3 -fwhole-program -fno-exceptions -fno-rtti -march=x86-64-v3 -fno-pie -no-pie -nostdlib++ -static -lm -s
cpp_flags.txt: -std=c++23 -DEVAL -DONLINE_JUDGE -Iac-library -include cassert -O3 -fwhole-program -fno-exceptions -fno-rtti -march=x86-64-v3 -fno-pie -no-pie -static -lgmp -s
rust_flags.txt: -C opt-level=3 -C codegen-units=1 -C lto=fat -C panic=abort -C target-cpu=x86-64-v3 -C target-feature=+crt-static -C relocation-model=static -C link-arg=-Wl,-u,__cxa_thread_atexit_impl -C strip=symbols

solution                                max (ms)       sum (ms)
Rohan_Kapri                               49.171867     509.718424
adamant                                   49.189420     509.619749
drken                                     94.771939     659.176557
sakikuroe                                 44.787098     379.499507
urectanc                                  64.771344     543.932381
main                                      35.024531     192.879727

submissions/polynomial/inv_of_formal_power_series_sparse/Rohan_Kapri.cpp
SHA-256: 8e3f40c469b270795c33da79b3424a9372f53b2e9b188e3b963cb793099408ba
case                  task-clock (ms)    cycles  instructions    IPC  branch-misses  branch-miss (%)  running (%)
max (small_dense_02)        49.171867         -             -      -              -                -            -
sum                        509.718424         -             -      -              -                -            -
example_00                   1.033907   1634771       2464760  1.508           7228            1.274        100.0
example_01                   1.059753   1676435       2463760  1.470           7306            1.293        100.0
max_random_00               38.173624  60823840     164344943  2.702          11229            0.063        100.0
max_random_01               37.353194  59611817     159741678  2.680          11155            0.065        100.0
max_random_02               36.267106  57793228     151447761  2.621          10929            0.067        100.0
max_random_03               36.592171  58312746     154550721  2.650          11126            0.067        100.0
max_random_04               35.342153  56317336     145309683  2.580          10701            0.068        100.0
min_K_00                     9.522283  15184795      26376170  1.737           8757            0.194        100.0
min_K_01                    11.101293  17707200      30850960  1.742           8843            0.168        100.0
random_00                    9.523936  15188288      26424035  1.740           8812            0.195        100.0
random_01                   15.838941  25269348      61162003  2.420           9566            0.118        100.0
random_02                   19.998838  31909390      80481037  2.522           9630            0.095        100.0
random_03                   13.675156  21815416      48980429  2.245           9312            0.162        100.0
random_04                   23.700202  37818316      86314555  2.282          10073            0.100        100.0
small_N_00                   1.059666   1676118       2467965  1.472           7242            1.275        100.0
small_N_01                   1.079179   1706761       2486896  1.457           7153            1.247        100.0
small_N_02                   1.055654   1669457       2465339  1.477           7149            1.260        100.0
small_N_03                   1.071638   1695058       2471226  1.458           7278            1.280        100.0
small_N_04                   1.041350   1646659       2470466  1.500           7262            1.278        100.0
small_dense_00              47.917055  76389132     162718874  2.130          10450            0.056        100.0
small_dense_01              48.727336  77666324     174814573  2.251          10482            0.050        100.0
small_dense_02              49.171867  78393276     195892129  2.499          10226            0.043        100.0
small_dense_03              21.947013  34934112      58858572  1.685           9301            0.097        100.0
small_dense_04              47.465109  75668960     150937402  1.995          10365            0.061        100.0

submissions/polynomial/inv_of_formal_power_series_sparse/adamant.cpp
SHA-256: 8e3f40c469b270795c33da79b3424a9372f53b2e9b188e3b963cb793099408ba
case                  task-clock (ms)    cycles  instructions    IPC  branch-misses  branch-miss (%)  running (%)
max (small_dense_02)        49.189420         -             -      -              -                -            -
sum                        509.619749         -             -      -              -                -            -
example_00                   1.078616   1706197       2459771  1.442           7190            1.274        100.0
example_01                   1.070004   1693016       2508447  1.482           7295            1.253        100.0
max_random_00               38.002115  60562924     164308584  2.713          10414            0.059        100.0
max_random_01               37.334691  59498484     159760363  2.685          10489            0.061        100.0
max_random_02               36.246551  57760350     151498918  2.623          10747            0.066        100.0
max_random_03               36.568745  58274940     154540845  2.652          10980            0.066        100.0
max_random_04               35.409220  56423200     145334712  2.576          11034            0.071        100.0
min_K_00                     9.543468  15220004      26387848  1.734           8863            0.196        100.0
min_K_01                    11.121520  17738623      30887159  1.741           8781            0.167        100.0
random_00                    9.510615  15167033      26404180  1.741           8826            0.195        100.0
random_01                   15.874184  25325995      61143005  2.414           9504            0.117        100.0
random_02                   19.997558  31906858      80492340  2.523           9562            0.094        100.0
random_03                   13.656886  21786028      49014388  2.250           9178            0.160        100.0
random_04                   23.739372  37794275      86314799  2.284           9725            0.097        100.0
small_N_00                   1.075841   1701935       2483848  1.459           7181            1.253        100.0
small_N_01                   1.018418   1610838       2492692  1.547           7271            1.259        100.0
small_N_02                   1.052239   1664588       2473281  1.486           7301            1.284        100.0
small_N_03                   1.050195   1661094       2491280  1.500           7169            1.242        100.0
small_N_04                   1.049681   1660422       2496705  1.504           7255            1.255        100.0
small_dense_00              47.933591  76417042     162705289  2.129          10055            0.053        100.0
small_dense_01              48.964147  78123043     175116336  2.242          10862            0.052        100.0
small_dense_02              49.189420  78400742     195805130  2.497          10712            0.045        100.0
small_dense_03              21.886774  34838241      58904653  1.691           9074            0.094        100.0
small_dense_04              47.245898  75299979     150716402  2.002          10301            0.061        100.0

submissions/polynomial/inv_of_formal_power_series_sparse/drken.cpp
SHA-256: ba81f3ac2eb7d64b8053fb8063fcdd3659b2100869563da689ba434249423229
case                  task-clock (ms)     cycles  instructions    IPC  branch-misses  branch-miss (%)  running (%)
max (small_dense_02)        94.771939          -             -      -              -                -            -
sum                        659.176557          -             -      -              -                -            -
example_00                   1.023520    1618400       2452133  1.515           6722            1.177        100.0
example_01                   1.018983    1610836       2409486  1.496           6747            1.218        100.0
max_random_00               42.492437   67815812     185978777  2.742          11816            0.045        100.0
max_random_01               40.403994   64481748     176939727  2.744          12293            0.048        100.0
max_random_02               37.383540   59660993     160847977  2.696          11403            0.047        100.0
max_random_03               38.397668   61277950     166759515  2.721          11230            0.045        100.0
max_random_04               34.988145   55836844     148946118  2.668          11210            0.047        100.0
min_K_00                     8.013605   12776250      28711009  2.247           8726            0.127        100.0
min_K_01                     9.308936   14845724      33621595  2.265           8828            0.109        100.0
random_00                    8.005001   12763758      28727949  2.251           8868            0.128        100.0
random_01                   12.487930   19920024      51447422  2.583           8917            0.096        100.0
random_02                   16.331661   26054573      69446301  2.665           9367            0.074        100.0
random_03                   10.358325   16519619      41536431  2.514           8860            0.102        100.0
random_04                   19.370954   30906152      75295680  2.436          10184            0.062        100.0
small_N_00                   1.010351    1598128       2412876  1.510           6611            1.187        100.0
small_N_01                   0.991587    1567560       2432967  1.552           6706            1.191        100.0
small_N_02                   1.031542    1631278       2416086  1.481           6693            1.200        100.0
small_N_03                   1.006449    1591712       2419655  1.520           6650            1.192        100.0
small_N_04                   0.992541    1568424       2421078  1.544           6767            1.212        100.0
small_dense_00              86.593343  138179841     167421472  1.212         164773            0.753        100.0
small_dense_01              89.320934  142543060     189413097  1.329         165233            0.664        100.0
small_dense_02              94.771939  151267702     226433642  1.497         164957            0.592        100.0
small_dense_03              20.460134   32644277      70486238  2.159          10795            0.064        100.0
small_dense_04              83.413038  133112034     153348932  1.152         164422            0.719        100.0

submissions/polynomial/inv_of_formal_power_series_sparse/sakikuroe.rs
SHA-256: 88beb6f1c8cb81bd8d973992cd747613a28fc2e897eb0338fa55fcbf2d9a5706
case                  task-clock (ms)    cycles  instructions    IPC  branch-misses  branch-miss (%)  running (%)
max (small_dense_02)        44.787098         -             -      -              -                -            -
sum                        379.499507         -             -      -              -                -            -
example_00                   1.020714   1613713       2011681  1.247           7152            1.584        100.0
example_01                   0.993485   1570087       2046293  1.303           7110            1.523        100.0
max_random_00               32.776332  52305973     177535627  3.394          14025            0.046        100.0
max_random_01               30.617729  48861328     165817986  3.394          13471            0.047        100.0
max_random_02               28.341470  45226631     150861733  3.336          14359            0.054        100.0
max_random_03               28.963775  46218963     155244032  3.359          13627            0.050        100.0
max_random_04               26.079990  41616737     137630237  3.307          12996            0.053        100.0
min_K_00                     4.226592   6732027      18228662  2.708           7806            0.162        100.0
min_K_01                     5.005373   7974257      21255080  2.665           8160            0.145        100.0
random_00                    4.361584   6947274      18222077  2.623           7883            0.163        100.0
random_01                    9.563416  15250797      46599632  3.056           9241            0.105        100.0
random_02                   12.572580  20054840      62370691  3.110           9644            0.084        100.0
random_03                    6.886130  10976583      32728143  2.982           8169            0.126        100.0
random_04                   13.130309  20945663      61757571  2.948           9282            0.077        100.0
small_N_00                   0.979914   1548132       2050624  1.325           7120            1.528        100.0
small_N_01                   0.986785   1560157       2035684  1.305           7154            1.546        100.0
small_N_02                   0.995463   1573964       2025394  1.287           7272            1.594        100.0
small_N_03                   0.977891   1545260       2021277  1.308           7165            1.573        100.0
small_N_04                   0.981029   1550153       2013488  1.299           7023            1.539        100.0
small_dense_00              38.680711  61730324     145109036  2.351         124796            0.597        100.0
small_dense_01              40.535463  64690675     164135107  2.537         126364            0.528        100.0
small_dense_02              44.787098  71453558     202170243  2.829         128454            0.429        100.0
small_dense_03              10.134269  16162072      43419827  2.687           8143            0.070        100.0
small_dense_04              35.901405  57294228     126096302  2.201         123599            0.690        100.0

submissions/polynomial/inv_of_formal_power_series_sparse/urectanc.rs
SHA-256: dae5b75f87e3acd7901b789953f8117dc654ff84f7c1f349d294760352a15093
case                  task-clock (ms)     cycles  instructions    IPC  branch-misses  branch-miss (%)  running (%)
max (small_dense_02)        64.771344          -             -      -              -                -            -
sum                        543.932381          -             -      -              -                -            -
example_00                   1.119144    1771240       2303796  1.301           6908            1.334        100.0
example_01                   1.109783    1756217       2311272  1.316           7009            1.337        100.0
max_random_00               42.289049   67489803     196824479  2.916          49311            0.164        100.0
max_random_01               41.200217   65737744     185890440  2.828         140134            0.492        100.0
max_random_02               37.115462   59232130     168507984  2.845          30838            0.119        100.0
max_random_03               39.110055   62417471     174631488  2.798         123214            0.459        100.0
max_random_04               34.900913   55697527     154704105  2.778          41379            0.174        100.0
min_K_00                     8.964591   14295548      32436445  2.269           8540            0.161        100.0
min_K_01                    10.401526   16589198      38294121  2.308           8389            0.134        100.0
random_00                    8.933872   14246274      32492496  2.281           8417            0.158        100.0
random_01                   14.168388   22602135      53792772  2.380          98643            1.165        100.0
random_02                   16.809936   26819596      70874941  2.643          12269            0.111        100.0
random_03                   11.469376   18293503      41432486  2.265          67907            1.022        100.0
random_04                   20.632924   32921058      73323706  2.227         169542            1.467        100.0
small_N_00                   1.145434    1813165       2308073  1.273           7146            1.371        100.0
small_N_01                   1.119730    1771915       2331747  1.316           7006            1.326        100.0
small_N_02                   1.108463    1754248       2341704  1.335           6996            1.315        100.0
small_N_03                   1.083496    1713667       2285417  1.334           6918            1.345        100.0
small_N_04                   1.100452    1741747       2305868  1.324           7063            1.362        100.0
small_dense_00              54.759124   87378940     181317478  2.075        1118526            4.616        100.0
small_dense_01              57.429218   91658460     201018919  2.193        1118454            4.119        100.0
small_dense_02              64.771344  103379721     241086777  2.332        1118067            3.370        100.0
small_dense_03              21.830268   34832834      80291939  2.305           9343            0.072        100.0
small_dense_04              51.359616   81941091     161276516  1.968        1118096            5.272        100.0

src/polynomial/inv_of_formal_power_series_sparse/main.cxx
SHA-256: d0434c55d0b528b20e7eadb8298effcad20bbea3afa0ad1795f2d7915c3feee2
case                  task-clock (ms)    cycles  instructions    IPC  branch-misses  branch-miss (%)  running (%)
max (small_dense_02)        35.024531         -             -      -              -                -            -
sum                        192.879727         -             -      -              -                -            -
example_00                   0.848760   1339320       1789089  1.336           5622            1.390        100.0
example_01                   0.828546   1307117       1794532  1.373           5596            1.380        100.0
max_random_00                7.626359  12158559      29402806  2.418           8310            0.149        100.0
max_random_01                7.727502  12319457      29416433  2.388           9314            0.167        100.0
max_random_02                7.669164  12225362      29340436  2.400           8085            0.145        100.0
max_random_03                7.671360  12229998      29377044  2.402           7916            0.142        100.0
max_random_04                7.691747  12263391      29415597  2.399           7988            0.143        100.0
min_K_00                     3.117949   4961565       9969273  2.009           6817            0.406        100.0
min_K_01                     3.460855   5509551      11450816  2.078           6789            0.355        100.0
random_00                    3.089863   4917257       9988574  2.031           6725            0.399        100.0
random_01                    3.877888   6175207      14716546  2.383           6928            0.244        100.0
random_02                    4.602299   7331580      17807697  2.429           7252            0.212        100.0
random_03                    3.703405   5896240      13795785  2.340           6797            0.254        100.0
random_04                    6.359749  10136243      24019126  2.370           7581            0.165        100.0
small_N_00                   0.813274   1282867       1753305  1.367           5406            1.384        100.0
small_N_01                   0.822436   1297067       1770704  1.365           5628            1.412        100.0
small_N_02                   0.853652   1347448       1777574  1.319           5478            1.363        100.0
small_N_03                   0.826370   1303836       1739594  1.334           5583            1.439        100.0
small_N_04                   0.825645   1302541       1776632  1.364           5418            1.355        100.0
small_dense_00              25.781468  41138230     140500286  3.415           8048            0.052        100.0
small_dense_01              28.720529  45829648     161529499  3.525           8315            0.047        100.0
small_dense_02              35.024531  55894096     203565319  3.642           8240            0.038        100.0
small_dense_03               6.789782  10822176      22321370  2.063           7563            0.212        100.0
small_dense_04              24.146594  38529488     119499745  3.102           8075            0.059        100.0
