case                     task-clock (ms)     cycles  instructions    IPC  branch-misses  branch-miss (%)  running (%)
max (max_random_00)           111.025750          -             -      -              -                -            -
sum                          1029.544262          -             -      -              -                -            -
example_00                      0.901764    1692160       1608040  0.950           5454            1.574        100.0
example_01                      0.909471    1705313       1609161  0.944           5478            1.588        100.0
example_02                      0.869205    1629395       1621976  0.995           5415            1.542        100.0
M_zero_00                       7.535546   14253099      26150948  1.835          53170            1.445        100.0
M_zero_01                       8.682506   16440789      30647383  1.864          62167            1.453        100.0
all_zero_00                     6.073563   11495293      21212187  1.845           8237            0.224        100.0
all_zero_01                     6.960015   13176132      24872883  1.888           8905            0.207        100.0
binary_exp_max_00             110.245615  208871879     398727962  1.909          93670            0.531        100.0
hack_00                         0.854928    1602517       1613832  1.007           5423            1.558        100.0
lower_deg_zero2_00             91.838963  174052014     330594344  1.899          89256            0.582        100.0
lower_deg_zero2_01             72.661144  137701560     261478158  1.899          88141            0.693        100.0
lower_deg_zero2_02             61.543513  116604357     221022849  1.895          84343            0.743        100.0
lower_deg_zero2_03             11.848598   22441596      41826192  1.864          68879            1.391        100.0
lower_deg_zero_00               7.925468   15005726      28449767  1.896          25302            0.552        100.0
lower_deg_zero_01               9.269048   17530976      32725866  1.867          65139            1.425        100.0
lower_deg_zero_02               7.439168   14082964      26960638  1.914          11964            0.261        100.0
lower_deg_zero_03               7.730990   14636724      27945119  1.909          20125            0.437        100.0
lower_deg_zero_04               8.553919   16196507      30568657  1.887          43997            0.957        100.0
lower_deg_zero_05               8.779873   16612291      31114058  1.873          50539            1.103        100.0
lower_deg_zero_06               8.992784   17029036      31800548  1.867          55825            1.219        100.0
lower_deg_zero_07               7.896727   14951401      28436949  1.902          24959            0.542        100.0
max_random_00                 111.025750  210333260     399030569  1.897          95854            0.541        100.0
max_random_01                 110.839799  209972569     399050071  1.900          94785            0.535        100.0
max_random_02                 110.237521  208890736     398292167  1.907          94776            0.541        100.0
monomial_00                     7.312559   13844481      26388675  1.906           8990            0.198        100.0
monomial_01                     7.362258   13938254      26503509  1.901           8720            0.191        100.0
monomial_02                     7.237440   13700869      26224309  1.914           8875            0.198        100.0
monomial_03                     7.317143   13853055      26443502  1.909           8934            0.196        100.0
monomial_ans_low_deg_00         6.105335   11554899      21710968  1.879           8480            0.229        100.0
monomial_ans_low_deg_01         6.730941   12740975      24469216  1.921           8708            0.208        100.0
monomial_ans_low_deg_02         1.638876    3088701       4340056  1.405           6577            0.811        100.0
monomial_ans_low_deg_03         6.470240   12247356      23487396  1.918           8567            0.214        100.0
overflow_killer_00              0.881509    1652964       1608351  0.973           5447            1.564        100.0
overflow_killer_01              0.878456    1647885       1644019  0.998           5455            1.519        100.0
random_00                      82.531987  156430439     299994302  1.918          76339            0.569        100.0
random_01                     103.477809  196077445     372326720  1.899          87927            0.537        100.0
random_02                      11.983831   22698472      41190270  1.815          19928            0.893        100.0
