case                task-clock (ms)    cycles  instructions    IPC  branch-misses  branch-miss (%)  running (%)
max (monotone_02)         28.224422         -             -      -              -                -            -
sum                      441.111099         -             -      -              -                -            -
example_00                 0.892751   1674945       1622220  0.969           5370            1.516        100.0
max_random_00             27.395882  51915197     116807253  2.250          12097            0.098        100.0
max_random_01             27.470628  52019661     116819524  2.246          12765            0.103        100.0
max_random_02             26.995900  51095857     114332727  2.238          12419            0.102        100.0
med_random_00              0.908172   1703558       1720809  1.010           5500            1.540        100.0
med_random_01              0.877923   1646595       1651909  1.003           5394            1.548        100.0
med_random_02              0.842600   1578135       1698286  1.076           5534            1.525        100.0
monotone_00               27.564767  52234484     117286396  2.245          12995            0.102        100.0
monotone_01               25.627302  48548001     106065094  2.185          13340            0.114        100.0
monotone_02               28.224422  53455544     106074119  1.984          13483            0.115        100.0
monotone_03               27.259140  51596628     117135687  2.270          12816            0.101        100.0
near_power_of_2_00        14.227154  26951387      58700773  2.178           9699            0.153        100.0
near_power_of_2_01        14.189203  26879105      58423264  2.174           9848            0.156        100.0
near_power_of_2_02        14.294447  27079816      58711307  2.168           9780            0.155        100.0
near_power_of_2_03        14.289049  27068168      59473638  2.197           9468            0.148        100.0
near_power_of_2_04        14.128205  26749509      57732491  2.158           9955            0.161        100.0
near_power_of_2_05        14.334833  27141111      59432147  2.190           9883            0.155        100.0
near_power_of_2_06        14.290033  27010660      59481992  2.202           9760            0.153        100.0
near_power_of_2_07        14.204905  26908169      58615952  2.178           9789            0.155        100.0
near_power_of_2_08        14.298216  27085725      58812962  2.171           9883            0.156        100.0
random_00                 21.178515  40128874      89450593  2.229          10728            0.113        100.0
random_01                 23.045842  43668704      97423906  2.231          11174            0.108        100.0
random_02                 12.096278  22912538      49269038  2.150           9324            0.175        100.0
small_00                   0.818673   1533101       1588143  1.036           5444            1.591        100.0
small_01                   0.853001   1598903       1601625  1.002           5478            1.586        100.0
small_02                   0.866500   1624296       1595655  0.982           5385            1.564        100.0
small_03                   0.854299   1601794       1590378  0.993           5304            1.546        100.0
small_04                   0.853023   1598873       1593848  0.997           5368            1.562        100.0
small_05                   0.837355   1569534       1599697  1.019           5503            1.597        100.0
small_06                   0.855426   1603828       1588681  0.991           5274            1.540        100.0
small_07                   0.828945   1553519       1594254  1.026           5357            1.558        100.0
small_08                   0.841194   1576730       1594678  1.011           5397            1.570        100.0
small_slopes_00           27.392557  51908055     116197659  2.239          12250            0.100        100.0
small_slopes_01           27.473959  52062275     116179396  2.232          11898            0.097        100.0
