case                task-clock (ms)     cycles  instructions    IPC  branch-misses  branch-miss (%)  running (%)
max (line_star_02)       285.544158          -             -      -              -                -            -
sum                     1900.964756          -             -      -              -                -            -
example_00                 0.916952    1720626       1634057  0.950           5775            1.633        100.0
almost_uni_00             51.516601   97599809     135546511  1.389          95363            0.416        100.0
almost_uni_01             51.389820   97382692     135525556  1.392          95514            0.416        100.0
line_00                  199.092440  377044691     628334157  1.666        3475674            3.482        100.0
line_star_00             265.136638  502292338     376825138  0.750        1891154            3.088        100.0
line_star_01             186.258131  352888454     305921023  0.867        1202042            2.529        100.0
line_star_02             285.544158  541033881     409002257  0.756        2020055            3.068        100.0
max_random_00            182.325212  345525114     279344615  0.808        5643250           11.032        100.0
max_random_01            178.460008  338222598     275514296  0.815        5530008           10.967        100.0
random_00                110.911901  210169965     174361745  0.830        3473058           10.885        100.0
random_01                129.524962  245508891     204287597  0.832        4071317           10.897        100.0
random_02                 44.650846   84608054      72886339  0.861        1434429           10.740        100.0
random_03                153.490635  290883452     235705460  0.810        4774785           11.050        100.0
random_04                 10.785074   20426159      20135731  0.986         364800            9.834        100.0
small_random_00            1.182216    2223432       2281597  1.026          19306            4.152        100.0
small_random_01            0.962748    1807075       1808350  1.001           9489            2.457        100.0
small_random_02            0.862251    1616506       1678025  1.038           7385            2.067        100.0
small_random_03            0.954656    1791857       1809040  1.010           9619            2.488        100.0
small_random_04            1.161077    2182734       2176867  0.997          17141            3.770        100.0
uni_00                    45.838430   86874829     128129594  1.475          16075            0.074        100.0
