2026-10-01 lenovo / Intel(R) Core(TM) i5-10210U CPU @ 1.60GHz
Two complete passes; per binary/case minimum task-clock; all counters from that same run.
Cases: 34, including examples. Units: ms. No CPU pinning.
Compiler: g++ (GCC) 16.2.1 20260819 (Red Hat 16.2.1-2); rustc 1.98.1 (48a229cea 2026-09-01)
Build host: master; glibc 2.43
Environment: Linux 7.2.8-200.fc44.x86_64; affinity [0, 1, 2, 3]; stack 268435456 bytes; bench_env OK.
cxx_flags.txt: -std=c++23 -DEVAL -DONLINE_JUDGE -Iinclude -O3 -fwhole-program -fno-exceptions -fno-rtti -march=x86-64-v3 -fno-pie -no-pie -nostdlib++ -static -lm -s
cpp_flags.txt: -std=c++23 -DEVAL -DONLINE_JUDGE -Iac-library -include cassert -O3 -fwhole-program -fno-exceptions -fno-rtti -march=x86-64-v3 -fno-pie -no-pie -static -lgmp -s
rust_flags.txt: -C opt-level=3 -C codegen-units=1 -C lto=fat -C panic=abort -C target-cpu=x86-64-v3 -C target-feature=+crt-static -C relocation-model=static -C link-arg=-Wl,-u,__cxa_thread_atexit_impl -C strip=symbols

solution                                max (ms)       sum (ms)
Anonymous                                 38.905148     535.374734
Rohan_Kapri                               32.371230     521.837336
rogi52                                    56.371857     764.394508
urectanc                                  32.396722     521.804997
wery0                                     46.814255     734.576555
main                                      28.657404     452.229753

submissions/convolution/min_plus_convolution_convex_convex/Anonymous.cpp
SHA-256: dae654843324e45d89319dd1ed8bb64c0c9bf783baba5bb90e6cc19672ca8f00
case                task-clock (ms)    cycles  instructions    IPC  branch-misses  branch-miss (%)  running (%)
max (monotone_02)         38.905148         -             -      -              -                -            -
sum                      535.374734         -             -      -              -                -            -
example_00                 0.897491   1417660       2186042  1.542           5313            1.249        100.0
max_random_00             31.417522  50136289     162724241  3.246           9803            0.038        100.0
max_random_01             31.287364  49929235     162566067  3.256           9535            0.037        100.0
max_random_02             35.980150  57420441     183607415  3.198          11019            0.040        100.0
med_random_00              0.935771   1477688       2316279  1.568           5374            1.233        100.0
med_random_01              0.940269   1486213       2238320  1.506           5482            1.294        100.0
med_random_02              0.920581   1454021       2256744  1.552           5413            1.261        100.0
monotone_00               36.713513  58590806     190400612  3.250          12939            0.046        100.0
monotone_01               38.822978  61958215     202170465  3.263          13117            0.045        100.0
monotone_02               38.905148  62071165     202164152  3.257          14530            0.050        100.0
monotone_03               36.577489  58374609     190098970  3.257          12528            0.044        100.0
near_power_of_2_00        16.002790  25530797      81717342  3.201           8573            0.065        100.0
near_power_of_2_01        15.983643  25500692      81520549  3.197           8516            0.065        100.0
near_power_of_2_02        16.042674  25594291      81774293  3.195           8696            0.066        100.0
near_power_of_2_03        16.127617  25730422      82451146  3.204           8399            0.063        100.0
near_power_of_2_04        18.419555  29388575      92811082  3.158           9307            0.066        100.0
near_power_of_2_05        16.102374  25689981      82394194  3.207           8380            0.063        100.0
near_power_of_2_06        16.118799  25715353      82402301  3.204           8228            0.062        100.0
near_power_of_2_07        16.026716  25568949      81769870  3.198           8905            0.068        100.0
near_power_of_2_08        16.034514  25581404      81977703  3.205           8743            0.066        100.0
random_00                 24.096679  38451291     124730039  3.244           9260            0.046        100.0
random_01                 26.424798  42168010     136370905  3.234           9895            0.045        100.0
random_02                 13.529992  21582761      68762295  3.186           7998            0.072        100.0
small_00                   0.928337   1465769       2129956  1.453           5227            1.288        100.0
small_01                   0.911140   1439198       2181215  1.516           5318            1.253        100.0
small_02                   0.929941   1469719       2148964  1.462           5407            1.314        100.0
small_03                   0.911617   1440106       2133818  1.482           5247            1.290        100.0
small_04                   0.900859   1422767       2144269  1.507           5271            1.283        100.0
small_05                   0.891899   1408689       2134479  1.515           5336            1.311        100.0
small_06                   0.917050   1448851       2189088  1.511           5423            1.273        100.0
small_07                   0.897504   1416870       2153707  1.520           5369            1.301        100.0
small_08                   0.898251   1417006       2181769  1.540           5146            1.213        100.0
small_slopes_00           30.971150  49407726     162026519  3.279          10569            0.041        100.0
small_slopes_01           31.908559  50920397     165050174  3.241          10713            0.040        100.0

submissions/convolution/min_plus_convolution_convex_convex/Rohan_Kapri.rs
SHA-256: 7a9c0f26893cf32a39a1a0193423f5abc064c75bb8181ac6bbf0d8524fd54adc
case                   task-clock (ms)    cycles  instructions    IPC  branch-misses  branch-miss (%)  running (%)
max (small_slopes_01)        32.371230         -             -      -              -                -            -
sum                         521.837336         -             -      -              -                -            -
example_00                    1.114590   1763922       2304347  1.306           6891            1.318        100.0
max_random_00                32.355589  51634337     143376430  2.777          35567            0.168        100.0
max_random_01                32.341227  51610832     143359229  2.778          33357            0.158        100.0
max_random_02                31.790633  50733111     141017251  2.780          33092            0.153        100.0
med_random_00                 1.170866   1842408       2488847  1.351           7460            1.346        100.0
med_random_01                 1.132328   1792127       2363183  1.319           7349            1.403        100.0
med_random_02                 1.151691   1823220       2417440  1.326           7041            1.297        100.0
monotone_00                  31.987230  51021920     144169540  2.826          18338            0.082        100.0
monotone_01                  31.544951  50340043     143576673  2.852          10080            0.045        100.0
monotone_02                  31.065458  49574885     139925334  2.823          10225            0.046        100.0
monotone_03                  31.950107  50986884     144130409  2.827          18507            0.083        100.0
near_power_of_2_00           17.069559  27211502      72117004  2.650          57166            0.531        100.0
near_power_of_2_01           16.999784  27121233      71864224  2.650          60131            0.561        100.0
near_power_of_2_02           17.074311  27240190      72082970  2.646          63125            0.587        100.0
near_power_of_2_03           17.108019  27293385      72766811  2.666          62382            0.575        100.0
near_power_of_2_04           16.725831  26684493      71103158  2.665          59112            0.540        100.0
near_power_of_2_05           17.112882  27302149      72768983  2.665          62873            0.580        100.0
near_power_of_2_06           17.110570  27297733      72736095  2.665          59768            0.552        100.0
near_power_of_2_07           17.082113  27253147      72089414  2.645          64572            0.600        100.0
near_power_of_2_08           17.027595  27166055      72222558  2.659          59142            0.549        100.0
random_00                    25.053209  39977415     109854741  2.748          38472            0.237        100.0
random_01                    27.341427  43629907     120219232  2.755          35644            0.200        100.0
random_02                    14.030182  22380840      59793189  2.672          16202            0.185        100.0
small_00                      1.090331   1725529       2323422  1.346           6908            1.307        100.0
small_01                      1.106055   1749362       2324721  1.329           6985            1.321        100.0
small_02                      1.090450   1724726       2321186  1.346           7008            1.327        100.0
small_03                      1.154533   1827374       2308518  1.263           7183            1.382        100.0
small_04                      1.112143   1759826       2282512  1.297           6937            1.354        100.0
small_05                      1.136346   1798571       2339753  1.301           6925            1.302        100.0
small_06                      1.113847   1761900       2301333  1.306           6982            1.348        100.0
small_07                      1.104208   1747326       2302981  1.318           6959            1.343        100.0
small_08                      1.113875   1763042       2289277  1.298           7023            1.368        100.0
small_slopes_00              32.104166  51232118     142965844  2.791          10451            0.049        100.0
small_slopes_01              32.371230  51659311     143921132  2.786          10391            0.049        100.0

submissions/convolution/min_plus_convolution_convex_convex/rogi52.cpp
SHA-256: 5db3e50e62b0bd707b6db14367d0e2665597a10fde704960f88b70d106090c5c
case                   task-clock (ms)    cycles  instructions    IPC  branch-misses  branch-miss (%)  running (%)
max (small_slopes_01)        56.371857         -             -      -              -                -            -
sum                         764.394508         -             -      -              -                -            -
example_00                    1.040696   1645722       2501625  1.520           6848            1.180        100.0
max_random_00                49.039552  78267652     176537269  2.256          11530            0.033        100.0
max_random_01                48.495835  77399017     176193649  2.276          11554            0.033        100.0
max_random_02                46.560846  74309809     171769203  2.312          11308            0.032        100.0
med_random_00                 1.119017   1770831       2645737  1.494           6813            1.133        100.0
med_random_01                 1.079224   1707905       2566416  1.503           6775            1.154        100.0
med_random_02                 1.090699   1725874       2606325  1.510           6842            1.137        100.0
monotone_00                  48.317155  77112728     176626119  2.290          11386            0.032        100.0
monotone_01                  44.657998  71255067     170788892  2.397          11949            0.033        100.0
monotone_02                  44.230966  70578713     162739819  2.306          12430            0.037        100.0
monotone_03                  48.508058  77418463     176501109  2.280          11907            0.033        100.0
near_power_of_2_00           24.356554  38864195      88809949  2.285          10620            0.059        100.0
near_power_of_2_01           24.277062  38737506      88549561  2.286          10318            0.058        100.0
near_power_of_2_02           24.414673  38958608      88877746  2.281          10449            0.058        100.0
near_power_of_2_03           25.020410  39924071      89836954  2.250          10369            0.058        100.0
near_power_of_2_04           23.804031  37982966      87032427  2.291          10207            0.057        100.0
near_power_of_2_05           24.730356  39461266      89675252  2.272          10308            0.057        100.0
near_power_of_2_06           24.970130  39844632      89831109  2.255          10261            0.057        100.0
near_power_of_2_07           24.356178  38864827      88747495  2.283           9973            0.056        100.0
near_power_of_2_08           24.729800  39461120      89216739  2.261          10015            0.056        100.0
random_00                    37.429818  59733727     135197739  2.263          11007            0.041        100.0
random_01                    40.941267  65339966     147768453  2.262          10967            0.037        100.0
random_02                    20.495100  32700850      74413126  2.276          10261            0.069        100.0
small_00                      1.073096   1697831       2500729  1.473           6878            1.186        100.0
small_01                      1.061721   1678657       2496368  1.487           6802            1.175        100.0
small_02                      1.045308   1653208       2448842  1.481           6690            1.192        100.0
small_03                      1.053458   1666845       2462815  1.478           6857            1.211        100.0
small_04                      1.048916   1659344       2463029  1.484           6835            1.207        100.0
small_05                      1.012292   1600733       2430523  1.518           6682            1.198        100.0
small_06                      1.067806   1688597       2453971  1.453           6837            1.216        100.0
small_07                      1.058658   1674978       2462995  1.470           6820            1.204        100.0
small_08                      1.042596   1648246       2461966  1.494           6760            1.194        100.0
small_slopes_00              44.893375  71647740     174056760  2.429          11847            0.034        100.0
small_slopes_01              56.371857  89970806     180389249  2.005          11693            0.033        100.0

submissions/convolution/min_plus_convolution_convex_convex/urectanc.rs
SHA-256: 665998372f1c55ef555d27350cbfd2e437b03d4acd801e1df3c840eb0f51c9f6
case                 task-clock (ms)    cycles  instructions    IPC  branch-misses  branch-miss (%)  running (%)
max (max_random_00)        32.396722         -             -      -              -                -            -
sum                       521.804997         -             -      -              -                -            -
example_00                  1.087658   1720948       2326209  1.352           6985            1.325        100.0
max_random_00              32.396722  51699246     143409926  2.774          34444            0.163        100.0
max_random_01              32.386805  51684191     143360715  2.774          34695            0.164        100.0
max_random_02              31.762072  50686575     141028998  2.782          33203            0.154        100.0
med_random_00               1.149273   1819129       2460168  1.352           7190            1.311        100.0
med_random_01               1.144193   1810876       2413081  1.333           7330            1.352        100.0
med_random_02               1.138262   1801232       2402765  1.334           7066            1.310        100.0
monotone_00                31.906252  50915966     144085896  2.830          17877            0.080        100.0
monotone_01                31.584803  50404143     143564495  2.848          10210            0.045        100.0
monotone_02                31.078669  49582141     139942118  2.822          10616            0.048        100.0
monotone_03                31.994643  51057479     144059588  2.822          18353            0.082        100.0
near_power_of_2_00         17.040055  27172338      72088468  2.653          60280            0.561        100.0
near_power_of_2_01         16.985042  27098252      71847961  2.651          64155            0.598        100.0
near_power_of_2_02         17.039912  27184313      72108621  2.653          62142            0.578        100.0
near_power_of_2_03         17.200401  27441086      72727029  2.650          66276            0.612        100.0
near_power_of_2_04         16.695843  26636200      71122436  2.670          56963            0.520        100.0
near_power_of_2_05         17.090078  27265520      72765462  2.669          60826            0.561        100.0
near_power_of_2_06         17.072666  27237512      72750273  2.671          58022            0.535        100.0
near_power_of_2_07         17.058736  27215206      72068679  2.648          63888            0.594        100.0
near_power_of_2_08         17.012082  27141956      72295412  2.664          56741            0.526        100.0
random_00                  25.050732  39973376     109811901  2.747          42096            0.259        100.0
random_01                  27.347442  43639487     120233259  2.755          37566            0.211        100.0
random_02                  14.032259  22383266      59773409  2.670          16347            0.187        100.0
small_00                    1.152017   1823484       2287334  1.254           7008            1.367        100.0
small_01                    1.130426   1789167       2300880  1.286           7056            1.363        100.0
small_02                    1.099437   1739488       2330371  1.340           6967            1.314        100.0
small_03                    1.107314   1752621       2289829  1.307           6992            1.362        100.0
small_04                    1.128424   1786445       2289605  1.282           7065            1.376        100.0
small_05                    1.104076   1745752       2300091  1.318           7049            1.362        100.0
small_06                    1.124388   1779677       2340764  1.315           7057            1.327        100.0
small_07                    1.106055   1750813       2279655  1.302           6895            1.348        100.0
small_08                    1.123552   1777666       2291153  1.289           6940            1.351        100.0
small_slopes_00            32.126829  51269075     142935108  2.788          10490            0.050        100.0
small_slopes_01            32.347879  51620996     143931385  2.788          10750            0.051        100.0

submissions/convolution/min_plus_convolution_convex_convex/wery0.cpp
SHA-256: efb85be39d011a0145b2a218f21f9e659b0dcf3ed42dfe6a938850945e225b0c
case                 task-clock (ms)    cycles  instructions    IPC  branch-misses  branch-miss (%)  running (%)
max (max_random_00)        46.814255         -             -      -              -                -            -
sum                       734.576555         -             -      -              -                -            -
example_00                  1.206382   1909043       2701903  1.415           6990            1.133        100.0
max_random_00              46.814255  74714089     243815658  3.263         101872            0.257        100.0
max_random_01              46.712888  74552218     243204317  3.262         101809            0.257        100.0
max_random_02              44.989044  71800239     236920644  3.300          89671            0.228        100.0
med_random_00               1.262258   1998962       3003344  1.502           7069            1.047        100.0
med_random_01               1.245451   1973476       2832656  1.435           7158            1.123        100.0
med_random_02               1.238517   1961104       2843097  1.450           6980            1.092        100.0
monotone_00                44.534727  71075269     236938585  3.334          73818            0.188        100.0
monotone_01                43.354051  69190026     229016221  3.310          64514            0.167        100.0
monotone_02                43.591654  69554863     227420208  3.270          66121            0.172        100.0
monotone_03                44.592069  71167001     236830140  3.328          72351            0.184        100.0
near_power_of_2_00         23.861159  38074256     121938783  3.203          88261            0.442        100.0
near_power_of_2_01         23.772269  37931506     121662823  3.207          87094            0.437        100.0
near_power_of_2_02         23.887612  38116408     122092504  3.203          88336            0.442        100.0
near_power_of_2_03         24.064748  38399351     123160481  3.207          90465            0.450        100.0
near_power_of_2_04         23.260692  37116091     119943314  3.232          84617            0.424        100.0
near_power_of_2_05         24.081933  38426010     122914254  3.199          90282            0.449        100.0
near_power_of_2_06         24.082051  38426963     123123274  3.204          90368            0.449        100.0
near_power_of_2_07         23.904439  38128722     121984342  3.199          88752            0.444        100.0
near_power_of_2_08         23.967375  38243217     122515251  3.204          88995            0.444        100.0
random_00                  36.100334  57611608     186376214  3.235          90669            0.299        100.0
random_01                  39.257413  62650371     203483884  3.248          93461            0.282        100.0
random_02                  20.371643  32503206     103356709  3.180          43047            0.255        100.0
small_00                    1.224108   1938040       2684359  1.385           6737            1.099        100.0
small_01                    1.208825   1914575       2686113  1.403           6740            1.099        100.0
small_02                    1.209073   1915166       2686820  1.403           6866            1.118        100.0
small_03                    1.209254   1915126       2731809  1.426           6738            1.067        100.0
small_04                    1.210181   1916368       2701266  1.410           6808            1.100        100.0
small_05                    1.209628   1915474       2740412  1.431           6848            1.082        100.0
small_06                    1.197865   1897258       2699256  1.423           6768            1.095        100.0
small_07                    1.194976   1892576       2691272  1.422           6845            1.113        100.0
small_08                    1.211896   1919847       2700566  1.407           6760            1.093        100.0
small_slopes_00            46.740502  74596765     239524375  3.211          78260            0.200        100.0
small_slopes_01            46.807283  74702769     250565686  3.354          79469            0.197        100.0

src/convolution/min_plus_convolution_convex_convex/main.cxx
SHA-256: b57601554e7623e3e8083370253f0c4c99ec9b4d39d99200cd06d67c884eb243
case                task-clock (ms)    cycles  instructions    IPC  branch-misses  branch-miss (%)  running (%)
max (monotone_02)         28.657404         -             -      -              -                -            -
sum                      452.229753         -             -      -              -                -            -
example_00                 0.841421   1327042       1746426  1.316           5508            1.413        100.0
max_random_00             28.259112  45095116     118038218  2.618           9631            0.071        100.0
max_random_01             28.227097  45026602     117969904  2.620           9760            0.072        100.0
max_random_02             27.891904  44508962     115621245  2.598           9428            0.070        100.0
med_random_00              0.881623   1391615       1869503  1.343           5606            1.396        100.0
med_random_01              0.860889   1359314       1807956  1.330           5524            1.401        100.0
med_random_02              0.853562   1346670       1871159  1.389           5657            1.364        100.0
monotone_00               28.221514  45034707     118474693  2.631           9497            0.068        100.0
monotone_01               25.817748  41197137     107189077  2.602           9491            0.073        100.0
monotone_02               28.657404  45716028     107230047  2.346           9933            0.077        100.0
monotone_03               28.168188  44949456     118434118  2.635           9516            0.068        100.0
near_power_of_2_00        14.575826  23252744      59338404  2.552           8319            0.120        100.0
near_power_of_2_01        14.546105  23204723      59050096  2.545           8241            0.119        100.0
near_power_of_2_02        14.591433  23277431      59326478  2.549           8289            0.119        100.0
near_power_of_2_03        14.703588  23456211      60122895  2.563           8090            0.115        100.0
near_power_of_2_04        14.446796  23046649      58462932  2.537           8210            0.120        100.0
near_power_of_2_05        14.711774  23469343      60146055  2.563           8213            0.117        100.0
near_power_of_2_06        14.701145  23451791      60145991  2.565           8284            0.118        100.0
near_power_of_2_07        14.608445  23304873      59320426  2.545           8304            0.119        100.0
near_power_of_2_08        14.648444  23368928      59541589  2.548           8136            0.117        100.0
random_00                 21.811031  34802357      90435008  2.599           8858            0.085        100.0
random_01                 23.847971  38054283      98437559  2.587           9108            0.080        100.0
random_02                 12.308220  19632129      49905088  2.542           8020            0.136        100.0
small_00                   0.815793   1287026       1786798  1.388           5473            1.354        100.0
small_01                   0.805936   1271272       1787564  1.406           5525            1.367        100.0
small_02                   0.856753   1352556       1759492  1.301           5611            1.431        100.0
small_03                   0.842852   1328593       1744859  1.313           5303            1.362        100.0
small_04                   0.871463   1376254       1742066  1.266           5490            1.420        100.0
small_05                   0.814790   1284612       1759257  1.369           5617            1.432        100.0
small_06                   0.828840   1308654       1793349  1.370           5537            1.366        100.0
small_07                   0.843785   1331947       1771413  1.330           5400            1.347        100.0
small_08                   0.846120   1334644       1744834  1.307           5560            1.437        100.0
small_slopes_00           28.222883  45037960     117436677  2.608           9356            0.069        100.0
small_slopes_01           28.299298  45159793     117461242  2.601           9613            0.071        100.0
