2026-10-01 lenovo / Intel(R) Core(TM) i5-10210U CPU @ 1.60GHz
Two complete passes per binary; per case minimum task-clock; all counters from that same run.
Unchanged binaries reuse their recorded passes; each section identifies its measurement batch.
Cases: 41, including examples. Units: ms. No CPU pinning.
Compiler: g++ (GCC) 16.2.1 20260819 (Red Hat 16.2.1-2); rustc 1.98.1 (48a229cea 2026-09-01)
Build host: master (old results); fedora (new submissions); glibc 2.43
Environment: Linux 7.2.8-200.fc44.x86_64; affinity [0, 1, 2, 3]; stack 268435456 bytes; bench_env OK.
cxx_flags.txt: -std=c++23 -DEVAL -DONLINE_JUDGE -Iinclude -O3 -fwhole-program -fno-exceptions -fno-rtti -march=x86-64-v3 -fno-pie -no-pie -nostdlib++ -static -lm -s
cpp_flags.txt: -std=c++23 -DEVAL -DONLINE_JUDGE -Iac-library -include cassert -O3 -fwhole-program -fno-exceptions -fno-rtti -march=x86-64-v3 -fno-pie -no-pie -static -lgmp -s
rust_flags.txt: -C opt-level=3 -C codegen-units=1 -C lto=fat -C panic=abort -C target-cpu=x86-64-v3 -C target-feature=+crt-static -C relocation-model=static -C link-arg=-Wl,-u,__cxa_thread_atexit_impl -C strip=symbols

solution                                max (ms)       sum (ms)
Anonymous                                440.454059    6620.045990
Nachia                                   404.181169    5606.359934
Rohan_Kapri                              296.655277    5017.298973
rqi                                      449.927078    5895.910092
soryuusi0219                             296.520792    5019.417329
main                                     259.781552    1082.841320
toomer                                   361.567581    6072.653876

submissions/convolution/min_plus_convolution_concave_arbitrary/Anonymous.cpp
SHA-256: 3093f69305962955a11478f30667adbb48ddd82b743ac7b8cdea5842f2fbf7f6
Measured: full-20261001, original two complete passes
case                 task-clock (ms)     cycles  instructions    IPC  branch-misses  branch-miss (%)  running (%)
max (monotone_01)         440.454059          -             -      -              -                -            -
sum                      6620.045990          -             -      -              -                -            -
example_00                  3.241923    5160277       6506249  1.261           7192            0.499        100.0
hack_00                     3.246693    5167247       6513278  1.260           7121            0.494        100.0
large_small_00            210.649637  336194833    1143914833  3.403         978747            0.459        100.0
large_small_01            211.659799  337807122    1147351473  3.396        1016074            0.476        100.0
large_small_02            142.689090  227731436     787627731  3.459         244280            0.159        100.0
large_small_03            142.068283  226765707     772554234  3.407         301418            0.202        100.0
max_random_00             316.550607  505225658    1752921918  3.470        1102738            0.329        100.0
max_random_01             316.618252  505334848    1753943593  3.471        1100843            0.328        100.0
max_random_02             318.757001  508757854    1767394192  3.474        1113685            0.331        100.0
med_random_00               3.666770    5837073       8377487  1.435           7954            0.442        100.0
med_random_01               3.506491    5582138       7544613  1.352           8125            0.496        100.0
med_random_02               3.495728    5564884       7554384  1.358           8399            0.512        100.0
monotone_00               284.078473  453414510    1597064851  3.522         414227            0.136        100.0
monotone_01               440.454059  702991545    1780052110  2.532        5315112            1.596        100.0
monotone_02               440.127000  702385783    1779224484  2.533        5315549            1.597        100.0
monotone_03               283.283827  452127099    1597012026  3.532         225675            0.074        100.0
near_power_of_2_00        159.357152  254329157     875626012  3.443         554015            0.332        100.0
near_power_of_2_01        159.181685  254057392     875623097  3.447         549970            0.330        100.0
near_power_of_2_02        198.663213  317070311    1087373495  3.429         953473            0.467        100.0
near_power_of_2_03        158.264584  252593598     868097666  3.437         556687            0.335        100.0
near_power_of_2_04        159.334014  254300406     875714105  3.444         558428            0.335        100.0
near_power_of_2_05        159.352277  254356485     876107229  3.444         556187            0.333        100.0
near_power_of_2_06        158.303658  252655326     868570188  3.438         560237            0.337        100.0
near_power_of_2_07        159.195862  254089281     875491891  3.446         550277            0.330        100.0
near_power_of_2_08        159.263972  254216372     876159699  3.447         549642            0.329        100.0
only_first_small_00       320.103529  510898787    1783918911  3.492        1025563            0.302        100.0
only_first_small_01       318.952640  509069890    1783920939  3.504         741041            0.218        100.0
random_00                 302.192771  482301119    1661901850  3.446        1464482            0.471        100.0
random_01                 269.664470  430393235    1488638164  3.459         975590            0.343        100.0
random_02                 153.433383  244869037     839700584  3.429         781458            0.493        100.0
small_00                    3.312343    5272798       6483598  1.230           7052            0.491        100.0
small_01                    3.337164    5311813       6491752  1.222           7161            0.498        100.0
small_02                    3.344800    5323459       6543286  1.229           7103            0.488        100.0
small_03                    3.328168    5296928       6546417  1.236           7130            0.490        100.0
small_04                    3.277046    5216332       6549523  1.256           7168            0.492        100.0
small_05                    3.326541    5295618       6494181  1.226           7144            0.497        100.0
small_06                    3.327645    5296119       6496760  1.227           7172            0.499        100.0
small_07                    3.309454    5268704       6508274  1.235           7199            0.499        100.0
small_08                    3.356003    5341867       6490784  1.215           7073            0.492        100.0
small_slopes_00           317.910375  507374276    1768612338  3.486        1062928            0.316        100.0
small_slopes_01           312.859608  499345772    1736275904  3.477        1040817            0.315        100.0

submissions/convolution/min_plus_convolution_concave_arbitrary/Nachia.cpp
SHA-256: 8394477fed439406702d2bced4256e8d46a15b9e669e646403a8413de1e8b182
Measured: full-20261001, original two complete passes
case                 task-clock (ms)     cycles  instructions    IPC  branch-misses  branch-miss (%)  running (%)
max (monotone_03)         404.181169          -             -      -              -                -            -
sum                      5606.359934          -             -      -              -                -            -
example_00                  0.837656    1321467       1855264  1.404           5706            1.374        100.0
hack_00                     0.830729    1310315       1867892  1.426           5808            1.392        100.0
large_small_00             40.041583   63886176     222819270  3.488          10174            0.026        100.0
large_small_01             42.978582   68590585     258617362  3.770           9981            0.024        100.0
large_small_02             85.891255  137091194     455427880  3.322         294879            0.374        100.0
large_small_03             95.391411  152241934     503222000  3.305         391749            0.498        100.0
max_random_00             297.324793  474557450    1648557354  3.474        1720551            0.780        100.0
max_random_01             296.867431  473830868    1647294764  3.477        1720687            0.781        100.0
max_random_02             298.338609  476164347    1659365530  3.485        1728720            0.776        100.0
med_random_00               1.097638    1736940       2997040  1.725           8707            1.492        100.0
med_random_01               1.033611    1634190       2616502  1.601           8410            1.607        100.0
med_random_02               1.055782    1670013       2799383  1.676          10164            1.851        100.0
monotone_00               372.897543  595181424    2122240724  3.566        2390962            0.796        100.0
monotone_01               215.605603  344112334    1211014822  3.519         778466            0.487        100.0
monotone_02               214.601513  342508773    1203956776  3.515         771836            0.483        100.0
monotone_03               404.181169  645119052    2332540442  3.616        2171088            0.714        100.0
near_power_of_2_00        146.291738  233472562     805789214  3.451         919915            0.844        100.0
near_power_of_2_01        146.405742  233646086     806107664  3.450         923068            0.847        100.0
near_power_of_2_02        150.902118  240832559     828832854  3.442         925623            0.832        100.0
near_power_of_2_03        145.845058  232748440     801491412  3.444         925108            0.857        100.0
near_power_of_2_04        146.394202  233625650     806334190  3.451         924490            0.848        100.0
near_power_of_2_05        146.624821  234022961     807528556  3.451         927839            0.850        100.0
near_power_of_2_06        154.520793  246630064     850664597  3.449         911760            0.794        100.0
near_power_of_2_07        155.200049  247728214     856017271  3.455         914532            0.789        100.0
near_power_of_2_08        155.093981  247535405     855460826  3.456         910153            0.786        100.0
only_first_small_00       302.427659  482676044    1674658391  3.470        1677143            0.753        100.0
only_first_small_01       304.069005  485315623    1689961864  3.482        1667863            0.748        100.0
random_00                 249.008273  397432100    1377817896  3.467        1372194            0.746        100.0
random_01                 238.034567  379922148    1315202195  3.462        1349566            0.760        100.0
random_02                 187.202488  298778557     999800683  3.346        1558155            1.191        100.0
small_00                    0.823955    1300434       1847681  1.421           5573            1.345        100.0
small_01                    0.852844    1345341       1902734  1.414           5594            1.291        100.0
small_02                    0.851418    1343751       1866706  1.389           5729            1.365        100.0
small_03                    0.861657    1359619       1863760  1.371           5718            1.364        100.0
small_04                    0.862451    1361318       1866433  1.371           5754            1.371        100.0
small_05                    0.884491    1396271       1868110  1.338           5732            1.365        100.0
small_06                    0.860966    1358388       1901589  1.400           5655            1.306        100.0
small_07                    0.849963    1340851       1853054  1.382           5628            1.357        100.0
small_08                    0.830791    1310432       1878612  1.434           5443            1.271        100.0
small_slopes_00           302.789832  483265219    1681332756  3.479        1764262            0.784        100.0
small_slopes_01           298.896164  477030748    1654273373  3.468        1731910            0.785        100.0

submissions/convolution/min_plus_convolution_concave_arbitrary/Rohan_Kapri.cpp
SHA-256: 563b5ad529036029b64d652f55bda7c95a50c2a29639faa476d530ff0d1bca5f
Measured: full-20261001, original two complete passes
case                 task-clock (ms)     cycles  instructions    IPC  branch-misses  branch-miss (%)  running (%)
max (max_random_01)       296.655277          -             -      -              -                -            -
sum                      5017.298973          -             -      -              -                -            -
example_00                  1.339466    2123016       2878460  1.356           6735            1.023        100.0
hack_00                     1.316927    2085845       2875075  1.378           6908            1.054        100.0
large_small_00             12.398651   19777970      48647231  2.460           8825            0.132        100.0
large_small_01             49.430102   78889966     209418100  2.655         492839            0.974        100.0
large_small_02             13.215662   21080383      47208592  2.239          65218            0.984        100.0
large_small_03             32.557392   51956965     110810305  2.133         283862            1.737        100.0
max_random_00             296.557542  473326192     915506002  1.934        7236557            4.315        100.0
max_random_01             296.655277  473471053     915527864  1.934        7242130            4.319        100.0
max_random_02             283.284061  452147445     922522645  2.040        7224316            4.348        100.0
med_random_00               1.544393    2450059       3414217  1.394          12831            1.697        100.0
med_random_01               1.477109    2342006       3188267  1.361          11840            1.663        100.0
med_random_02               1.508645    2392613       3217084  1.345          14072            1.979        100.0
monotone_00               216.216292  345069989     973737717  2.822        2348244            1.401        100.0
monotone_01               253.920828  405268357    1090199444  2.690        1948521            1.098        100.0
monotone_02               255.541833  407855621    1090340365  2.673        1956023            1.102        100.0
monotone_03               222.050587  354369355     975666877  2.753        2586504            1.548        100.0
near_power_of_2_00        139.189529  222145006     441873198  1.989        3653331            4.595        100.0
near_power_of_2_01        139.226419  222201035     441845085  1.988        3652447            4.594        100.0
near_power_of_2_02        146.811496  234297635     439539109  1.876        3694982            4.594        100.0
near_power_of_2_03        145.391145  232031215     437500511  1.886        3627431            4.525        100.0
near_power_of_2_04        138.574761  221189392     440999335  1.994        3630986            4.574        100.0
near_power_of_2_05        149.917343  239295642     445927803  1.864        4152900            5.175        100.0
near_power_of_2_06        146.608547  234014490     444828383  1.901        3616261            4.397        100.0
near_power_of_2_07        144.386792  230452345     453194489  1.967        3718026            4.517        100.0
near_power_of_2_08        144.812432  231121002     455311896  1.970        3723507            4.510        100.0
only_first_small_00       288.706349  460803696     926818597  2.011        7374723            4.428        100.0
only_first_small_01       288.708166  460763104     927524292  2.013        7367690            4.421        100.0
random_00                 222.804360  355619208     723368466  2.034        5595773            4.314        100.0
random_01                 240.769471  384262877     753580782  1.961        5642972            4.064        100.0
random_02                 160.530612  256197174     463404461  1.809        4573509            5.892        100.0
small_00                    1.357976    2152287       2873647  1.335           6625            1.008        100.0
small_01                    1.362680    2158809       2885475  1.337           6726            1.020        100.0
small_02                    1.340186    2123225       2863898  1.349           6531            1.000        100.0
small_03                    1.341843    2126209       2859372  1.345           6506            0.998        100.0
small_04                    1.318667    2089721       2895426  1.386           6569            0.984        100.0
small_05                    1.324698    2099630       2869545  1.367           6605            1.010        100.0
small_06                    1.334458    2115091       2880334  1.362           6603            1.003        100.0
small_07                    1.305277    2068787       2868057  1.386           6618            1.012        100.0
small_08                    1.319900    2092156       2867667  1.371           6633            1.014        100.0
small_slopes_00           278.844785  445048563     922285537  2.072        7067845            4.257        100.0
small_slopes_01           290.996314  464480512     909975165  1.959        7057492            4.226        100.0

submissions/convolution/min_plus_convolution_concave_arbitrary/rqi.cpp
SHA-256: 998ecd8077c775557d9d079d4d005887ebc35064e782b99cfb42c75aa1711551
Measured: full-20261001, original two complete passes
case                 task-clock (ms)     cycles  instructions    IPC  branch-misses  branch-miss (%)  running (%)
max (monotone_01)         449.927078          -             -      -              -                -            -
sum                      5895.910092          -             -      -              -                -            -
example_00                  1.012085    1599883       2439233  1.525           6769            1.209        100.0
hack_00                     1.007375    1593071       2463219  1.546           6785            1.196        100.0
large_small_00            142.010115  226628074     764062891  3.371          20000            0.013        100.0
large_small_01            142.498520  227432624     767331586  3.374          19895            0.013        100.0
large_small_02            254.727304  406561944    1442667009  3.548         245680            0.075        100.0
large_small_03            201.225990  321168545    1140133412  3.550         372551            0.150        100.0
max_random_00             269.154126  429601093    1509656074  3.514         104464            0.035        100.0
max_random_01             269.281565  429784468    1510180202  3.514         104012            0.035        100.0
max_random_02             271.825713  433839677    1524935524  3.515         106188            0.035        100.0
med_random_00               1.358795    2153645       4145730  1.925           7278            0.809        100.0
med_random_01               1.208776    1913862       3387442  1.770           7545            1.008        100.0
med_random_02               1.231898    1950655       3486274  1.787           7781            1.011        100.0
monotone_00               267.953309  427665030    1510645504  3.532          25674            0.008        100.0
monotone_01               449.927078  718013924    1885021416  2.625        5397464            1.459        100.0
monotone_02               446.828861  713164033    1886650462  2.645        5342292            1.443        100.0
monotone_03               267.820083  427449590    1510339420  3.533          26580            0.009        100.0
near_power_of_2_00        136.301218  217533923     763583979  3.510          61839            0.041        100.0
near_power_of_2_01        145.620880  232435911     795309120  3.422          62397            0.039        100.0
near_power_of_2_02        144.345932  230375927     788222314  3.421          63915            0.040        100.0
near_power_of_2_03        135.059062  215548359     756235851  3.508          61837            0.041        100.0
near_power_of_2_04        136.370343  217653258     763613213  3.508          63033            0.042        100.0
near_power_of_2_05        145.692764  232533904     795307452  3.420          62787            0.039        100.0
near_power_of_2_06        135.024209  215521545     756206560  3.509          61541            0.041        100.0
near_power_of_2_07        136.405972  217709554     763555867  3.507          62154            0.041        100.0
near_power_of_2_08        136.405126  217704838     763639772  3.508          62129            0.041        100.0
only_first_small_00       270.160396  431173854    1521507890  3.529          63054            0.021        100.0
only_first_small_01       270.941856  432437022    1525045633  3.527          65308            0.022        100.0
random_00                 221.784767  353981942    1211814730  3.423          89278            0.037        100.0
random_01                 225.422771  359763964    1260920854  3.505          88135            0.035        100.0
random_02                 122.416629  195354092     677426882  3.468         116136            0.086        100.0
small_00                    1.021112    1615299       2429748  1.504           6737            1.207        100.0
small_01                    1.012769    1601355       2483019  1.551           6640            1.151        100.0
small_02                    1.044644    1652256       2485932  1.505           6728            1.165        100.0
small_03                    1.010459    1597882       2482562  1.554           6641            1.151        100.0
small_04                    1.022287    1617266       2484695  1.536           6693            1.160        100.0
small_05                    1.048604    1658793       2485246  1.498           6703            1.161        100.0
small_06                    1.028033    1626353       2434044  1.497           6656            1.192        100.0
small_07                    1.036628    1640198       2450137  1.494           6733            1.194        100.0
small_08                    1.044191    1650135       2436994  1.477           6700            1.198        100.0
small_slopes_00           270.719185  432078140    1522634406  3.524          80456            0.027        100.0
small_slopes_01           264.898662  422781955    1486043950  3.515          80356            0.027        100.0

submissions/convolution/min_plus_convolution_concave_arbitrary/soryuusi0219.cpp
SHA-256: 563b5ad529036029b64d652f55bda7c95a50c2a29639faa476d530ff0d1bca5f
Measured: full-20261001, original two complete passes
case                 task-clock (ms)     cycles  instructions    IPC  branch-misses  branch-miss (%)  running (%)
max (max_random_00)       296.520792          -             -      -              -                -            -
sum                      5019.417329          -             -      -              -                -            -
example_00                  1.292439    2048359       2863323  1.398           6682            1.024        100.0
hack_00                     1.324376    2098384       2866127  1.366           6674            1.021        100.0
large_small_00             12.376550   19741792      48655591  2.465           8936            0.134        100.0
large_small_01             49.559725   79081233     209470739  2.649         495292            0.978        100.0
large_small_02             13.137992   20958276      47202257  2.252          64892            0.979        100.0
large_small_03             32.405286   51713957     110812682  2.143         282556            1.729        100.0
max_random_00             296.520792  473257134     915498134  1.934        7242897            4.319        100.0
max_random_01             296.434619  473129882     915614568  1.935        7229158            4.311        100.0
max_random_02             283.521636  452508255     922488630  2.039        7241454            4.359        100.0
med_random_00               1.544190    2450453       3415595  1.394          12727            1.683        100.0
med_random_01               1.471662    2333941       3184280  1.364          11771            1.656        100.0
med_random_02               1.563933    2480974       3228765  1.301          14198            1.991        100.0
monotone_00               216.143405  344966363     973733752  2.823        2345441            1.399        100.0
monotone_01               254.423063  406077708    1090162422  2.685        1948095            1.098        100.0
monotone_02               255.765089  408201395    1090324482  2.671        1956764            1.103        100.0
monotone_03               221.869397  354103943     975670332  2.755        2580739            1.544        100.0
near_power_of_2_00        139.428765  222536136     441949696  1.986        3661249            4.604        100.0
near_power_of_2_01        139.073607  221970446     441809728  1.990        3646212            4.587        100.0
near_power_of_2_02        149.357292  238374445     439487775  1.844        3865976            4.808        100.0
near_power_of_2_03        145.175505  231726401     437489059  1.888        3624322            4.521        100.0
near_power_of_2_04        138.690237  221358587     441003838  1.992        3633892            4.578        100.0
near_power_of_2_05        150.075632  239548947     445752038  1.861        4168556            5.198        100.0
near_power_of_2_06        146.657730  234056328     444827241  1.901        3609677            4.388        100.0
near_power_of_2_07        144.432947  230515822     453199713  1.966        3713515            4.512        100.0
near_power_of_2_08        144.867822  231209126     455360719  1.969        3720739            4.505        100.0
only_first_small_00       288.567344  460571299     926872783  2.012        7368200            4.424        100.0
only_first_small_01       288.573283  460584369     927069723  2.013        7368577            4.424        100.0
random_00                 222.578009  355245411     723413055  2.036        5576385            4.299        100.0
random_01                 240.433160  383749671     753648641  1.964        5627841            4.052        100.0
random_02                 160.228654  255754746     463059833  1.811        4566157            5.889        100.0
small_00                    1.353632    2145131       2876393  1.341           6602            1.004        100.0
small_01                    1.355390    2148501       2925151  1.361           6756            1.003        100.0
small_02                    1.354332    2145955       2917526  1.360           6580            0.979        100.0
small_03                    1.342296    2127598       2860977  1.345           6607            1.013        100.0
small_04                    1.375217    2179137       2875211  1.319           6522            0.991        100.0
small_05                    1.365562    2164524       2912040  1.345           6525            0.972        100.0
small_06                    1.344356    2130443       2882261  1.353           6689            1.015        100.0
small_07                    1.342414    2126817       2868532  1.349           6673            1.020        100.0
small_08                    1.348463    2137362       2870807  1.343           6765            1.033        100.0
small_slopes_00           278.738578  444902635     922016671  2.072        7064150            4.256        100.0
small_slopes_01           291.002948  464460311     910103093  1.959        7047529            4.219        100.0

src/convolution/min_plus_convolution_concave_arbitrary/main.cxx
SHA-256: 7ee4f969de32876f11044989bedc092d4d076862311e1b6e0115a8503ac69ed6
Measured: full-20261001, original two complete passes
case                 task-clock (ms)     cycles  instructions    IPC  branch-misses  branch-miss (%)  running (%)
max (monotone_01)         259.781552          -             -      -              -                -            -
sum                      1082.841320          -             -      -              -                -            -
example_00                  0.822024    1296130       1745823  1.347           5535            1.429        100.0
hack_00                     0.820160    1294265       1761354  1.361           5672            1.445        100.0
large_small_00             14.299835   22812467      59242249  2.597           8338            0.128        100.0
large_small_01             14.282375   22784382      59248807  2.600           8315            0.127        100.0
large_small_02             16.880421   26931058      83564884  3.103          64775            0.550        100.0
large_small_03             21.708426   34637690      95928739  2.769         170906            1.412        100.0
max_random_00              30.134835   48089414     132060891  2.746          92340            0.624        100.0
max_random_01              30.210067   48191535     132228903  2.744          93989            0.634        100.0
max_random_02              30.197807   48189704     132245331  2.744          95415            0.644        100.0
med_random_00               0.879118    1387525       1905478  1.373           5965            1.471        100.0
med_random_01               0.869012    1371131       1853737  1.352           6135            1.536        100.0
med_random_02               0.854360    1348243       1889204  1.401           6468            1.592        100.0
monotone_00                31.050242   49550716     156661956  3.162           9739            0.055        100.0
monotone_01               259.781552  414615410     627170443  1.513        5280802            8.230        100.0
monotone_02               258.310256  412277380     624845234  1.516        5195911            8.111        100.0
monotone_03                30.298924   48351050     149897321  3.100           9821            0.055        100.0
near_power_of_2_00         15.735575   25103494      67557506  2.691          54605            0.709        100.0
near_power_of_2_01         17.554430   28006286      73292131  2.617          54282            0.682        100.0
near_power_of_2_02         17.647679   28156125      73344485  2.605          55702            0.699        100.0
near_power_of_2_03         15.727037   25089421      67428769  2.688          54951            0.715        100.0
near_power_of_2_04         15.746520   25121162      67567201  2.690          56125            0.729        100.0
near_power_of_2_05         17.657315   28171035      73377564  2.605          55937            0.702        100.0
near_power_of_2_06         15.721257   25080413      67527329  2.692          54643            0.709        100.0
near_power_of_2_07         15.701067   25048928      67533499  2.696          54511            0.709        100.0
near_power_of_2_08         15.718344   25076602      67549669  2.694          55154            0.716        100.0
only_first_small_00        30.050535   47937570     133396436  2.783          51455            0.345        100.0
only_first_small_01        30.428639   48558727     133453409  2.748          48811            0.327        100.0
random_00                  26.178716   41755564     110653664  2.650          77951            0.654        100.0
random_01                  25.341145   40410645     109945183  2.721          77109            0.625        100.0
random_02                  17.479994   27888175      71509555  2.564         104755            1.351        100.0
small_00                    0.839930    1325420       1788448  1.349           5454            1.348        100.0
small_01                    0.835730    1317952       1758672  1.334           5537            1.412        100.0
small_02                    0.855742    1350219       1755179  1.300           5516            1.410        100.0
small_03                    0.837656    1321809       1794236  1.357           5479            1.352        100.0
small_04                    0.843141    1330760       1796000  1.350           5536            1.365        100.0
small_05                    0.851020    1342956       1745259  1.300           5234            1.344        100.0
small_06                    0.840577    1326969       1736669  1.309           5473            1.412        100.0
small_07                    0.850963    1341775       1758614  1.311           5677            1.448        100.0
small_08                    0.813997    1284726       1731383  1.348           5558            1.447        100.0
small_slopes_00            28.818474   45988094     130647921  2.841          66944            0.457        100.0
small_slopes_01            28.366423   45266366     126455763  2.794          67420            0.477        100.0

submissions/convolution/min_plus_convolution_concave_arbitrary/toomer.rs
SHA-256: 6a0f16be9babd7644ab5c6fdc2c8ae633fc4877df83947f16f5e1742b97f407e
Measured: new-submissions-20261001, two complete passes
case                 task-clock (ms)     cycles  instructions    IPC  branch-misses  branch-miss (%)  running (%)
max (monotone_02)         361.567581          -             -      -              -                -            -
sum                      6072.653876          -             -      -              -                -            -
example_00                  0.941591    1487358       2075227  1.395           7301            1.544        100.0
hack_00                     0.929691    1467407       2051825  1.398           7326            1.578        100.0
large_small_00             21.954253   35031237      74838726  2.136           9702            0.079        100.0
large_small_01             44.581327   71133377     167270741  2.352          15308            0.051        100.0
large_small_02             21.264320   33928811      69506557  2.049           9595            0.086        100.0
large_small_03             43.740944   69808924     161345347  2.311          15791            0.055        100.0
max_random_00             336.720423  537407649    1377031233  2.562        6270201            1.831        100.0
max_random_01             336.942256  537767157    1375521410  2.558        6289567            1.838        100.0
max_random_02             337.731129  539017790    1383095612  2.566        6256860            1.828        100.0
med_random_00               1.169675    1852002       2825694  1.526          12127            1.855        100.0
med_random_01               1.090434    1724713       2459625  1.426          11313            2.029        100.0
med_random_02               1.119867    1772171       2572932  1.452          12754            2.173        100.0
monotone_00               306.473305  489129026    1421408653  2.906        2241563            0.637        100.0
monotone_01               356.194306  568435688    1575703825  2.772        1904270            0.499        100.0
monotone_02               361.567581  577069350    1575029399  2.729        1916337            0.503        100.0
monotone_03               314.517884  501979724    1411343323  2.812        3130017            0.914        100.0
near_power_of_2_00        163.456404  260861546     662856742  2.541        3098277            1.895        100.0
near_power_of_2_01        163.211234  260499104     662827186  2.544        3106542            1.900        100.0
near_power_of_2_02        163.516755  260977615     660647051  2.531        3110133            1.899        100.0
near_power_of_2_03        162.515681  259388944     657414240  2.534        3100799            1.901        100.0
near_power_of_2_04        163.351563  260700203     661024466  2.536        3086916            1.893        100.0
near_power_of_2_05        168.907902  269609124     675301254  2.505        3105203            1.869        100.0
near_power_of_2_06        166.471302  265688780     666785868  2.510        3100292            1.865        100.0
near_power_of_2_07        172.825132  275831864     685860396  2.487        3098569            1.828        100.0
near_power_of_2_08        172.762725  275746869     689241129  2.500        3111370            1.827        100.0
only_first_small_00       342.223438  546117781    1389057389  2.544        6298020            1.833        100.0
only_first_small_01       341.887883  545671317    1388253830  2.544        6281055            1.829        100.0
random_00                 266.521703  425371949    1091599049  2.566        4896680            1.816        100.0
random_01                 276.352689  440970425    1136056392  2.576        4937418            1.745        100.0
random_02                 182.353049  291038318     708293446  2.434        4343575            2.549        100.0
small_00                    0.953420    1506563       2020650  1.341           7216            1.593        100.0
small_01                    0.909864    1436966       2004494  1.395           7191            1.599        100.0
small_02                    0.917343    1449146       2049579  1.414           7191            1.551        100.0
small_03                    0.958869    1514139       2034230  1.343           7324            1.590        100.0
small_04                    0.929805    1467641       2040394  1.390           7171            1.555        100.0
small_05                    0.932416    1473085       2051208  1.392           7317            1.577        100.0
small_06                    0.923242    1457861       2026433  1.390           7042            1.536        100.0
small_07                    0.948239    1498080       2048412  1.367           7360            1.588        100.0
small_08                    0.931659    1471830       2048495  1.392           7429            1.604        100.0
small_slopes_00           335.956766  536138676    1381482141  2.577        6249385            1.827        100.0
small_slopes_01           334.995807  534559951    1373849429  2.570        6263867            1.832        100.0
