case                 task-clock (ms)     cycles  instructions    IPC  branch-misses  branch-miss (%)  running (%)
max (max_random_04)       244.282614          -             -      -              -                -            -
sum                      1819.968909          -             -      -              -                -            -
example_00                  0.898629    1685393       1602994  0.951           5520            1.591        100.0
hack_decreasing_00        150.517184  285249218     618040623  2.167         441829            0.493        100.0
max_random_00             244.042845  462515547     438811816  0.949        6641618           11.897        100.0
max_random_01              45.155001   85505259     236263236  2.763         462487            2.055        100.0
max_random_02              46.957632   88967818     245113453  2.755         284567            1.183        100.0
max_random_03             242.865834  460284670     434474628  0.944        6582005           11.964        100.0
max_random_04             244.282614  462978713     438449007  0.947        6648946           11.928        100.0
max_random_05              45.092303   85458020     236215269  2.764         454352            2.020        100.0
max_random_06              46.873306   88834290     244924019  2.757         281129            1.171        100.0
max_random_07              45.131007   85518224     236287985  2.763         452684            2.011        100.0
max_random_08              45.223916   85693408     236264595  2.757         456140            2.027        100.0
max_random_09             242.254844  459083925     435821870  0.949        6568790           11.893        100.0
random_00                  77.295800  146489872     164296647  1.122        2053210           10.074        100.0
random_01                  72.135544  136700960     157913302  1.155        1752096            9.096        100.0
random_02                 148.224084  280921140     352389121  1.254        4345482            9.934        100.0
random_03                 111.150107  210638309     226249925  1.074        3089316           10.941        100.0
random_04                  11.868259   22479865      36941429  1.643         114244            2.507        100.0
