2026-10-01 lenovo / Intel(R) Core(TM) i5-10210U CPU @ 1.60GHz
Two complete passes; per binary/case minimum task-clock; all counters from that same run.
Cases: 26, including examples. Units: ms. No CPU pinning.
Compiler: g++ (GCC) 16.2.1 20260819 (Red Hat 16.2.1-2); rustc 1.98.1 (48a229cea 2026-09-01)
Build host: master; glibc 2.43
Environment: Linux 7.2.8-200.fc44.x86_64; affinity [0, 1, 2, 3]; stack 268435456 bytes; bench_env OK.
cxx_flags.txt: -std=c++23 -DEVAL -DONLINE_JUDGE -Iinclude -O3 -fwhole-program -fno-exceptions -fno-rtti -march=x86-64-v3 -fno-pie -no-pie -nostdlib++ -static -lm -s
cpp_flags.txt: -std=c++23 -DEVAL -DONLINE_JUDGE -Iac-library -include cassert -O3 -fwhole-program -fno-exceptions -fno-rtti -march=x86-64-v3 -fno-pie -no-pie -static -lgmp -s
rust_flags.txt: -C opt-level=3 -C codegen-units=1 -C lto=fat -C panic=abort -C target-cpu=x86-64-v3 -C target-feature=+crt-static -C relocation-model=static -C link-arg=-Wl,-u,__cxa_thread_atexit_impl -C strip=symbols

solution                                max (ms)       sum (ms)
Anonymous                                410.363194    3208.402741
Rohan_Kapri                              356.505215    2828.311163
chaihf                                   292.540506    2186.184319
nandhagk                                 422.956167    3233.327242
polyominal                               356.843423    2838.223937
main                                     276.131110    1662.900042

submissions/data_structure/persistent_range_affine_range_sum/Anonymous.cpp
SHA-256: fb70f232962959c7e1c1a44ff30b2f151feb9f29b025f335b094cc4f5d70f5a3
case                           task-clock (ms)     cycles  instructions    IPC  branch-misses  branch-miss (%)  running (%)
max (max_less_query_types_01)       410.363194          -             -      -              -                -            -
sum                                3208.402741          -             -      -              -                -            -
example_00                            1.039501    1643268       2482266  1.511           7094            1.232        100.0
example_01                            1.007983    1593841       2465607  1.547           7005            1.240        100.0
max_less_query_types_00             391.484883  624871601     935974088  1.498        2255033            2.163        100.0
max_less_query_types_01             410.363194  654943582     951415615  1.453        2379870            2.415        100.0
max_less_query_types_02             107.757155  171979786     303020938  1.762        1726867            5.545        100.0
max_less_query_types_03             399.723803  637958243     929304543  1.457        2369052            2.413        100.0
max_less_query_types_04             290.658428  463868693     625384353  1.348        2154670            3.350        100.0
max_less_query_types_05             280.372172  447488575     607475912  1.358        2087801            3.213        100.0
max_random_00                       326.366433  520885572     721594509  1.385        2251278            2.965        100.0
max_random_01                       326.944949  521839843     724382443  1.388        2249100            2.932        100.0
max_random_02                       327.126276  522126499     721914851  1.383        2251416            2.957        100.0
random_00                           141.146520  225264896     449188354  1.994        1407881            2.993        100.0
random_01                            50.343349   80328284     151651751  1.888         433064            2.596        100.0
random_02                           136.350602  217593630     416464033  1.914        1284317            2.925        100.0
small_00                              1.112654    1761466       2914605  1.655           8436            1.329        100.0
small_01                              1.171720    1855012       3039941  1.639           9034            1.396        100.0
small_02                              1.195371    1892929       3175858  1.678           9895            1.497        100.0
small_03                              1.253510    1984932       3285908  1.655          10121            1.488        100.0
small_04                              1.262359    1999702       3378406  1.689          10374            1.522        100.0
small_05                              1.372972    2176416       3470594  1.595          11062            1.601        100.0
small_06                              1.332115    2110971       3513877  1.665          10988            1.566        100.0
small_07                              1.353091    2145451       3530937  1.646          11285            1.618        100.0
small_08                              1.353614    2145735       3600259  1.678          11532            1.641        100.0
small_09                              1.398978    2217951       3742396  1.687          11947            1.643        100.0
small_random_00                       2.645192    4207348       7665626  1.822          25914            2.305        100.0
small_random_01                       2.265917    3600724       6247658  1.735          21575            2.202        100.0

submissions/data_structure/persistent_range_affine_range_sum/Rohan_Kapri.cpp
SHA-256: 39e7533e9e31ee1504791b97ec7235a61aee1191c757fa90ba5ced4c86967be1
case                           task-clock (ms)     cycles  instructions    IPC  branch-misses  branch-miss (%)  running (%)
max (max_less_query_types_01)       356.505215          -             -      -              -                -            -
sum                                2828.311163          -             -      -              -                -            -
example_00                            1.033478    1633572       2439515  1.493           6893            1.230        100.0
example_01                            1.036782    1639731       2502936  1.526           7130            1.231        100.0
max_less_query_types_00             335.217376  535015650     842623060  1.575        2154409            2.461        100.0
max_less_query_types_01             356.505215  568976400     895316055  1.574        2315356            2.631        100.0
max_less_query_types_02             104.101082  166119674     303648552  1.828        1744781            5.669        100.0
max_less_query_types_03             347.252703  554208830     855970887  1.544        2275233            2.684        100.0
max_less_query_types_04             260.475084  415728858     591438628  1.423        2103660            3.656        100.0
max_less_query_types_05             250.947866  400466444     571555951  1.427        2042948            3.488        100.0
max_random_00                       289.021900  461231507     674458503  1.462        2185018            3.255        100.0
max_random_01                       286.922545  457938283     674871938  1.474        2187465            3.249        100.0
max_random_02                       286.899352  457855588     673517065  1.471        2187465            3.262        100.0
random_00                           125.788282  200738750     420126944  2.093        1368856            3.288        100.0
random_01                            44.121235   70415401     141119272  2.004         418880            2.843        100.0
random_02                           121.893458  194524624     389465937  2.002        1251231            3.215        100.0
small_00                              1.106284    1750056       2927783  1.673           8401            1.309        100.0
small_01                              1.136281    1798568       3010685  1.674           9080            1.419        100.0
small_02                              1.199214    1898640       3139350  1.653           9809            1.499        100.0
small_03                              1.222070    1935677       3237417  1.672          10127            1.518        100.0
small_04                              1.291107    2044793       3372860  1.649          10491            1.531        100.0
small_05                              1.275741    2021260       3377373  1.671          10646            1.584        100.0
small_06                              1.302049    2062028       3454772  1.675          10928            1.591        100.0
small_07                              1.321391    2093504       3506454  1.675          10993            1.576        100.0
small_08                              1.337012    2119445       3576158  1.687          11414            1.624        100.0
small_09                              1.352200    2143929       3627950  1.692          11714            1.670        100.0
small_random_00                       2.474439    3933560       7337644  1.865          25282            2.371        100.0
small_random_01                       2.077017    3300045       6016704  1.823          21069            2.254        100.0

submissions/data_structure/persistent_range_affine_range_sum/chaihf.cpp
SHA-256: b00a4abf625eddbdd9cd335cab950dc012fe1e1a4561c5bb87ddb67d4c557030
case                           task-clock (ms)     cycles  instructions    IPC  branch-misses  branch-miss (%)  running (%)
max (max_less_query_types_00)       292.540506          -             -      -              -                -            -
sum                                2186.184319          -             -      -              -                -            -
example_00                            1.010002    1596837       2401093  1.504           6643            1.204        100.0
example_01                            0.999487    1579404       2410432  1.526           6803            1.229        100.0
max_less_query_types_00             292.540506  466914448     724799156  1.552        2343199            3.112        100.0
max_less_query_types_01             227.356688  362865934     576713274  1.589        2040072            3.411        100.0
max_less_query_types_02              79.323644  126583820     219629997  1.735        1700095            8.252        100.0
max_less_query_types_03             288.471241  460402422     708770873  1.539        2476823            3.455        100.0
max_less_query_types_04             169.379508  270320484     398326585  1.474        1955812            4.872        100.0
max_less_query_types_05             205.484120  327945852     469380620  1.431        2102865            4.455        100.0
max_random_00                       233.402470  372528452     544334054  1.461        2307230            4.218        100.0
max_random_01                       233.235727  372253585     543879780  1.461        2300019            4.218        100.0
max_random_02                       233.026839  371928105     542754404  1.459        2303281            4.236        100.0
random_00                            89.633882  143049600     299144276  2.091        1265894            4.101        100.0
random_01                            31.241824   49857115     100513083  2.016         390445            3.531        100.0
random_02                            85.676202  136748255     277638868  2.030        1153957            3.995        100.0
small_00                              1.024575    1620652       2650395  1.635           8055            1.350        100.0
small_01                              1.076601    1703504       2761585  1.621           9077            1.479        100.0
small_02                              1.097357    1736370       2844719  1.638           9519            1.532        100.0
small_03                              1.123441    1777458       2881985  1.621          10088            1.631        100.0
small_04                              1.134938    1795251       2952790  1.645          10356            1.666        100.0
small_05                              1.161690    1838489       3051278  1.660          10497            1.637        100.0
small_06                              1.171784    1855282       3068510  1.654          10952            1.705        100.0
small_07                              1.182415    1873477       3067026  1.637          11181            1.761        100.0
small_08                              1.237525    1959169       3110658  1.588          11331            1.781        100.0
small_09                              1.248407    1976765       3215205  1.626          11744            1.789        100.0
small_random_00                       2.106500    3347823       6056542  1.809          24610            2.616        100.0
small_random_01                       1.836946    2916643       5063029  1.736          20900            2.479        100.0

submissions/data_structure/persistent_range_affine_range_sum/nandhagk.cpp
SHA-256: bd0b660b7cb4b4aba7647285f934cc01e5ba95669dd2a1ea755de342f69cd714
case                           task-clock (ms)     cycles  instructions    IPC  branch-misses  branch-miss (%)  running (%)
max (max_less_query_types_01)       422.956167          -             -      -              -                -            -
sum                                3233.327242          -             -      -              -                -            -
example_00                            1.054064    1667554       2501058  1.500           7275            1.268        100.0
example_01                            1.096123    1734437       2518945  1.452           7369            1.273        100.0
max_less_query_types_00             389.337487  621406092     943416194  1.518        2005768            1.897        100.0
max_less_query_types_01             422.956167  675023115     977238609  1.448        2082560            1.978        100.0
max_less_query_types_02              94.768776  151263265     287416158  1.900        1770126            6.280        100.0
max_less_query_types_03             410.112354  654539215     960439458  1.467        2181123            2.068        100.0
max_less_query_types_04             293.441742  468302667     633967469  1.354        2059075            3.073        100.0
max_less_query_types_05             275.996084  440507025     615842679  1.398        2025254            3.032        100.0
max_random_00                       329.452326  525807881     738389353  1.404        2175100            2.719        100.0
max_random_01                       330.024427  526763631     737545594  1.400        2173039            2.718        100.0
max_random_02                       327.995523  523499934     735533790  1.405        2166835            2.724        100.0
random_00                           146.937053  234492131     457095980  1.949        1403240            2.857        100.0
random_01                            51.237361   81775995     154660186  1.891         421830            2.405        100.0
random_02                           140.495065  224237719     424017849  1.891        1259640            2.737        100.0
small_00                              1.127490    1784004       2870058  1.609           8285            1.319        100.0
small_01                              1.209827    1915910       3009758  1.571           9344            1.450        100.0
small_02                              1.296868    2055008       3139211  1.528           9938            1.516        100.0
small_03                              1.296849    2054377       3209685  1.562          10455            1.580        100.0
small_04                              1.348212    2136686       3358545  1.572          10763            1.580        100.0
small_05                              1.369242    2170669       3438088  1.584          11089            1.611        100.0
small_06                              1.384989    2195897       3480654  1.585          11044            1.582        100.0
small_07                              1.379641    2186556       3531629  1.615          11438            1.624        100.0
small_08                              1.449639    2299017       3593123  1.563          11931            1.691        100.0
small_09                              1.474855    2339178       3697713  1.581          12144            1.690        100.0
small_random_00                       2.764809    4398199       7789694  1.771          26506            2.276        100.0
small_random_01                       2.320269    3689172       6293397  1.706          21907            2.207        100.0

submissions/data_structure/persistent_range_affine_range_sum/polyominal.cpp
SHA-256: 0095f8e3ace1fe45756bfcf8dd1c4a0c29e7e97cdebb37c266445baa60256027
case                           task-clock (ms)     cycles  instructions    IPC  branch-misses  branch-miss (%)  running (%)
max (max_less_query_types_01)       356.843423          -             -      -              -                -            -
sum                                2838.223937          -             -      -              -                -            -
example_00                            1.019211    1610524       2453434  1.523           7054            1.252        100.0
example_01                            1.035498    1637408       2491646  1.522           7150            1.240        100.0
max_less_query_types_00             336.116329  536422651     835954338  1.558        2153523            2.509        100.0
max_less_query_types_01             356.843423  569527292     884081892  1.552        2300129            2.682        100.0
max_less_query_types_02             104.291252  166424459     303431935  1.823        1739694            5.661        100.0
max_less_query_types_03             348.446540  556128472     865983518  1.557        2279889            2.616        100.0
max_less_query_types_04             261.873542  417946118     591720221  1.416        2115597            3.671        100.0
max_less_query_types_05             251.321526  401104434     573067848  1.429        2043433            3.475        100.0
max_random_00                       290.237706  463220983     673882757  1.455        2190995            3.269        100.0
max_random_01                       290.024773  462838888     675155625  1.459        2187527            3.245        100.0
max_random_02                       288.794922  460886261     675567390  1.466        2185588            3.233        100.0
random_00                           125.803305  200749788     421504245  2.100        1368997            3.267        100.0
random_01                            44.221803   70575621     141092342  1.999         419365            2.841        100.0
random_02                           121.111395  193287406     389038111  2.013        1251919            3.228        100.0
small_00                              1.092557    1728288       2921522  1.690           8310            1.299        100.0
small_01                              1.179981    1867714       3046433  1.631           9125            1.398        100.0
small_02                              1.191887    1887039       3165600  1.678           9700            1.472        100.0
small_03                              1.259212    1994322       3225629  1.617          10046            1.513        100.0
small_04                              1.232515    1952587       3319268  1.700          10422            1.561        100.0
small_05                              1.289198    2041776       3443462  1.687          10653            1.542        100.0
small_06                              1.298968    2058613       3445709  1.674          10854            1.586        100.0
small_07                              1.324102    2098405       3489127  1.663          10994            1.586        100.0
small_08                              1.326334    2101558       3573761  1.701          11295            1.610        100.0
small_09                              1.363964    2161466       3649056  1.688          11653            1.644        100.0
small_random_00                       2.448771    3893946       7327513  1.882          25062            2.355        100.0
small_random_01                       2.075223    3297386       6032409  1.829          20805            2.212        100.0

src/data_structure/persistent_range_affine_range_sum/main.cxx
SHA-256: d4b82fcc606638e8da4c89b4842b16f3dd4b0f61b0527130a348246a3304f44a
case                           task-clock (ms)     cycles  instructions    IPC  branch-misses  branch-miss (%)  running (%)
max (max_less_query_types_00)       276.131110          -             -      -              -                -            -
sum                                1662.900042          -             -      -              -                -            -
example_00                            0.816035    1286801       1796778  1.396           5691            1.409        100.0
example_01                            0.836000    1318831       1761248  1.335           5610            1.437        100.0
max_less_query_types_00             276.131110  440724760     643124058  1.459        2130497            2.939        100.0
max_less_query_types_01              10.464424   16689538      29388404  1.761          11433            0.364        100.0
max_less_query_types_02              66.693456  106446139     163570897  1.537        1710481            6.378        100.0
max_less_query_types_03             273.172856  435999041     650302487  1.492        2255138            3.235        100.0
max_less_query_types_04              40.220042   64171271      96866098  1.509         913521            6.066        100.0
max_less_query_types_05             196.504097  313630324     405236161  1.292        2182774            4.402        100.0
max_random_00                       219.839102  350862728     485141014  1.383        2258384            4.100        100.0
max_random_01                       221.060590  352811015     484146354  1.372        2237744            4.070        100.0
max_random_02                       221.196317  353014776     483284210  1.369        2259161            4.113        100.0
random_00                            51.961887   82931022     157233030  1.896         829657            4.225        100.0
random_01                            20.133651   32125210      56718394  1.766         252720            3.408        100.0
random_02                            50.477212   80561947     148084889  1.838         750619            4.015        100.0
small_00                              0.882765    1393547       1959436  1.406           6609            1.605        100.0
small_01                              0.899512    1420416       2043215  1.438           7838            1.846        100.0
small_02                              0.952792    1505242       2166712  1.439           8551            1.915        100.0
small_03                              0.979105    1547712       2183525  1.411           9230            2.104        100.0
small_04                              0.999059    1579197       2275776  1.441           9332            2.060        100.0
small_05                              1.010398    1597584       2329664  1.458           9786            2.132        100.0
small_06                              1.016527    1607264       2326957  1.448          10073            2.214        100.0
small_07                              1.065936    1685585       2347316  1.393          10164            2.226        100.0
small_08                              1.049415    1660022       2413910  1.454          10778            2.301        100.0
small_09                              1.094686    1731385       2489660  1.438          11010            2.309        100.0
small_random_00                       1.851133    2938131       4801695  1.634          24738            3.329        100.0
small_random_01                       1.591935    2525864       4030979  1.596          20646            3.144        100.0
