case                 task-clock (ms)     cycles  instructions    IPC  branch-misses  branch-miss (%)  running (%)
max (max_random_02)       154.172295          -             -      -              -                -            -
sum                      1540.345259          -             -      -              -                -            -
example_00                  0.871180    1633912       1611927  0.987           5539            1.575        100.0
example_01                  0.831854    1559294       1605436  1.030           5356            1.534        100.0
max_random_00             153.743869  291249929     349296910  1.199          86488            0.438        100.0
max_random_01             153.863003  291493391     349416293  1.199          87297            0.441        100.0
max_random_02             154.172295  292034596     350228234  1.199          89353            0.447        100.0
nar_0_00                    0.841116    1575926       1561632  0.991           5212            1.555        100.0
nar_0_01                    0.850711    1595082       1575988  0.988           5315            1.570        100.0
nar_0_02                    0.829217    1553499       1600351  1.030           5260            1.510        100.0
nar_0_03                    0.830793    1556345       1575787  1.012           5263            1.556        100.0
nar_0_04                    0.861138    1614907       1613571  0.999           5566            1.587        100.0
nar_0_05                    0.868296    1628439       1615092  0.992           5406            1.532        100.0
nar_0_06                    0.855589    1603865       1576995  0.983           5335            1.576        100.0
nar_0_07                    0.892824    1673711       1616442  0.966           5439            1.541        100.0
near_pow2_00               75.464872  143013618     171031247  1.196          47113            0.477        100.0
near_pow2_01               75.147965  142411995     171133461  1.202          48516            0.490        100.0
near_pow2_02               75.640102  143365366     171030735  1.193          47655            0.483        100.0
near_pow2_03              102.553471  194265227     269311311  1.386          54402            0.379        100.0
near_pow2_04              102.327288  193784551     269397915  1.390          55263            0.384        100.0
pow_rN_equal_1_00          78.290636  148222116     166054595  1.120          48294            0.512        100.0
pow_rN_equal_1_01         111.769845  211698105     215121023  1.016          70200            0.530        100.0
pow_rN_equal_1_02          10.368695   19637080      21031328  1.071          12899            0.850        100.0
random_00                 127.722373  241975004     308366894  1.274          69367            0.407        100.0
random_01                 141.591531  268149200     330761223  1.233          79146            0.427        100.0
random_02                  17.009137   32223775      38858015  1.206          16598            0.653        100.0
small_00                    0.886938    1664060       1611147  0.968           5506            1.566        100.0
small_01                    0.877183    1644930       1613329  0.981           5412            1.544        100.0
small_02                    0.836796    1568546       1614683  1.029           5357            1.530        100.0
y0_00                     149.546542  283207217     330763803  1.168          29912            0.152        100.0
