case                         task-clock (ms)    cycles  instructions    IPC  branch-misses  branch-miss (%)  running (%)
max (max_random_02)                40.403814         -             -      -              -                -            -
sum                               489.546951         -             -      -              -                -            -
example_00                          0.854020   1600292       1583099  0.989           5326            1.560        100.0
example_01                          0.898070   1683689       1633473  0.970           5556            1.558        100.0
example_02                          0.878927   1648642       1591980  0.966           5440            1.586        100.0
complement_of_many_paths_00        18.905645  35820636      59752988  1.668          19107            0.330        100.0
complement_of_many_paths_01        18.858767  35731257      59686067  1.670          19233            0.333        100.0
complement_of_many_paths_02        19.002305  35943735      59910770  1.667          19292            0.331        100.0
complement_of_many_paths_03        18.867629  35749162      59693814  1.670          19130            0.331        100.0
complement_of_many_paths_04        18.912640  35814639      59735087  1.668          19574            0.338        100.0
complement_of_sparse_00            18.842246  35642132      59747391  1.676          19412            0.335        100.0
complement_of_sparse_01            18.907596  35811374      59696162  1.667          19459            0.337        100.0
complement_of_sparse_02            19.043663  36081834      60016699  1.663          18738            0.320        100.0
complement_of_sparse_03            19.136338  36200205      60245523  1.664          19343            0.327        100.0
complement_of_sparse_04            18.995389  35991146      60023314  1.668          19087            0.326        100.0
complete_00                        18.815590  35650603      59773918  1.677          17761            0.307        100.0
max_random_00                      40.250878  76224544      82973847  1.089          22945            0.249        100.0
max_random_01                      39.940753  75694711      82382489  1.088          22607            0.249        100.0
max_random_02                      40.403814  76456404      82601904  1.080          22471            0.246        100.0
max_random_03                      40.040386  75883379      82290421  1.084          22543            0.249        100.0
max_random_04                      39.851471  75495521      82577327  1.094          22926            0.252        100.0
minimum_00                          0.849006   1591969       1599883  1.005           5427            1.567        100.0
minimum_01                          0.872511   1636295       1611523  0.985           5274            1.503        100.0
minimum_02                          0.867266   1626335       1607601  0.988           5438            1.562        100.0
no_edge_00                         12.718738  24093397      33564737  1.393          10973            0.200        100.0
star_00                            31.425083  59494189     102136284  1.717          17429            0.134        100.0
star_remove_one_edge_00            31.408220  59521206      99377352  1.670          17344            0.139        100.0
