2026-10-01 lenovo / Intel(R) Core(TM) i5-10210U CPU @ 1.60GHz
Two complete passes; per binary/case minimum task-clock; all counters from that same run.
Cases: 26, including examples. Units: ms. No CPU pinning.
Compiler: g++ (GCC) 16.2.1 20260819 (Red Hat 16.2.1-2); rustc 1.98.1 (48a229cea 2026-09-01)
Build host: master; glibc 2.43
Environment: Linux 7.2.8-200.fc44.x86_64; affinity [0, 1, 2, 3]; stack 268435456 bytes; bench_env OK.
cxx_flags.txt: -std=c++23 -DEVAL -DONLINE_JUDGE -Iinclude -O3 -fwhole-program -fno-exceptions -fno-rtti -march=x86-64-v3 -fno-pie -no-pie -nostdlib++ -static -lm -s
cpp_flags.txt: -std=c++23 -DEVAL -DONLINE_JUDGE -Iac-library -include cassert -O3 -fwhole-program -fno-exceptions -fno-rtti -march=x86-64-v3 -fno-pie -no-pie -static -lgmp -s
rust_flags.txt: -C opt-level=3 -C codegen-units=1 -C lto=fat -C panic=abort -C target-cpu=x86-64-v3 -C target-feature=+crt-static -C relocation-model=static -C link-arg=-Wl,-u,__cxa_thread_atexit_impl -C strip=symbols

solution                                max (ms)       sum (ms)
MeIoN                                    437.921199    7582.111823
Rohan_Kapri                              374.945095    6512.056365
Taiki0715                                456.374058    7402.569343
urectanc                                 373.641771    5993.890790
yosupo                                   376.982366    6509.192307
main                                     290.625318    4185.036679

submissions/tree/point_set_tree_path_composite_sum_fixed_root/MeIoN.cpp
SHA-256: 44fbc958f9b45044f69672cfeea5e1ef9e358a8cfd2f3897f8967cae48e23d56
case                        task-clock (ms)     cycles  instructions    IPC  branch-misses  branch-miss (%)  running (%)
max (typical_tree_max_02)        437.921199          -             -      -              -                -            -
sum                             7582.111823          -             -      -              -                -            -
example_00                         1.070039    1693141       2491090  1.471           6818            1.178        100.0
example_01                         1.079963    1708430       2496746  1.461           6969            1.213        100.0
n_hundreds_00                      1.279486    2026306       3015373  1.488          10954            1.683        100.0
n_hundreds_01                      1.237026    1958897       3023140  1.543          11202            1.725        100.0
tiny_00                            1.005497    1589896       2459395  1.547           6745            1.185        100.0
tiny_01                            1.058011    1673827       2519036  1.505           6893            1.176        100.0
typical_tree_max_00              399.817576  637764946     610527224  0.957         905616            1.445        100.0
typical_tree_max_01              343.450363  547985048     639896749  1.168        1734751            2.103        100.0
typical_tree_max_02              437.921199  698677228     716126373  1.025        1990287            2.657        100.0
typical_tree_max_03              389.504394  621496293     598773689  0.963         941734            1.585        100.0
typical_tree_max_04              389.473005  621330147     625106371  1.006        1086698            1.611        100.0
typical_tree_max_05              359.163289  572892887     623104568  1.088        1583315            2.138        100.0
typical_tree_max_06              367.390642  586116743     615456833  1.050        1353365            1.948        100.0
typical_tree_max_07              394.792415  629942120     608647932  0.966         973591            1.561        100.0
typical_tree_max_08              389.639215  621704474     670908173  1.079        2134761            2.814        100.0
typical_tree_max_09              349.619888  557858304     595973761  1.068        1901689            2.490        100.0
typical_tree_max_degree_00       396.835303  633143455     609844476  0.963         908964            1.455        100.0
typical_tree_max_degree_01       318.186770  507675351     611697991  1.205        1686068            2.108        100.0
typical_tree_max_degree_02       434.350239  693094031     713432851  1.029        1984641            2.657        100.0
typical_tree_max_degree_03       388.238863  619589107     598704384  0.966         943460            1.588        100.0
typical_tree_max_degree_04       389.072338  620694208     625377448  1.008        1087826            1.611        100.0
typical_tree_max_degree_05       344.832843  550039874     605784141  1.101        1576416            2.175        100.0
typical_tree_max_degree_06       361.395250  576558113     615841483  1.068        1332004            1.935        100.0
typical_tree_max_degree_07       395.920243  631545673     607681284  0.962         971326            1.564        100.0
typical_tree_max_degree_08       391.706778  624959624     668720397  1.070        2145714            2.834        100.0
typical_tree_max_degree_09       334.071188  533002054     580508070  1.089        1871138            2.497        100.0

submissions/tree/point_set_tree_path_composite_sum_fixed_root/Rohan_Kapri.cpp
SHA-256: 0ccf65c0137ae50f4c57386758916ad3334ea64661543f26f5ae698d95ab950b
case                        task-clock (ms)     cycles  instructions    IPC  branch-misses  branch-miss (%)  running (%)
max (typical_tree_max_02)        374.945095          -             -      -              -                -            -
sum                             6512.056365          -             -      -              -                -            -
example_00                         1.028120    1625861       2467878  1.518           6794            1.186        100.0
example_01                         1.025462    1621343       2456159  1.515           6706            1.180        100.0
n_hundreds_00                      1.233823    1954299       3038499  1.555          11229            1.747        100.0
n_hundreds_01                      1.229655    1946670       3004950  1.544          11023            1.733        100.0
tiny_00                            1.014937    1605119       2472907  1.541           6636            1.152        100.0
tiny_01                            0.982582    1553497       2443902  1.573           6498            1.144        100.0
typical_tree_max_00              349.762372  558154115     700602326  1.255        3026952            5.028        100.0
typical_tree_max_01              266.769325  425756466     503734018  1.183        2757194            4.698        100.0
typical_tree_max_02              374.945095  598323105     717907471  1.200        2884568            4.475        100.0
typical_tree_max_03              342.274515  546169636     673214362  1.233        3332881            5.545        100.0
typical_tree_max_04              319.200735  509364217     651933891  1.280        3077847            5.305        100.0
typical_tree_max_05              320.203478  510967100     650903462  1.274        3091762            5.090        100.0
typical_tree_max_06              325.773112  519881909     659036973  1.268        2925412            4.816        100.0
typical_tree_max_07              352.316039  562205266     724094364  1.288        2988476            4.860        100.0
typical_tree_max_08              347.253717  554028183     665023270  1.200        2732506            4.295        100.0
typical_tree_max_09              293.856717  469020185     517242742  1.103        3579892            6.081        100.0
typical_tree_max_degree_00       349.246631  557311217     700199542  1.256        3026399            5.040        100.0
typical_tree_max_degree_01       239.427425  382067546     481126619  1.259        2280406            4.052        100.0
typical_tree_max_degree_02       374.137971  597036703     715002352  1.198        2845378            4.422        100.0
typical_tree_max_degree_03       341.913285  545608009     673513965  1.234        3332830            5.538        100.0
typical_tree_max_degree_04       318.994562  508938170     650806644  1.279        3060272            5.278        100.0
typical_tree_max_degree_05       302.636241  482917093     637545606  1.320        2792621            4.707        100.0
typical_tree_max_degree_06       313.276249  499907083     650649352  1.302        2723720            4.551        100.0
typical_tree_max_degree_07       353.849837  564712705     724087731  1.282        2984556            4.852        100.0
typical_tree_max_degree_08       339.266406  541306460     661375571  1.222        2671843            4.217        100.0
typical_tree_max_degree_09       280.438074  447579842     504827144  1.128        3370883            5.843        100.0

submissions/tree/point_set_tree_path_composite_sum_fixed_root/Taiki0715.cpp
SHA-256: 8c4a921dbf5966c2f8d20f3374307c1e17370842a62257d85823a09d9d85a3a0
case                        task-clock (ms)     cycles  instructions    IPC  branch-misses  branch-miss (%)  running (%)
max (typical_tree_max_02)        456.374058          -             -      -              -                -            -
sum                             7402.569343          -             -      -              -                -            -
example_00                         1.034977    1637272       2472817  1.510           6766            1.175        100.0
example_01                         1.054232    1667831       2474858  1.484           6872            1.198        100.0
n_hundreds_00                      1.185323    1876840       2948405  1.571          10635            1.668        100.0
n_hundreds_01                      1.216790    1926936       2965223  1.539          10791            1.673        100.0
tiny_00                            1.011448    1599069       2442248  1.527           6798            1.203        100.0
tiny_01                            1.002498    1585321       2447341  1.544           6718            1.181        100.0
typical_tree_max_00              378.655283  604243519     625582351  1.035         756615            1.256        100.0
typical_tree_max_01              339.835463  542307090     641254543  1.182        1692366            2.073        100.0
typical_tree_max_02              456.374058  728221172     717055736  0.985        1881314            2.714        100.0
typical_tree_max_03              367.517185  586457515     629613785  1.074         845452            1.399        100.0
typical_tree_max_04              363.837994  580510370     624863062  1.076        1062095            1.691        100.0
typical_tree_max_05              353.908084  564672088     627300641  1.111        1609059            2.234        100.0
typical_tree_max_06              357.769245  570858582     625383121  1.096        1343790            1.982        100.0
typical_tree_max_07              375.030847  598475856     623575846  1.042         825964            1.378        100.0
typical_tree_max_08              399.809970  638037430     663186021  1.039        2002757            2.866        100.0
typical_tree_max_09              336.016744  536118897     592977832  1.106        1996916            2.719        100.0
typical_tree_max_degree_00       379.281193  605260411     624391863  1.032         756612            1.262        100.0
typical_tree_max_degree_01       313.664740  500560523     610187939  1.219        1653530            2.093        100.0
typical_tree_max_degree_02       454.645888  725560375     714393463  0.985        1878047            2.716        100.0
typical_tree_max_degree_03       369.264222  589189840     629734914  1.069         848661            1.403        100.0
typical_tree_max_degree_04       365.362920  583042665     624749010  1.072        1058368            1.684        100.0
typical_tree_max_degree_05       339.102825  540947612     608177179  1.124        1585974            2.254        100.0
typical_tree_max_degree_06       349.700487  558029192     626420031  1.123        1323363            1.967        100.0
typical_tree_max_degree_07       375.311273  598836614     623590147  1.041         824151            1.375        100.0
typical_tree_max_degree_08       398.064234  635163443     660963367  1.041        2019725            2.893        100.0
typical_tree_max_degree_09       322.911420  515186244     577180547  1.120        1976288            2.735        100.0

submissions/tree/point_set_tree_path_composite_sum_fixed_root/urectanc.rs
SHA-256: e2a6982b19c7cda449c62d92caa59b4d1e0fbc7480762fe08e0fefc940df2ce8
case                        task-clock (ms)     cycles  instructions    IPC  branch-misses  branch-miss (%)  running (%)
max (typical_tree_max_08)        373.641771          -             -      -              -                -            -
sum                             5993.890790          -             -      -              -                -            -
example_00                         1.173917    1857096       2313110  1.246           7333            1.415        100.0
example_01                         1.146425    1815053       2362719  1.302           7346            1.369        100.0
n_hundreds_00                      1.286052    2038103       2734866  1.342          10603            1.800        100.0
n_hundreds_01                      1.306316    2070135       2739911  1.324          10721            1.795        100.0
tiny_00                            1.122073    1776012       2332790  1.313           7035            1.325        100.0
tiny_01                            1.147835    1817374       2341220  1.288           7155            1.348        100.0
typical_tree_max_00              282.081419  449978116     519007905  1.153         761425            1.378        100.0
typical_tree_max_01              285.800824  456089496     547203215  1.200         704177            0.955        100.0
typical_tree_max_02              368.883318  588595112     597265681  1.015        2730451            4.153        100.0
typical_tree_max_03              287.393766  458522283     533673565  1.164         888429            1.572        100.0
typical_tree_max_04              294.607797  470048962     519931791  1.106         911489            1.567        100.0
typical_tree_max_05              284.340348  453634153     522663017  1.152         992748            1.530        100.0
typical_tree_max_06              286.171471  456581604     527557077  1.155         961859            1.556        100.0
typical_tree_max_07              281.457643  449020808     527370967  1.174         838627            1.509        100.0
typical_tree_max_08              373.641771  596279698     553717018  0.929        2061006            3.097        100.0
typical_tree_max_09              288.413291  460230658     465821267  1.012        1241806            1.960        100.0
typical_tree_max_degree_00       279.466258  445876784     518479713  1.163         761215            1.380        100.0
typical_tree_max_degree_01       259.161894  413492717     524951386  1.270         663412            0.928        100.0
typical_tree_max_degree_02       366.164584  584326519     593871489  1.016        2698939            4.119        100.0
typical_tree_max_degree_03       288.167285  459753231     534286366  1.162         890985            1.572        100.0
typical_tree_max_degree_04       291.775304  465501462     519091100  1.115         889412            1.529        100.0
typical_tree_max_degree_05       266.909098  425808735     509302431  1.196         966787            1.520        100.0
typical_tree_max_degree_06       275.914291  440234838     519321380  1.180         949315            1.557        100.0
typical_tree_max_degree_07       282.165062  450176505     526806082  1.170         841076            1.517        100.0
typical_tree_max_degree_08       369.952914  590258600     551824429  0.935        2030288            3.042        100.0
typical_tree_max_degree_09       274.239834  437520051     454504948  1.039        1206587            1.932        100.0

submissions/tree/point_set_tree_path_composite_sum_fixed_root/yosupo.cpp
SHA-256: 0ccf65c0137ae50f4c57386758916ad3334ea64661543f26f5ae698d95ab950b
case                        task-clock (ms)     cycles  instructions    IPC  branch-misses  branch-miss (%)  running (%)
max (typical_tree_max_02)        376.982366          -             -      -              -                -            -
sum                             6509.192307          -             -      -              -                -            -
example_00                         1.039081    1643413       2465740  1.500           6646            1.160        100.0
example_01                         1.005473    1589481       2468687  1.553           6738            1.176        100.0
n_hundreds_00                      1.232900    1952513       3030124  1.552          11293            1.767        100.0
n_hundreds_01                      1.223262    1936616       3015322  1.557          11274            1.768        100.0
tiny_00                            1.013709    1602809       2447726  1.527           6556            1.157        100.0
tiny_01                            1.024650    1620436       2425947  1.497           6641            1.186        100.0
typical_tree_max_00              348.430213  556002400     699659457  1.258        3029415            5.052        100.0
typical_tree_max_01              266.833141  425757876     503660076  1.183        2759836            4.704        100.0
typical_tree_max_02              376.982366  601583914     717845025  1.193        2884722            4.476        100.0
typical_tree_max_03              344.068732  549056268     673544124  1.227        3335885            5.540        100.0
typical_tree_max_04              318.930797  508856646     652855547  1.283        3082820            5.292        100.0
typical_tree_max_05              322.355285  514371443     651123042  1.266        3093545            5.087        100.0
typical_tree_max_06              324.736057  518106889     659048552  1.272        2926822            4.818        100.0
typical_tree_max_07              351.896764  561557262     724119738  1.289        2984385            4.853        100.0
typical_tree_max_08              346.258256  552540405     665136779  1.204        2737769            4.300        100.0
typical_tree_max_09              293.319906  468052082     517075011  1.105        3577728            6.082        100.0
typical_tree_max_degree_00       347.372602  554311501     700038679  1.263        3029586            5.051        100.0
typical_tree_max_degree_01       239.018395  381412297     481125711  1.261        2278186            4.048        100.0
typical_tree_max_degree_02       371.053403  592106344     714838971  1.207        2846260            4.428        100.0
typical_tree_max_degree_03       344.134899  549127882     673132942  1.226        3331376            5.544        100.0
typical_tree_max_degree_04       315.967270  504195120     650576953  1.290        3055745            5.275        100.0
typical_tree_max_degree_05       303.921808  484974768     637524419  1.315        2793169            4.708        100.0
typical_tree_max_degree_06       313.715595  500648131     650867035  1.300        2721882            4.542        100.0
typical_tree_max_degree_07       352.168991  562022806     724614027  1.289        2987457            4.847        100.0
typical_tree_max_degree_08       341.148850  544280685     661465928  1.215        2671386            4.214        100.0
typical_tree_max_degree_09       280.339902  447424762     504249460  1.127        3373109            5.862        100.0

src/tree/point_set_tree_path_composite_sum_fixed_root/main.cxx
SHA-256: a67358869b58f299d45e6ca2497f80c193eb465d83fe1527672aec02741f291c
case                              task-clock (ms)     cycles  instructions    IPC  branch-misses  branch-miss (%)  running (%)
max (typical_tree_max_degree_00)       290.625318          -             -      -              -                -            -
sum                                   4185.036679          -             -      -              -                -            -
example_00                               0.839058    1323771       1777356  1.343           5583            1.395        100.0
example_01                               0.838891    1323562       1817582  1.373           5756            1.404        100.0
n_hundreds_00                            0.950873    1501561       2053944  1.368           8042            1.876        100.0
n_hundreds_01                            0.936862    1479777       2037469  1.377           8191            1.913        100.0
tiny_00                                  0.841297    1327305       1792849  1.351           5585            1.385        100.0
tiny_01                                  0.848337    1338886       1763149  1.317           5685            1.455        100.0
typical_tree_max_00                    288.201775  459915227     555739535  1.208         468881            1.585        100.0
typical_tree_max_01                     88.790056  141634882     175161978  1.237         124190            0.750        100.0
typical_tree_max_02                    260.657736  415923555     545986323  1.313        2444338            7.333        100.0
typical_tree_max_03                    248.346310  396247058     529834902  1.337         723834            2.501        100.0
typical_tree_max_04                    257.035594  410174541     529800429  1.292         771259            2.689        100.0
typical_tree_max_05                    165.263549  263680192     336286740  1.275         580274            2.632        100.0
typical_tree_max_06                    203.851582  325265507     401497867  1.234         708048            2.898        100.0
typical_tree_max_07                    279.341681  445756213     549269436  1.232         508735            1.736        100.0
typical_tree_max_08                    190.984384  304737272     383147936  1.257        1512857            6.011        100.0
typical_tree_max_09                    121.515103  193873080     193121112  0.996        1012416            5.859        100.0
typical_tree_max_degree_00             290.625318  463766209     555959754  1.199         469407            1.585        100.0
typical_tree_max_degree_01              82.437315  131449681     172291886  1.311         175412            1.071        100.0
typical_tree_max_degree_02             260.416520  415554090     544171779  1.310        2431235            7.307        100.0
typical_tree_max_degree_03             248.138952  395958639     529365626  1.337         719228            2.494        100.0
typical_tree_max_degree_04             253.024108  403763623     528198664  1.308         769730            2.694        100.0
typical_tree_max_degree_05             158.550438  252973224     333342297  1.318         627390            2.869        100.0
typical_tree_max_degree_06             197.131955  314540464     400019508  1.272         732131            3.015        100.0
typical_tree_max_degree_07             280.342532  447336310     549416231  1.228         509633            1.739        100.0
typical_tree_max_degree_08             187.695800  299517172     379849815  1.268        1518476            6.081        100.0
typical_tree_max_degree_09             117.430653  187321984     190510910  1.017        1018109            5.933        100.0
