case                     task-clock (ms)    cycles  instructions    IPC  branch-misses  branch-miss (%)  running (%)
max (max_01)                   20.559297         -             -      -              -                -            -
sum                           182.275189         -             -      -              -                -            -
example_00                      0.902381   1693099       1607176  0.949           5518            1.603        100.0
fullrank_00                     5.787235  10951761      24283271  2.217          28203            1.203        100.0
fullrank_01                     5.788420  10954539      24707120  2.255          31195            1.322        100.0
fullrank_02                     2.852598   5388841      10343624  1.919          15092            1.284        100.0
fullrank_no_solution_00         5.579941  10559175      23704634  2.245          27474            1.233        100.0
fullrank_no_solution_01         5.590846  10580750      23964296  2.265          30151            1.369        100.0
fullrank_no_solution_02         2.775815   5244373      10165588  1.938          14857            1.313        100.0
hack_00                         2.912722   5503575       9863811  1.792          21748            1.605        100.0
hack_01                         2.337074   4412500       7193141  1.630          18124            1.758        100.0
hack_02                         3.550500   6711673      12769614  1.903          23288            1.434        100.0
hack_03                         1.015920   1907534       2067263  1.084           6341            1.557        100.0
hack_04                         1.467214   2763491       4059740  1.469           9213            1.402        100.0
hack_05                         3.126154   5907567      10840420  1.835          20851            1.479        100.0
lowrank_00                     13.394981  25373188      61146370  2.410          62304            1.227        100.0
lowrank_01                     12.551881  23775342      54143287  2.277          59390            1.127        100.0
lowrank_02                      5.054562   9562773      15773049  1.649          31579            1.367        100.0
lowrank_03                      7.497048  14178558      26688994  1.882          37679            1.128        100.0
lowrank_04                     10.184753  19287554      44083079  2.286          47073            1.196        100.0
lowrank_05                     11.172811  21161346      46758156  2.210          52644            1.099        100.0
max_00                         20.275268  38415144      94951675  2.472          86651            1.061        100.0
max_01                         20.559297  38940549      94915266  2.437          87290            1.070        100.0
max_02                         20.508432  38857274      94964743  2.444          85315            1.044        100.0
random_00                       4.831104   9139604      20121989  2.202          19029            0.865        100.0
random_01                       3.677477   6952783      14619785  2.103          16302            1.005        100.0
random_02                       3.723137   7039079      13804050  1.961          17659            1.063        100.0
random_03                       3.686933   6970951      14841816  2.129          16391            0.996        100.0
random_04                       1.470685   2769282       4226147  1.526           7332            1.090        100.0
