case                 task-clock (ms)     cycles  instructions    IPC  branch-misses  branch-miss (%)  running (%)
max (max_random_00)       326.585428          -             -      -              -                -            -
sum                      1888.268066          -             -      -              -                -            -
example_00                  0.849252    1590772       1590820  1.000           5313            1.543        100.0
first_zero_00             316.117240  598666173    1473640586  2.462         408168            0.351        100.0
first_zero_01               0.950671    1784222       2012269  1.128           5723            1.391        100.0
first_zero_02               1.420913    2675143       3509206  1.312           7623            1.240        100.0
issue1147_00                0.872824    1635206       1591696  0.973           5517            1.608        100.0
max_random_00             326.585428  618460237    1490757497  2.410         423660            0.362        100.0
max_random_01             323.466290  612561049    1491443622  2.435         414760            0.354        100.0
max_random_02             326.552809  618467533    1495857830  2.419         402039            0.340        100.0
random_00                 318.670601  603423413    1477363928  2.448         442386            0.380        100.0
random_01                   3.615596    6835567       5387698  0.788           6919            0.858        100.0
random_02                  10.190763   19299543      17070147  0.884           8995            0.422        100.0
random_03                   4.018780    7599461       5001215  0.658           6099            0.798        100.0
random_04                 148.931119  281862384     687559171  2.439         209596            0.385        100.0
random_05                   2.305439    4351294       4004466  0.920           7194            1.157        100.0
random_06                   9.546742   18078495      13601920  0.752           7792            0.434        100.0
random_07                  61.825512  117062301     307056184  2.623         124052            0.507        100.0
random_08                  13.281509   25144549      31724714  1.262          16807            0.488        100.0
random_09                   8.776019   16617838      10356239  0.623           7446            0.518        100.0
small_00                    0.891345    1670682       1611152  0.964           5446            1.555        100.0
small_01                    0.853154    1599342       1585440  0.991           5391            1.577        100.0
small_02                    0.901971    1691478       1623345  0.960           5490            1.551        100.0
small_03                    0.858806    1610175       1584997  0.984           5358            1.568        100.0
small_04                    0.852851    1598716       1584589  0.991           5360            1.569        100.0
small_05                    0.869001    1628274       1618173  0.994           5458            1.545        100.0
small_06                    0.852293    1596875       1603896  1.004           5231            1.499        100.0
small_07                    0.816648    1530487       1583508  1.035           5343            1.564        100.0
small_08                    0.843581    1581266       1616593  1.022           5487            1.555        100.0
small_09                    0.856780    1605512       1596246  0.994           5507            1.602        100.0
small_10                    0.840618    1575208       1621159  1.029           5516            1.559        100.0
small_11                    0.853511    1600318       1620668  1.013           5479            1.549        100.0
