2026-10-02 lenovo / Intel(R) Core(TM) i5-10210U CPU @ 1.60GHz
Two complete passes per binary; per case minimum task-clock; all counters from that same run.
Unchanged binaries reuse their recorded passes; each section identifies its measurement batch.
Cases: 27, including examples. Units: ms. No CPU pinning.
Compiler: g++ (GCC) 16.2.1 20260819 (Red Hat 16.2.1-2); rustc 1.98.1 (48a229cea 2026-09-01)
Build host: fedora; glibc 2.43
Environment: Linux 7.2.8-200.fc44.x86_64; affinity [0, 1, 2, 3]; stack 268435456 bytes; bench_env OK.
cxx_flags.txt: -std=c++23 -DEVAL -DONLINE_JUDGE -Iinclude -O3 -fwhole-program -fno-exceptions -fno-rtti -march=x86-64-v3 -fno-pie -no-pie -nostdlib++ -static -lm -s
cpp_flags.txt: -std=c++23 -DEVAL -DONLINE_JUDGE -Iac-library -include cassert -O3 -fwhole-program -fno-exceptions -fno-rtti -march=x86-64-v3 -fno-pie -no-pie -static -lgmp -s
rust_flags.txt: -C opt-level=3 -C codegen-units=1 -C lto=fat -C panic=abort -C target-cpu=x86-64-v3 -C target-feature=+crt-static -C relocation-model=static -C link-arg=-Wl,-u,__cxa_thread_atexit_impl -C strip=symbols

solution                                max (ms)       sum (ms)
Kiffaz11                                  54.245408     622.074151
Nachia                                    69.557104     791.761546
Rohan_Kapri                               54.138479     621.514702
oldyan                                    64.104129     648.859277
t98slider                                105.183315    1390.320860
main                                      45.652598     477.563054

submissions/graph/eulerian_trail_undirected/Kiffaz11.cpp
SHA-256: 5734adf0fae16f08f583603e2cb9735d2d7f2a756cbd0dc822f042550edff8f8
Measured: bench/graph-polish-20261002/accepted-37 [Kiffaz11]
case                      task-clock (ms)    cycles  instructions    IPC  branch-misses  branch-miss (%)  running (%)
max (max_random_walk_02)        54.245408         -             -      -              -                -            -
sum                            622.074151         -             -      -              -                -            -
example_00                       1.011532   1598769       2510928  1.571           6882            1.186        100.0
example_01                       1.002043   1584484       2500894  1.578           6602            1.142        100.0
euler_tour_00                   41.938968  66932653      96994997  1.449         232207            1.633        100.0
euler_tour_01                   43.697588  69739065      97076269  1.392         262474            1.844        100.0
euler_tour_02                   43.390184  69248730      96965173  1.400         271899            1.914        100.0
euler_tour_03                   43.465874  69337039      96899847  1.398         265279            1.869        100.0
many_same_vertex_00             39.976959  63783536     103083936  1.616         263499            1.729        100.0
many_same_vertex_01             40.587464  64774900     103013329  1.590         275251            1.809        100.0
many_same_vertex_02             41.588403  66330798     102339959  1.543         356613            2.354        100.0
max_random_00                    8.461708  13492904      32007431  2.372          49611            1.313        100.0
max_random_01                    9.419731  15021763      36085015  2.402          55427            1.318        100.0
max_random_02                   18.173688  28996474      50473833  1.741         318338            5.025        100.0
max_random_walk_00              24.564553  39198216      85578418  2.183         223330            1.684        100.0
max_random_walk_01              26.672686  42563686      89747154  2.109         215704            1.575        100.0
max_random_walk_02              54.245408  86558331     101920599  1.177         434645            2.875        100.0
mid_random_00                    8.291300  13220331      32226695  2.438         126311            3.599        100.0
mid_random_01                    7.919283  12626099      30725036  2.433         125285            3.895        100.0
mid_random_02                    7.914345  12618473      31360866  2.485         116891            3.501        100.0
mid_random_walk_00              21.785874  34761231      80890454  2.327         295742            2.460        100.0
mid_random_walk_01              21.834886  34839181      80801146  2.319         303663            2.527        100.0
mid_random_walk_02              21.785741  34761274      81347344  2.340         289377            2.395        100.0
small_random_00                 11.271594  17977208      43986785  2.447         149704            2.425        100.0
small_random_01                 11.411216  18200564      44305822  2.434         151896            2.436        100.0
small_random_02                 11.180153  17831601      43463901  2.437         150930            2.482        100.0
small_random_walk_00            20.230719  32266721      74353278  2.304         307505            2.649        100.0
small_random_walk_01            20.113379  32091614      74199963  2.312         303322            2.620        100.0
small_random_walk_02            20.138872  32132215      74147576  2.308         304244            2.630        100.0

submissions/graph/eulerian_trail_undirected/Nachia.cpp
SHA-256: aa2e4ac554de68e87a0c4325105406283c8fbecc55b34b3a22cb1bfaadf8af64
Measured: bench/graph-polish-20261002/accepted-37 [Nachia]
case                      task-clock (ms)     cycles  instructions    IPC  branch-misses  branch-miss (%)  running (%)
max (max_random_walk_02)        69.557104          -             -      -              -                -            -
sum                            791.761546          -             -      -              -                -            -
example_00                       0.824846    1300874       1876464  1.442           5801            1.374        100.0
example_01                       0.798910    1259561       1871590  1.486           5535            1.307        100.0
euler_tour_00                   55.548175   88655921     118965586  1.342         329067            1.454        100.0
euler_tour_01                   57.442335   91653654     121031854  1.321         371677            1.623        100.0
euler_tour_02                   57.542822   91824071     121030922  1.318         395386            1.727        100.0
euler_tour_03                   57.763498   92192808     121058335  1.313         390516            1.704        100.0
many_same_vertex_00             51.020754   81400514     124126852  1.525         355863            1.510        100.0
many_same_vertex_01             51.316695   81902173     124105082  1.515         366888            1.557        100.0
many_same_vertex_02             53.789770   85850099     122895845  1.432         495983            2.125        100.0
max_random_00                   15.450965   24649789      48052378  1.949          51020            0.502        100.0
max_random_01                   16.959797   27059051      52457456  1.939          53411            0.487        100.0
max_random_02                   26.320189   42001204      66881173  1.592         224002            1.658        100.0
max_random_walk_00              29.592003   47223483      91054080  1.928         223563            1.234        100.0
max_random_walk_01              34.757943   55469466      97976752  1.766         233778            1.208        100.0
max_random_walk_02              69.557104  111001119     122377500  1.102         550385            2.369        100.0
mid_random_00                   11.726437   18703435      42371375  2.265         111083            1.256        100.0
mid_random_01                   10.940638   17449076      40227759  2.305         113689            1.352        100.0
mid_random_02                   10.634985   16949612      40370777  2.382         100939            1.198        100.0
mid_random_walk_00              25.717285   41037497      81286794  1.981         343043            2.124        100.0
mid_random_walk_01              25.012766   39912489      79870922  2.001         351689            2.218        100.0
mid_random_walk_02              24.641208   39319407      80183526  2.039         329080            2.072        100.0
small_random_00                 13.896800   22168254      49510449  2.233         166700            1.580        100.0
small_random_01                 13.778784   21978553      49277464  2.242         163449            1.562        100.0
small_random_02                 13.706134   21863159      48685898  2.227         162362            1.571        100.0
small_random_walk_00            21.037065   33566458      68249071  2.033         313591            2.192        100.0
small_random_walk_01            20.940241   33411477      68147493  2.040         309540            2.167        100.0
small_random_walk_02            21.043397   33576157      68090131  2.028         310290            2.174        100.0

submissions/graph/eulerian_trail_undirected/Rohan_Kapri.cpp
SHA-256: 8daefbbf760d7f889f8fe3a27d8ff09cc21ac0fb585757defddc4d223c3b8715
Measured: bench/graph-polish-20261002/accepted-37 [Rohan_Kapri]
case                      task-clock (ms)    cycles  instructions    IPC  branch-misses  branch-miss (%)  running (%)
max (max_random_walk_02)        54.138479         -             -      -              -                -            -
sum                            621.514702         -             -      -              -                -            -
example_00                       0.978883   1547941       2503559  1.617           6743            1.165        100.0
example_01                       0.990720   1566597       2489789  1.589           6788            1.182        100.0
euler_tour_00                   41.611141  66407988      96986362  1.460         231744            1.630        100.0
euler_tour_01                   43.123409  68822295      97031500  1.410         261823            1.841        100.0
euler_tour_02                   43.659846  69679538      96991211  1.392         271624            1.911        100.0
euler_tour_03                   43.095077  68778042      96827066  1.408         264149            1.863        100.0
many_same_vertex_00             40.298935  64296124     103005694  1.602         262906            1.729        100.0
many_same_vertex_01             40.977207  65397231     103060789  1.576         276115            1.812        100.0
many_same_vertex_02             41.354349  65999832     102303400  1.550         356103            2.352        100.0
max_random_00                    8.518312  13583636      32059238  2.360          49656            1.310        100.0
max_random_01                    9.438659  15052610      36106213  2.399          55263            1.312        100.0
max_random_02                   18.301776  29199892      50403529  1.726         318942            5.055        100.0
max_random_walk_00              24.582065  39226390      85589632  2.182         224002            1.689        100.0
max_random_walk_01              26.614522  42470139      89749253  2.113         214902            1.570        100.0
max_random_walk_02              54.138479  86406082     101918897  1.180         435225            2.879        100.0
mid_random_00                    8.278632  13200460      32219434  2.441         126342            3.601        100.0
mid_random_01                    7.946054  12668079      30733482  2.426         125223            3.891        100.0
mid_random_02                    7.912290  12615071      31387741  2.488         117199            3.503        100.0
mid_random_walk_00              21.779825  34751379      80888030  2.328         295536            2.458        100.0
mid_random_walk_01              21.862088  34882959      80812889  2.317         303722            2.527        100.0
mid_random_walk_02              21.766877  34730901      81355769  2.342         289431            2.394        100.0
small_random_00                 11.259357  17946090      43968548  2.450         149829            2.428        100.0
small_random_01                 11.374608  18141491      44304282  2.442         151182            2.424        100.0
small_random_02                 11.187532  17842900      43489461  2.437         151232            2.486        100.0
small_random_walk_00            20.198538  32227694      74353978  2.307         306325            2.639        100.0
small_random_walk_01            20.125653  32111333      74202788  2.311         303800            2.623        100.0
small_random_walk_02            20.139868  32133324      74150586  2.308         304223            2.629        100.0

submissions/graph/eulerian_trail_undirected/oldyan.cpp
SHA-256: 70d60c3930ab8e545b44ea6c136ada51688902cd9621ad95ff48e9f9fcc5a662
Measured: bench/graph-polish-20261002/accepted-37 [oldyan]
case                      task-clock (ms)     cycles  instructions    IPC  branch-misses  branch-miss (%)  running (%)
max (max_random_walk_02)        64.104129          -             -      -              -                -            -
sum                            648.859277          -             -      -              -                -            -
example_00                       0.793412    1251780       1872701  1.496           5785            1.375        100.0
example_01                       0.807448    1273871       1882150  1.478           5715            1.345        100.0
euler_tour_00                   40.430284   64494889      80759393  1.252         370867            2.973        100.0
euler_tour_01                   40.814359   65137246      80936785  1.243         411763            3.290        100.0
euler_tour_02                   40.864941   65219233      80384082  1.233         433863            3.499        100.0
euler_tour_03                   39.692719   63346122      79013153  1.247         425941            3.523        100.0
many_same_vertex_00             46.237761   73776487      95973548  1.301         528883            3.410        100.0
many_same_vertex_01             46.403171   74016012      96501224  1.304         484823            3.120        100.0
many_same_vertex_02             48.136092   76769244      95508203  1.244         585661            3.813        100.0
max_random_00                   10.756766   17156836      35526142  2.071          53469            0.923        100.0
max_random_01                   11.922527   19017148      36387760  1.913          55964            0.928        100.0
max_random_02                   24.142125   38523991      51234739  1.330         224613            2.718        100.0
max_random_walk_00              27.636296   44101762      79012753  1.792         275984            2.072        100.0
max_random_walk_01              31.536413   50326986      79574447  1.581         286248            2.148        100.0
max_random_walk_02              64.104129  102314197      95884599  0.937         657637            4.261        100.0
mid_random_00                    8.633149   13765944      29667455  2.155         122186            2.747        100.0
mid_random_01                    8.376335   13355534      28347895  2.123         120521            2.852        100.0
mid_random_02                    8.278659   13199679      28878263  2.188         108604            2.522        100.0
mid_random_walk_00              20.228810   32275927      59651136  1.848         397187            4.282        100.0
mid_random_walk_01              20.411318   32567479      59624749  1.831         411094            4.437        100.0
mid_random_walk_02              20.308067   32402290      59996768  1.852         385893            4.144        100.0
small_random_00                 11.284492   17998694      38767769  2.154         225084            3.502        100.0
small_random_01                 11.416202   18208163      39101015  2.147         225692            3.477        100.0
small_random_02                 11.262887   17964213      38517865  2.144         225561            3.531        100.0
small_random_walk_00            18.247142   29112194      57956130  1.991         384835            3.966        100.0
small_random_walk_01            18.033680   28772573      57902740  2.012         380645            3.923        100.0
small_random_walk_02            18.100093   28877611      57851057  2.003         382911            3.952        100.0

submissions/graph/eulerian_trail_undirected/t98slider.cpp
SHA-256: 3cf980c7a80049f37088c19fa03887ca407a25719567684a1fb0524361c50406
Measured: bench/graph-polish-20261002/accepted-37 [t98slider]
case                      task-clock (ms)     cycles  instructions    IPC  branch-misses  branch-miss (%)  running (%)
max (max_random_walk_02)       105.183315          -             -      -              -                -            -
sum                           1390.320860          -             -      -              -                -            -
example_00                       0.997180    1577205       2439932  1.547           6951            1.235        100.0
example_01                       0.984563    1555520       2441800  1.570           6777            1.199        100.0
euler_tour_00                   89.327044  142557802     293223562  2.057         316048            0.562        100.0
euler_tour_01                   92.300544  147309215     292844260  1.988         392366            0.699        100.0
euler_tour_02                   92.743507  147986620     291642371  1.971         456233            0.816        100.0
euler_tour_03                   93.120820  148632597     292509718  1.968         455724            0.813        100.0
many_same_vertex_00             88.941309  141945151     299280030  2.108         463249            0.811        100.0
many_same_vertex_01             89.465032  142772288     299278479  2.096         470326            0.824        100.0
many_same_vertex_02             91.319577  145725545     298052076  2.045         592261            1.040        100.0
max_random_00                   10.579595   16874245      34288541  2.032          55026            0.851        100.0
max_random_01                   11.531073   18392815      39091120  2.125          61177            0.830        100.0
max_random_02                   19.118487   30504011      53595708  1.757         228283            2.260        100.0
max_random_walk_00              63.886687  101967470     267639002  2.625         230031            0.437        100.0
max_random_walk_01              69.395069  110729603     278200224  2.512         242817            0.446        100.0
max_random_walk_02             105.183315  167862225     297378146  1.772         695749            1.225        100.0
mid_random_00                    9.595213   15300417      37028852  2.420         122870            1.801        100.0
mid_random_01                    8.367285   13341917      30280140  2.270         123326            2.247        100.0
mid_random_02                    8.616246   13739392      32864160  2.392         111188            1.854        100.0
mid_random_walk_00              61.039656   97421817     258753838  2.656         411479            0.806        100.0
mid_random_walk_01              61.243656   97747206     258626784  2.646         423088            0.829        100.0
mid_random_walk_02              60.997737   97353955     259124898  2.662         406725            0.795        100.0
small_random_00                 27.164283   43346615     120845814  2.788         177068            0.735        100.0
small_random_01                 27.583582   44016174     122997288  2.794         179976            0.734        100.0
small_random_02                 26.680132   42573108     118389547  2.781         177945            0.754        100.0
small_random_walk_00            60.114132   95944411     262913665  2.740         405061            0.766        100.0
small_random_walk_01            60.002712   95765439     262744499  2.744         401782            0.760        100.0
small_random_walk_02            60.022424   95797384     262557439  2.741         403345            0.764        100.0

src/graph/eulerian_trail_undirected/main.cxx
SHA-256: ac246a3d96bda2ac95cbee213ee49e62bb1b8bafa712f8ad1c4c225c2800fad1
Measured: bench/graph-polish-20261002/accepted-37 [main]
case                      task-clock (ms)    cycles  instructions    IPC  branch-misses  branch-miss (%)  running (%)
max (max_random_walk_02)        45.652598         -             -      -              -                -            -
sum                            477.563054         -             -      -              -                -            -
example_00                       0.798344   1258685       1766846  1.404           5671            1.441        100.0
example_01                       0.808139   1274603       1759265  1.380           5604            1.429        100.0
euler_tour_00                   33.579791  53589439      56991895  1.063         179171            2.512        100.0
euler_tour_01                   33.985446  54236257      56840609  1.048         215400            3.034        100.0
euler_tour_02                   33.904634  54107392      56513634  1.044         220411            3.133        100.0
euler_tour_03                   33.209334  52997435      56233831  1.061         212470            3.047        100.0
many_same_vertex_00             31.379865  50078094      59982230  1.198         152121            1.968        100.0
many_same_vertex_01             31.664992  50532820      59942441  1.186         164542            2.133        100.0
many_same_vertex_02             32.126938  51270228      59977502  1.170         169286            2.190        100.0
max_random_00                    4.520265   7200199      15702741  2.181           8411            0.710        100.0
max_random_01                    4.602268   7330850      15773936  2.152           8868            0.740        100.0
max_random_02                    6.389497  10184749      18312854  1.798          10132            0.616        100.0
max_random_walk_00              20.361844  32489632      52763831  1.624         158155            2.379        100.0
max_random_walk_01              23.640518  37722971      52871261  1.402         161647            2.422        100.0
max_random_walk_02              45.652598  72832442      60224528  0.827         218422            2.805        100.0
mid_random_00                    5.268592   8394722      15549813  1.852          10770            0.861        100.0
mid_random_01                    4.885107   7783293      14393498  1.849           7687            0.713        100.0
mid_random_02                    4.903769   7813397      14857120  1.901           8283            0.735        100.0
mid_random_walk_00              16.894873  26953638      45308712  1.681         193524            3.620        100.0
mid_random_walk_01              16.217879  25872567      44266048  1.711         192279            3.753        100.0
mid_random_walk_02              16.208248  25858175      43977727  1.701         197910            3.911        100.0
small_random_00                  9.480709  15118566      28555326  1.889          72378            2.121        100.0
small_random_01                  9.675859  15429584      28978758  1.878          74302            2.131        100.0
small_random_02                  9.409154  15004592      28294439  1.886          71477            2.113        100.0
small_random_walk_00            16.000279  25525656      48580547  1.903         187907            2.883        100.0
small_random_walk_01            15.955447  25454233      48496407  1.905         185798            2.860        100.0
small_random_walk_02            16.038665  25586670      48701845  1.903         187743            2.869        100.0
