case                 task-clock (ms)     cycles  instructions    IPC  branch-misses  branch-miss (%)  running (%)
max (hack2_00)             77.968469          -             -      -              -                -            -
sum                       395.687063          -             -      -              -                -            -
example_00                  0.884856    1659476       1621764  0.977           5452            1.547        100.0
example_01                  0.868621    1628420       1622237  0.996           5392            1.528        100.0
hack2_00                   77.968469  147630667     180725170  1.224         208403            0.569        100.0
hack_00                     0.891420    1669921       1610204  0.964           5499            1.571        100.0
max_random_00               1.357417    2554458       3187701  1.248           7327            1.496        100.0
max_random_01               1.352397    2545590       3190281  1.253           7315            1.490        100.0
max_random_02               1.355037    2550937       3200631  1.255           7671            1.557        100.0
max_random_03               1.377601    2593094       3196757  1.233           7334            1.493        100.0
max_random_04               1.363015    2565936       3186554  1.242           7324            1.495        100.0
perm_max_random_00          1.100478    2067757       2167283  1.048           5966            1.457        100.0
perm_max_random_01          1.129850    2123709       2175916  1.025           5923            1.439        100.0
perm_max_random_02          1.103557    2074281       2161354  1.042           6030            1.471        100.0
perm_max_random_03          1.073486    2017282       2180656  1.081           5996            1.455        100.0
perm_max_random_04          1.099210    2064742       2141841  1.037           6000            1.473        100.0
perm_plus_random_00        67.879642  128641984     180147897  1.400         164108            0.645        100.0
perm_plus_random_01        69.717764  131814244     177204827  1.344         163960            0.642        100.0
perm_plus_random_02        56.138222  106282126     170752822  1.607         203329            0.959        100.0
perm_plus_random_03        56.030043  105960486     151793507  1.433         201269            0.955        100.0
perm_plus_random_04        42.842276   81058763     164053498  2.024         162411            0.938        100.0
random_00                   0.933480    1751966       1801908  1.029           5673            1.577        100.0
random_01                   4.880435    9233561      22783271  2.467          28864            1.559        100.0
random_02                   2.274299    4292907       9086461  2.117          11060            1.252        100.0
random_03                   1.105222    2077185       2531548  1.219           6221            1.479        100.0
random_04                   0.960266    1802341       1780337  0.988           5662            1.529        100.0
