2026-10-02 lenovo / Intel(R) Core(TM) i5-10210U CPU @ 1.60GHz
Two complete passes per binary; per case minimum task-clock; all counters from that same run.
Unchanged binaries reuse their recorded passes; each section identifies its measurement batch.
Cases: 25, including examples. Units: ms. No CPU pinning.
Compiler: g++ (GCC) 16.2.1 20260819 (Red Hat 16.2.1-2); rustc 1.98.1 (48a229cea 2026-09-01)
Build host: fedora; glibc 2.43
Environment: Linux 7.2.8-200.fc44.x86_64; affinity [0, 1, 2, 3]; stack 268435456 bytes; bench_env OK.
cxx_flags.txt: -std=c++23 -DEVAL -DONLINE_JUDGE -Iinclude -O3 -fwhole-program -fno-exceptions -fno-rtti -march=x86-64-v3 -fno-pie -no-pie -nostdlib++ -static -lm -s
cpp_flags.txt: -std=c++23 -DEVAL -DONLINE_JUDGE -Iac-library -include cassert -O3 -fwhole-program -fno-exceptions -fno-rtti -march=x86-64-v3 -fno-pie -no-pie -static -lgmp -s
rust_flags.txt: -C opt-level=3 -C codegen-units=1 -C lto=fat -C panic=abort -C target-cpu=x86-64-v3 -C target-feature=+crt-static -C relocation-model=static -C link-arg=-Wl,-u,__cxa_thread_atexit_impl -C strip=symbols

solution                                max (ms)       sum (ms)
Art                                      900.133952    6438.123326
Requiem                                  935.759995    6593.304204
Rohan_Kapri                                3.992584      57.835237
adamant                                  383.704093    2570.939188
nandhagk                                   3.974112      57.822223
main                                       3.203789      49.028149
naive                                    378.982652    1826.056198

submissions/graph/minimum_diameter_spanning_tree/Art.cpp
SHA-256: d5a02a0687741916a8fe47c44b6da6932c1471b3d79a81bca4d55c45b5af8511
Measured: bench/graph-polish-20261002/accepted-37 [Art]
case                 task-clock (ms)      cycles  instructions    IPC  branch-misses  branch-miss (%)  running (%)
max (max_random_01)       900.133952           -             -      -              -                -            -
sum                      6438.123326           -             -      -              -                -            -
example_00                  1.124485     1779733       2619280  1.472           6796            1.115        100.0
example_01                  1.122369     1775726       2576596  1.451           6788            1.141        100.0
example_02                  1.127978     1784952       2617595  1.466           7143            1.175        100.0
example_03                  1.087661     1720484       2563613  1.490           6575            1.103        100.0
max_random_00             896.640736  1431180923    1623289592  1.134       33575040           12.971        100.0
max_random_01             900.133952  1436694148    1639364953  1.141       33733012           12.911        100.0
max_random_02             899.975968  1436465782    1650652271  1.149       33832964           12.844        100.0
max_random_03             870.810875  1389939206    1595867362  1.148       32678273           12.832        100.0
max_random_04             862.026181  1375901376    1560253305  1.134       32226619           12.944        100.0
random_00                 158.494053   252964106     279228118  1.104        6223216           13.825        100.0
random_01                  24.229363    38661373      54195760  1.402         847256            9.404        100.0
random_02                   8.264704    13177660      23367395  1.773         207961            5.165        100.0
random_03                 385.929883   615963138     666067912  1.081       14778144           13.856        100.0
random_04                 100.574937   160508704     184046210  1.147        3950239           13.236        100.0
small_00                  158.847894   253528877     279213257  1.101        6219888           13.819        100.0
small_01                   24.277150    38736843      54155965  1.398         845561            9.397        100.0
small_02                    8.289508    13216530      23405760  1.771         208781            5.172        100.0
small_03                   23.723885    37855827      53363091  1.410         822729            9.281        100.0
small_04                  100.548286   160455820     184028947  1.147        3951031           13.242        100.0
small_c01_00              139.720582   222984844     267662390  1.200        4723273           11.048        100.0
small_c01_01                9.195875    14664064      19092694  1.302         280063            8.606        100.0
small_c01_02                2.687827     4274354       5872137  1.374          54428            4.742        100.0
small_c01_03               10.271018    16379388      21548787  1.316         313303            8.520        100.0
small_c01_04               80.021671   127710249     149536956  1.171        2772274           11.576        100.0
star_00                   768.996485  1227399074    1931503242  1.574       28343244            9.059        100.0

submissions/graph/minimum_diameter_spanning_tree/Requiem.cpp
SHA-256: b645f403918e971b662187d519ead9236b5ad9c2c5abc7686823f4e6f4eff1c3
Measured: bench/graph-polish-20261002/accepted-37 [Requiem]
case                 task-clock (ms)      cycles  instructions    IPC  branch-misses  branch-miss (%)  running (%)
max (max_random_02)       935.759995           -             -      -              -                -            -
sum                      6593.304204           -             -      -              -                -            -
example_00                  1.116076     1766203       2575746  1.458           7043            1.176        100.0
example_01                  1.105444     1748983       2575366  1.472           6908            1.150        100.0
example_02                  1.104514     1747808       2572463  1.472           7100            1.187        100.0
example_03                  1.091328     1725714       2563184  1.485           6930            1.158        100.0
max_random_00             926.692993  1479094656    1554320025  1.051       33217572           12.440        100.0
max_random_01             923.238006  1473617582    1571629610  1.067       33308713           12.338        100.0
max_random_02             935.759995  1493613040    1581843632  1.059       33311753           12.235        100.0
max_random_03             897.034277  1431779243    1526998145  1.067       32126556           12.220        100.0
max_random_04             892.842151  1425083547    1492815867  1.048       31655479           12.339        100.0
random_00                 160.728041   256517898     257810476  1.005        6201724           13.930        100.0
random_01                  22.066564    35209363      41883186  1.190         809513           10.843        100.0
random_02                   6.910480    11015366      15541004  1.411         199096            6.771        100.0
random_03                 395.061964   630574273     633311639  1.004       14487151           13.271        100.0
random_04                 100.395798   160215450     166621956  1.040        3919258           13.574        100.0
small_00                  160.361938   255940502     257810293  1.007        6202347           13.931        100.0
small_01                   22.032782    35154449      41940458  1.193         808964           10.807        100.0
small_02                    6.916538    11025457      15540621  1.410         199297            6.778        100.0
small_03                   21.476084    34266505      40886467  1.193         786157           10.763        100.0
small_04                  100.145800   159833079     166595293  1.042        3921536           13.586        100.0
small_c01_00              143.070870   228332783     253873669  1.112        4717628           10.998        100.0
small_c01_01                9.077168    14474140      18384148  1.270         283888            8.513        100.0
small_c01_02                2.616424     4161250       5637172  1.355          54222            4.764        100.0
small_c01_03               10.281972    16396749      20410166  1.245         318915            8.679        100.0
small_c01_04               81.868941   130649059     142009684  1.087        2759566           11.447        100.0
star_00                   770.308056  1229501342    1859622504  1.513       28374086            8.930        100.0

submissions/graph/minimum_diameter_spanning_tree/Rohan_Kapri.cpp
SHA-256: f990daae9b30265c930bbcf9a6ff2a44751b4faa362897261a437c666c7cf8a7
Measured: bench/graph-polish-20261002/accepted-37 [Rohan_Kapri]
case                 task-clock (ms)   cycles  instructions    IPC  branch-misses  branch-miss (%)  running (%)
max (max_random_03)         3.992584        -             -      -              -                -            -
sum                        57.835237        -             -      -              -                -            -
example_00                  0.884953  1397493       1936851  1.386           6636            1.512        100.0
example_01                  0.886843  1399556       1913021  1.367           6032            1.391        100.0
example_02                  0.887942  1402346       1936867  1.381           6374            1.447        100.0
example_03                  0.873877  1379767       1917684  1.390           6222            1.432        100.0
max_random_00               3.559298  5666317       8188051  1.445          63518            4.158        100.0
max_random_01               3.501527  5573850       8074853  1.449          61504            4.108        100.0
max_random_02               3.512052  5591050       8035649  1.437          62632            4.197        100.0
max_random_03               3.992584  6357214       9150045  1.439          76021            4.514        100.0
max_random_04               3.506632  5582710       8035426  1.439          62375            4.177        100.0
random_00                   3.564567  5673247       7570258  1.334          78563            5.537        100.0
random_01                   2.467647  3923902       5472831  1.395          40713            3.693        100.0
random_02                   2.002052  3180127       4581364  1.441          22304            2.335        100.0
random_03                   3.451632  5495452       7575272  1.378          71966            5.127        100.0
random_04                   3.202906  5097908       6869001  1.347          68144            5.220        100.0
small_00                    3.585550  5708698       7581002  1.328          78926            5.553        100.0
small_01                    2.494535  3966031       5470199  1.379          40569            3.696        100.0
small_02                    1.987475  3156976       4585080  1.452          22455            2.351        100.0
small_03                    2.637284  4193876       5798601  1.383          46618            4.036        100.0
small_04                    3.240397  5156959       6889187  1.336          67835            5.163        100.0
small_c01_00                1.713538  2719957       3685448  1.355          20989            2.744        100.0
small_c01_01                1.032916  1633586       2299617  1.408          10249            2.020        100.0
small_c01_02                0.938576  1482969       2084181  1.405           7977            1.711        100.0
small_c01_03                1.132953  1792651       2404479  1.341          11476            2.194        100.0
small_c01_04                1.596791  2533564       3364270  1.328          20967            2.983        100.0
star_00                     1.180710  1869224       2960942  1.584           8084            1.333        100.0

submissions/graph/minimum_diameter_spanning_tree/adamant.cpp
SHA-256: 8bedddf81762981bf6f8ee4af6351b375a7c8567d2d56ec328284484beb54322
Measured: bench/graph-polish-20261002/accepted-37 [adamant]
case                 task-clock (ms)     cycles  instructions    IPC  branch-misses  branch-miss (%)  running (%)
max (max_random_00)       383.704093          -             -      -              -                -            -
sum                      2570.939188          -             -      -              -                -            -
example_00                  1.057456    1673016       2494544  1.491           7283            1.261        100.0
example_01                  1.052357    1664528       2494342  1.499           7141            1.231        100.0
example_02                  1.064302    1682581       2502832  1.487           7394            1.276        100.0
example_03                  1.038351    1641564       2483410  1.513           7210            1.252        100.0
max_random_00             383.704093  612416713     623433516  1.018        9405897           10.788        100.0
max_random_01             345.280023  551089428     588487889  1.068        7934525            9.648        100.0
max_random_02             339.422869  541776974     617593700  1.140        7840373            9.082        100.0
max_random_03             358.373486  572000343     607783987  1.063        8247860            9.712        100.0
max_random_04             349.822700  558315580     590992711  1.059        8774407           10.616        100.0
random_00                  86.349296  137783207     124567461  0.904        2782333           15.573        100.0
random_01                  15.713671   25067056      28645782  1.143         374173            8.662        100.0
random_02                   5.545798    8837005      12256431  1.387          83602            4.232        100.0
random_03                 184.780795  294914379     278438637  0.944        5658075           14.419        100.0
random_04                  57.925262   92449126      86018473  0.930        1849950           14.861        100.0
small_00                   86.261645  137682233     124501563  0.904        2783511           15.596        100.0
small_01                   15.751552   25128526      28648189  1.140         374169            8.659        100.0
small_02                    5.516654    8791085      12212792  1.389          83340            4.240        100.0
small_03                   15.336138   24464868      28077293  1.148         361416            8.547        100.0
small_04                   58.086698   92694498      86032993  0.928        1848358           14.850        100.0
small_c01_00               88.613852  141437042     133228515  0.942        2941333           15.376        100.0
small_c01_01                4.019542    6401556       9247804  1.445          87778            5.689        100.0
small_c01_02                1.625099    2578757       3997297  1.550          21964            2.775        100.0
small_c01_03                6.061627    9660583      11416824  1.182         175465            9.431        100.0
small_c01_04               43.904511   70068072      69799892  0.996        1494146           14.715        100.0
star_00                   114.631411  182947917     590589058  3.228         110404            0.130        100.0

submissions/graph/minimum_diameter_spanning_tree/nandhagk.cpp
SHA-256: f0597713240067fee78ca6aa100b46229bee7b559348dab3e0f3cbeb8973dd83
Measured: bench/graph-polish-20261002/accepted-37 [nandhagk]
case                 task-clock (ms)   cycles  instructions    IPC  branch-misses  branch-miss (%)  running (%)
max (max_random_03)         3.974112        -             -      -              -                -            -
sum                        57.822223        -             -      -              -                -            -
example_00                  0.894138  1411476       1935953  1.372           6654            1.516        100.0
example_01                  0.856200  1350773       1925349  1.425           6070            1.386        100.0
example_02                  0.880527  1389583       1887768  1.359           6156            1.450        100.0
example_03                  0.882602  1394008       1917136  1.375           6214            1.431        100.0
max_random_00               3.537087  5630882       8280194  1.470          63329            4.081        100.0
max_random_01               3.520672  5604355       8128917  1.450          62287            4.120        100.0
max_random_02               3.544181  5642513       8046223  1.426          62765            4.202        100.0
max_random_03               3.974112  6328402       9109601  1.439          76350            4.570        100.0
max_random_04               3.506568  5581126       8090265  1.450          62624            4.137        100.0
random_00                   3.604026  5737242       7601491  1.325          79159            5.535        100.0
random_01                   2.457694  3908049       5495893  1.406          41061            3.710        100.0
random_02                   1.974326  3136407       4532751  1.445          22409            2.394        100.0
random_03                   3.440554  5477484       7571575  1.382          72057            5.136        100.0
random_04                   3.203164  5098371       6869074  1.347          67857            5.199        100.0
small_00                    3.565060  5675989       7592110  1.338          78917            5.531        100.0
small_01                    2.494575  3967359       5423975  1.367          40923            3.775        100.0
small_02                    2.013672  3198484       4551761  1.423          22255            2.356        100.0
small_03                    2.620307  4166348       5827983  1.399          46432            3.982        100.0
small_04                    3.239022  5155248       6922859  1.343          68071            5.139        100.0
small_c01_00                1.731768  2749364       3702260  1.347          21275            2.780        100.0
small_c01_01                1.073844  1699068       2326121  1.369          10300            2.010        100.0
small_c01_02                0.956189  1511519       2084360  1.379           8121            1.741        100.0
small_c01_03                1.107106  1752183       2403491  1.372          11442            2.189        100.0
small_c01_04                1.577429  2502408       3350998  1.339          20860            2.997        100.0
star_00                     1.167400  1848806       2944097  1.592           7935            1.322        100.0

src/graph/minimum_diameter_spanning_tree/main.cxx
SHA-256: 1f4b36f9de7257d9e0aba87213b0f2930ee8d7a55a42dbe50eba9ce2e8e2d60a
Measured: bench/graph-polish-20261002/accepted-37 [main]
case                 task-clock (ms)   cycles  instructions    IPC  branch-misses  branch-miss (%)  running (%)
max (max_random_03)         3.203789        -             -      -              -                -            -
sum                        49.028149        -             -      -              -                -            -
example_00                  0.814336  1284425       1768000  1.376           5805            1.482        100.0
example_01                  0.828736  1307082       1802707  1.379           5590            1.371        100.0
example_02                  0.829859  1309781       1757600  1.342           5584            1.432        100.0
example_03                  0.825321  1302543       1803716  1.385           5587            1.370        100.0
max_random_00               2.839068  4517285       7478569  1.656          42808            3.622        100.0
max_random_01               2.790706  4440008       7425265  1.672          41502            3.538        100.0
max_random_02               2.765500  4398446       7317053  1.664          41932            3.657        100.0
max_random_03               3.203789  5099319       8494560  1.666          50860            3.899        100.0
max_random_04               2.773959  4413271       7368557  1.670          42459            3.630        100.0
random_00                   3.025230  4814001       7301281  1.517          59598            5.243        100.0
random_01                   2.097723  3332617       5100758  1.531          29619            3.476        100.0
random_02                   1.639589  2601992       4124466  1.585          17360            2.370        100.0
random_03                   2.873768  4571084       7184058  1.572          50511            4.493        100.0
random_04                   2.736808  4353922       6636850  1.524          50524            4.801        100.0
small_00                    3.023218  4810038       7257245  1.509          59295            5.300        100.0
small_01                    2.082147  3308217       5099845  1.542          29475            3.452        100.0
small_02                    1.676611  2661793       4172938  1.568          17223            2.293        100.0
small_03                    2.229636  3543837       5560899  1.569          34008            3.695        100.0
small_04                    2.714839  4318475       6588406  1.526          50530            4.888        100.0
small_c01_00                1.518949  2408760       3358217  1.394          18588            2.888        100.0
small_c01_01                0.968792  1531373       2188451  1.429           8478            1.836        100.0
small_c01_02                0.915289  1446117       2039989  1.411           7336            1.750        100.0
small_c01_03                1.014023  1603429       2244500  1.400           9332            1.982        100.0
small_c01_04                1.403671  2225239       3135375  1.409          18643            3.123        100.0
star_00                     1.436582  2277659       3739539  1.642          12207            1.873        100.0

src/graph/minimum_diameter_spanning_tree/naive.cxx
SHA-256: 360e26294640990e125cbe27e11761d9ffea739b8ba7cebf8a93d22de581160a
Measured: bench/graph-polish-20261002/accepted-37 [naive]
case                 task-clock (ms)     cycles  instructions    IPC  branch-misses  branch-miss (%)  running (%)
max (max_random_03)       378.982652          -             -      -              -                -            -
sum                      1826.056198          -             -      -              -                -            -
example_00                  0.798248    1258725       1762009  1.400           5764            1.474        100.0
example_01                  0.805689    1270473       1757430  1.383           5646            1.447        100.0
example_02                  0.798269    1259274       1758226  1.396           5625            1.442        100.0
example_03                  0.825722    1302773       1767016  1.356           5449            1.368        100.0
max_random_00             223.733987  357042316     667031797  1.868        5269613            6.212        100.0
max_random_01             273.969560  437282482     832399433  1.904        6422109            6.050        100.0
max_random_02             246.217290  392977472     748751244  1.905        5877419            6.160        100.0
max_random_03             378.982652  604893209    1136836617  1.879        8960788            6.127        100.0
max_random_04             199.157752  317871971     595108011  1.872        4756925            6.290        100.0
random_00                  80.081301  127817964     204200900  1.598        2252494            8.489        100.0
random_01                  12.094999   19292046      35643083  1.848         294727            6.067        100.0
random_02                   4.070045    6481427      12954094  1.999          79896            4.212        100.0
random_03                 181.376350  289477325     475420705  1.642        4606984            7.516        100.0
random_04                  51.159473   81649223     134682036  1.650        1435100            8.150        100.0
small_00                   79.993183  127663417     204280642  1.600        2249300            8.468        100.0
small_01                   12.095373   19292818      35619802  1.846         296112            6.102        100.0
small_02                    4.084170    6502840      12918358  1.987          79911            4.243        100.0
small_03                   11.827804   18865561      34742136  1.842         290116            6.109        100.0
small_04                   51.332578   81902295     134738488  1.645        1439068            8.164        100.0
small_c01_00                4.850363    7727404      10584547  1.370         124128            7.521        100.0
small_c01_01                1.293636    2048981       3284624  1.603          17974            3.019        100.0
small_c01_02                1.007389    1593040       2521529  1.583          10658            2.262        100.0
small_c01_03                2.268379    3605908       5682397  1.576          46159            4.953        100.0
small_c01_04                1.852005    2941044       3998566  1.360          37032            5.291        100.0
star_00                     1.379981    2187216       3734546  1.707          12294            1.893        100.0
