case                 task-clock (ms)     cycles  instructions    IPC  branch-misses  branch-miss (%)  running (%)
max (issue_1223_00)       310.095239          -             -      -              -                -            -
sum                      1496.826614          -             -      -              -                -            -
example_00                  0.913443    1713698       1645837  0.960           5563            1.549        100.0
almost_sorted_00           96.310786  182532795     391563484  2.145        1913329            2.054        100.0
almost_sorted_01          103.912484  196910530     407176662  2.068        2060997            2.133        100.0
almost_sorted_02          103.528647  196211126     405974030  2.069        2044906            2.131        100.0
issue_1223_00             310.095239  587757401    1427050447  2.428        1513800            0.502        100.0
max_random_00             216.311218  409970042     526694672  1.285        8276336            5.671        100.0
max_random_01             213.897823  405404465     527583814  1.301        7982995            5.459        100.0
max_random_02             214.977103  407408285     527481138  1.295        8064071            5.517        100.0
random_00                  12.355433   23401355      26791714  1.145         318613            5.879        100.0
random_01                  79.879508  151365053     186782465  1.234        3254330            6.400        100.0
random_02                 105.834654  200564693     246759779  1.230        3890687            5.857        100.0
small_random_00             0.962027    1805487       1741291  0.964           6873            1.891        100.0
small_random_01             0.937348    1759323       1768731  1.005           6571            1.745        100.0
small_random_02             1.240174    2332287       2302614  0.987          23177            4.760        100.0
sorted_00                  35.670727   67585622     180951639  2.677         385901            0.947        100.0
