case                  task-clock (ms)     cycles  instructions    IPC  branch-misses  branch-miss (%)  running (%)
max (almost_line_02)       136.653022          -             -      -              -                -            -
sum                       1587.380495          -             -      -              -                -            -
example_00                   0.837464    1569183       1585157  1.010           5387            1.584        100.0
almost_line_00             132.137170  250186925     194832007  0.779        1003713            5.134        100.0
almost_line_01             135.317402  256253968     197622450  0.771        1141842            5.795        100.0
almost_line_02             136.653022  258764737     197787928  0.764        1141969            5.792        100.0
almost_line_03             134.294926  254287740     197858540  0.778        1142998            5.800        100.0
almost_uni_00               75.484892  142922543     173968951  1.217         696726            4.131        100.0
almost_uni_01               75.883175  143676655     174786042  1.217         695103            4.075        100.0
line_00                     53.196468  100706337     117765716  1.169         345867            3.118        100.0
max_random_00              129.621375  245399419     195480921  0.797        1599439            8.150        100.0
max_random_01              127.859444  242079811     194275975  0.803        1589593            8.230        100.0
random_00                  101.154391  191575929     173016123  0.903        1410936            8.278        100.0
random_01                  120.837995  228843678     187199942  0.818        1522805            8.196        100.0
random_02                   43.816577   83026418     105208029  1.267         749359            7.662        100.0
random_03                  110.286603  208903644     180413816  0.864        1449562            8.131        100.0
random_04                   78.095774  147981512     150733862  1.019        1187585            8.116        100.0
small_random_00             16.951921   32115464      59227080  1.844         191500            3.284        100.0
small_random_01             16.511838   31281351      58923650  1.884         163784            2.817        100.0
small_random_02             16.559282   31371452      59007245  1.881         166022            2.856        100.0
small_random_03             17.504264   33162651      59932865  1.807         221334            3.757        100.0
small_random_04             21.319108   40394271      63071216  1.561         436752            7.039        100.0
uni_00                      43.057404   81465037      98619435  1.211         496078            5.924        100.0
