2026-10-01 lenovo / Intel(R) Core(TM) i5-10210U CPU @ 1.60GHz
Two complete passes; per binary/case minimum task-clock; all counters from that same run.
Cases: 51, including examples. Units: ms. No CPU pinning.
Compiler: g++ (GCC) 16.2.1 20260819 (Red Hat 16.2.1-2); rustc 1.98.1 (48a229cea 2026-09-01)
Build host: master; glibc 2.43
Environment: Linux 7.2.8-200.fc44.x86_64; affinity [0, 1, 2, 3]; stack 268435456 bytes; bench_env OK.
cxx_flags.txt: -std=c++23 -DEVAL -DONLINE_JUDGE -Iinclude -O3 -fwhole-program -fno-exceptions -fno-rtti -march=x86-64-v3 -fno-pie -no-pie -nostdlib++ -static -lm -s
cpp_flags.txt: -std=c++23 -DEVAL -DONLINE_JUDGE -Iac-library -include cassert -O3 -fwhole-program -fno-exceptions -fno-rtti -march=x86-64-v3 -fno-pie -no-pie -static -lgmp -s
rust_flags.txt: -C opt-level=3 -C codegen-units=1 -C lto=fat -C panic=abort -C target-cpu=x86-64-v3 -C target-feature=+crt-static -C relocation-model=static -C link-arg=-Wl,-u,__cxa_thread_atexit_impl -C strip=symbols

solution                                max (ms)       sum (ms)
Anonymous                                969.191550   18434.063609
Rohan_Kapri                              969.442882   18424.545508
Taiki0715                               1113.088731   24744.187486
hushuqi                                  989.763696   19502.995630
isaunoya                                1153.236302   22669.021744
main                                     597.895163   12579.787385

submissions/convolution/convolution_F_2_64/Anonymous.cpp
SHA-256: 96d9817a3b9d196975a289dde6e7ac224ce5554645a3fd12d085eacccc93582e
case                task-clock (ms)      cycles  instructions    IPC  branch-misses  branch-miss (%)  running (%)
max (many_ones_00)       969.191550           -             -      -              -                -            -
sum                    18434.063609           -             -      -              -                -            -
example_00                 0.988191     1562080       2459144  1.574           6611            1.159        100.0
example_01                 1.020995     1614421       2427714  1.504           6673            1.192        100.0
all_ones_00              919.512011  1467023627    4251953392  2.898        2140233            0.336        100.0
all_same_00              734.930332  1172303815    3305779267  2.820         570197            0.133        100.0
all_same_01              905.440739  1444477341    4235276443  2.932        1553290            0.246        100.0
gen_2_17_00              220.618328   352122977    1023915057  2.908         717938            0.470        100.0
gen_2_17_01              219.890292   350879980    1023930766  2.918         716615            0.469        100.0
gen_2_17_02              223.306866   356409939    1032564326  2.897         712119            0.461        100.0
gen_2_18_00              459.052487   732307380    2110534782  2.882        1427028            0.457        100.0
gen_2_18_01              458.752530   731850322    2111290331  2.885        1426165            0.457        100.0
gen_2_18_02              464.626829   741154839    2127676422  2.871        1424290            0.452        100.0
gen_2_x_3_11_00          845.897851  1349441303    3758469232  2.785        2107015            0.404        100.0
gen_2_x_3_11_01          845.126075  1348270343    3757856421  2.787        2116635            0.406        100.0
gen_2_x_3_11_02          845.479956  1348726630    3757650702  2.786        2112036            0.405        100.0
gen_3_11_00              398.063401   634968769    1814110122  2.857        1054701            0.415        100.0
gen_3_11_01              398.921436   636381192    1814309686  2.851        1055647            0.416        100.0
gen_3_11_02              399.088463   636633061    1813498460  2.849        1053848            0.415        100.0
gen_max_00               967.463513  1543537943    4352457774  2.820        2853419            0.447        100.0
gen_max_01               967.815495  1543978918    4353571610  2.820        2854396            0.447        100.0
many_ones_00             969.191550  1546325903    4374564452  2.829        2960639            0.460        100.0
many_ones_01             929.370078  1482684064    4162442084  2.807        2368137            0.400        100.0
medium_00                 10.881237    17353578      49534927  2.854          41651            0.557        100.0
medium_01                  6.394054    10191320      28409519  2.788          29271            0.640        100.0
medium_02                 10.253977    16352524      46741238  2.858          37598            0.542        100.0
random_00                877.181339  1399297934    3919109983  2.801        2306188            0.417        100.0
random_01                905.510389  1444574046    4050895953  2.804        2477007            0.428        100.0
random_02                428.957500   684206613    1956512844  2.860        1231292            0.437        100.0
random_03                434.684535   693451155    1989611504  2.869        1279894            0.444        100.0
random_04                406.431590   648260717    1851704357  2.856        1104792            0.423        100.0
small_00                   0.988039     1562169       2416183  1.547           6578            1.184        100.0
small_01                   0.989071     1563690       2410547  1.542           6446            1.162        100.0
small_02                   0.979702     1548509       2414550  1.559           6471            1.165        100.0
small_03                   1.001112     1582348       2413417  1.525           6550            1.180        100.0
small_04                   1.012060     1599242       2447103  1.530           6405            1.124        100.0
small_05                   0.978954     1547507       2445447  1.580           6426            1.128        100.0
small_06                   1.001697     1583379       2414031  1.525           6494            1.169        100.0
small_07                   0.999881     1580785       2434818  1.540           6624            1.180        100.0
small_08                   1.001694     1583190       2429630  1.535           6559            1.171        100.0
small_09                   0.978072     1545347       2419500  1.566           6572            1.182        100.0
small_10                   0.992249     1568670       2424535  1.546           6634            1.191        100.0
small_11                   1.000366     1581340       2447220  1.548           6333            1.112        100.0
small_12                   0.988719     1562501       2416696  1.547           6471            1.165        100.0
small_13                   0.987094     1560006       2417645  1.550           6596            1.187        100.0
small_14                   0.990593     1566019       2465385  1.574           6518            1.136        100.0
small_15                   0.989248     1563298       2476314  1.584           6606            1.147        100.0
small_16                   0.972994     1538445       2417030  1.571           6486            1.167        100.0
small_and_large_00       418.247125   667545542    1872454594  2.805        1150151            0.487        100.0
small_and_large_01       775.389140  1237007015    3438828959  2.780        1702799            0.371        100.0
small_and_large_02       418.968375   668712451    1876648540  2.806        1686932            0.712        100.0
small_and_large_03       778.197859  1241210918    3438503577  2.770        1711160            0.373        100.0
small_values_00          771.557526  1230704992    3452584896  2.805         879260            0.195        100.0

submissions/convolution/convolution_F_2_64/Rohan_Kapri.cpp
SHA-256: 96d9817a3b9d196975a289dde6e7ac224ce5554645a3fd12d085eacccc93582e
case                task-clock (ms)      cycles  instructions    IPC  branch-misses  branch-miss (%)  running (%)
max (many_ones_00)       969.442882           -             -      -              -                -            -
sum                    18424.545508           -             -      -              -                -            -
example_00                 1.024198     1619595       2459858  1.519           6645            1.165        100.0
example_01                 1.003505     1587022       2465586  1.554           6621            1.154        100.0
all_ones_00              921.462856  1470166730    4252190121  2.892        2156677            0.339        100.0
all_same_00              737.828425  1177066446    3304446270  2.807         565962            0.132        100.0
all_same_01              903.853245  1442031352    4234888001  2.937        1533716            0.243        100.0
gen_2_17_00              220.008867   351133890    1024046680  2.916         717403            0.470        100.0
gen_2_17_01              220.215457   351481171    1024105330  2.914         717001            0.469        100.0
gen_2_17_02              223.308376   356310448    1032567922  2.898         716840            0.464        100.0
gen_2_18_00              459.580712   733179086    2110947300  2.879        1425830            0.457        100.0
gen_2_18_01              459.104301   732411057    2111346234  2.883        1424458            0.456        100.0
gen_2_18_02              464.581992   741079611    2127845533  2.871        1422750            0.451        100.0
gen_2_x_3_11_00          841.137422  1341841790    3756963458  2.800        2111912            0.405        100.0
gen_2_x_3_11_01          844.953005  1347831775    3762479605  2.792        2120900            0.406        100.0
gen_2_x_3_11_02          842.815216  1344457645    3757420542  2.795        2108950            0.404        100.0
gen_3_11_00              397.244030   633679598    1813568215  2.862        1051295            0.414        100.0
gen_3_11_01              399.449150   637197119    1813844650  2.847        1055468            0.416        100.0
gen_3_11_02              398.706959   636012854    1813751031  2.852        1055485            0.416        100.0
gen_max_00               967.524640  1543632967    4350703821  2.818        2845435            0.446        100.0
gen_max_01               963.490213  1537162333    4351581894  2.831        2860742            0.448        100.0
many_ones_00             969.442882  1546630654    4374798402  2.829        2955158            0.459        100.0
many_ones_01             929.419048  1482768081    4163987700  2.808        2371310            0.400        100.0
medium_00                 10.860857    17321503      49475322  2.856          41706            0.559        100.0
medium_01                  6.372170    10155335      28421425  2.799          29305            0.640        100.0
medium_02                 10.259846    16362471      46771733  2.858          37932            0.547        100.0
random_00                879.692177  1403457721    3918409168  2.792        2301927            0.416        100.0
random_01                902.230665  1439374285    4050465735  2.814        2476016            0.428        100.0
random_02                428.401451   683416572    1955586320  2.861        1235002            0.439        100.0
random_03                436.969477   697091290    1989500813  2.854        1279075            0.444        100.0
random_04                408.101033   651011588    1851680047  2.844        1103001            0.422        100.0
small_00                   0.994959     1572247       2462312  1.566           6547            1.142        100.0
small_01                   1.007739     1593191       2460215  1.544           6553            1.144        100.0
small_02                   0.965301     1525772       2417044  1.584           6506            1.171        100.0
small_03                   1.015786     1605267       2427237  1.512           6598            1.179        100.0
small_04                   0.989248     1564105       2417922  1.546           6504            1.170        100.0
small_05                   0.981616     1552089       2455651  1.582           6582            1.152        100.0
small_06                   0.993666     1570773       2420070  1.541           6649            1.195        100.0
small_07                   0.994444     1572001       2401475  1.528           6486            1.174        100.0
small_08                   0.998161     1578278       2420164  1.533           6592            1.185        100.0
small_09                   1.013025     1601599       2433117  1.519           6593            1.176        100.0
small_10                   1.031317     1631223       2423686  1.486           6635            1.191        100.0
small_11                   0.973021     1538254       2418566  1.572           6453            1.160        100.0
small_12                   1.000080     1580809       2423058  1.533           6607            1.187        100.0
small_13                   1.016575     1607791       2472204  1.538           6602            1.149        100.0
small_14                   0.992234     1568024       2472756  1.577           6563            1.142        100.0
small_15                   0.981357     1551273       2420956  1.561           6533            1.174        100.0
small_16                   0.989067     1563653       2449115  1.566           6482            1.137        100.0
small_and_large_00       418.376048   667765455    1872472075  2.804        1149792            0.486        100.0
small_and_large_01       775.428695  1237106368    3437357744  2.779        1702834            0.371        100.0
small_and_large_02       418.592226   668103952    1876654738  2.809        1685148            0.711        100.0
small_and_large_03       775.698912  1237491145    3437720937  2.778        1709941            0.373        100.0
small_values_00          770.469856  1229157435    3453736382  2.810         886089            0.196        100.0

submissions/convolution/convolution_F_2_64/Taiki0715.cpp
SHA-256: 12ffb6da6b4861138c67935d82af04b9d49f2c142b5ae959c60654f2722b2548
case                task-clock (ms)      cycles  instructions    IPC  branch-misses  branch-miss (%)  running (%)
max (gen_max_00)        1113.088731           -             -      -              -                -            -
sum                    24744.187486           -             -      -              -                -            -
example_00                 1.066751     1687039       2473582  1.466           6967            1.227        100.0
example_01                 1.020408     1611896       2461453  1.527           6631            1.162        100.0
all_ones_00             1094.151659  1745851040    4241831833  2.430       12478766            2.578        100.0
all_same_00             1062.447219  1695273856    4069637850  2.401       12463905            2.667        100.0
all_same_01             1093.566751  1745041799    4237961229  2.429       12485524            2.584        100.0
gen_2_17_00              241.333343   385168152     962472352  2.499        3296318            3.006        100.0
gen_2_17_01              241.956396   386156718     962460675  2.492        3318409            3.027        100.0
gen_2_17_02              500.602689   798713843    1959098632  2.453        6414901            2.894        100.0
gen_2_18_00              518.435029   827094504    2027351647  2.451        6699633            2.905        100.0
gen_2_18_01              518.929355   827931360    2027356101  2.449        6702723            2.906        100.0
gen_2_18_02             1072.660243  1711570868    4126549430  2.411       13058617            2.798        100.0
gen_2_x_3_11_00         1090.486226  1740075904    4176298430  2.400       13247393            2.798        100.0
gen_2_x_3_11_01         1088.316611  1736483476    4173618732  2.403       13245860            2.801        100.0
gen_2_x_3_11_02         1085.263535  1731654837    4173587378  2.410       13255196            2.803        100.0
gen_3_11_00              505.884851   807105656    1983056499  2.457        6508009            2.895        100.0
gen_3_11_01              506.724861   808426639    1983186175  2.453        6511127            2.896        100.0
gen_3_11_02              506.783504   808503203    1983240145  2.453        6529963            2.904        100.0
gen_max_00              1113.088731  1776069117    4263068930  2.400       13618415            2.810        100.0
gen_max_01              1111.267672  1773194180    4263526674  2.404       13624656            2.810        100.0
many_ones_00            1105.149370  1763446479    4266295209  2.419       13171910            2.716        100.0
many_ones_01            1107.634595  1767362924    4224117732  2.390       13914977            2.901        100.0
medium_00                 12.680872    20226631      48570334  2.401         203413            3.507        100.0
medium_01                  6.522044    10395604      24497941  2.357         104388            3.389        100.0
medium_02                 12.565919    20043649      48220349  2.406         201229            3.495        100.0
random_00               1096.243839  1749175172    4197566070  2.400       13343444            2.803        100.0
random_01               1098.806968  1753294322    4218173768  2.406       13429394            2.805        100.0
random_02                513.236266   818813126    2003889021  2.447        6594546            2.898        100.0
random_03                517.470176   825575978    2009032588  2.433        6635059            2.908        100.0
random_04                511.380896   815841217    1988314505  2.437        6529911            2.896        100.0
small_00                   1.018062     1610132       2422377  1.504           6660            1.197        100.0
small_01                   1.008408     1595215       2427760  1.522           6664            1.195        100.0
small_02                   1.024567     1620219       2434008  1.502           6801            1.218        100.0
small_03                   1.026341     1623252       2429959  1.497           6706            1.203        100.0
small_04                   1.009435     1595888       2471028  1.548           6641            1.156        100.0
small_05                   1.006582     1591159       2427099  1.525           6680            1.199        100.0
small_06                   1.023493     1618468       2432712  1.503           6674            1.196        100.0
small_07                   1.049944     1660882       2484231  1.496           6878            1.193        100.0
small_08                   1.047023     1655779       2483147  1.500           6640            1.152        100.0
small_09                   1.020579     1612611       2433413  1.509           6735            1.206        100.0
small_10                   1.018030     1609364       2439955  1.516           6823            1.220        100.0
small_11                   1.027214     1624264       2483198  1.529           6741            1.170        100.0
small_12                   1.012580     1601236       2424536  1.514           6638            1.193        100.0
small_13                   1.036584     1639018       2440621  1.489           6817            1.219        100.0
small_14                   1.006344     1591221       2438077  1.532           6719            1.203        100.0
small_15                   1.026749     1623462       2450435  1.509           6882            1.222        100.0
small_16                   1.020534     1613917       2439464  1.512           6842            1.224        100.0
small_and_large_00      1073.648726  1713123061    4125758476  2.408       13024738            2.791        100.0
small_and_large_01      1083.836178  1729387764    4124683012  2.385       13051469            2.799        100.0
small_and_large_02      1072.308127  1711125990    4125541936  2.411       13070831            2.801        100.0
small_and_large_03      1081.711963  1726064856    4127272675  2.391       13074347            2.800        100.0
small_values_00         1079.623244  1722672764    4134457207  2.400       12799467            2.691        100.0

submissions/convolution/convolution_F_2_64/hushuqi.cpp
SHA-256: bde764f592243827b814144f3c78d0e577361e6656ed0afb439e93ac2015ea02
case                task-clock (ms)      cycles  instructions    IPC  branch-misses  branch-miss (%)  running (%)
max (many_ones_00)       989.763696           -             -      -              -                -            -
sum                    19502.995630           -             -      -              -                -            -
example_00                 0.995674     1573372       2440500  1.551           6646            1.174        100.0
example_01                 0.988879     1562569       2409199  1.542           6569            1.182        100.0
all_ones_00              935.330990  1492210721    4287688028  2.873        1905017            0.311        100.0
all_same_00              759.817395  1212074427    3342464865  2.758         486671            0.120        100.0
all_same_01              923.485134  1473193851    4271553520  2.900        1343806            0.221        100.0
gen_2_17_00              223.377397   356510087    1030256022  2.890         699236            0.474        100.0
gen_2_17_01              223.783994   357064284    1030630044  2.886         701653            0.475        100.0
gen_2_17_02              228.805581   365176859    1038716449  2.844         704153            0.474        100.0
gen_2_18_00              468.561424   747436515    2126799186  2.845        1391869            0.462        100.0
gen_2_18_01              468.754310   747814500    2126376477  2.843        1391175            0.462        100.0
gen_2_18_02              477.416525   761649267    2143810448  2.815        1388358            0.458        100.0
gen_2_x_3_11_00          867.290349  1383483952    3791188283  2.740        2033847            0.408        100.0
gen_2_x_3_11_01          858.727946  1369892139    3790453335  2.767        2040193            0.410        100.0
gen_2_x_3_11_02          862.101088  1375188111    3789665951  2.756        2034811            0.409        100.0
gen_3_11_00              407.695973   650348168    1826647356  2.809        1018746            0.420        100.0
gen_3_11_01              406.678681   648722136    1826776653  2.816        1021151            0.421        100.0
gen_3_11_02              406.497757   648442389    1827262483  2.818        1025153            0.423        100.0
gen_max_00               988.342329  1576768016    4388946993  2.784        2766887            0.450        100.0
gen_max_01               983.815593  1569588332    4388721540  2.796        2768812            0.450        100.0
many_ones_00             989.763696  1579085654    4411977897  2.794        2866193            0.462        100.0
many_ones_01             953.251115  1520664967    4203459572  2.764        2281490            0.400        100.0
medium_00                 11.042979    17600266      49499959  2.812          45507            0.632        100.0
medium_01                  6.492586    10348381      28332442  2.738          32215            0.725        100.0
medium_02                 10.495650    16738320      46704682  2.790          41432            0.623        100.0
random_00                895.777486  1428970116    3953054601  2.766        2226811            0.420        100.0
random_01                925.528018  1476427102    4084778793  2.767        2406321            0.433        100.0
random_02                436.555704   696340861    1970219356  2.829        1205167            0.446        100.0
random_03                444.101235   708497519    2004738727  2.830        1236662            0.446        100.0
random_04                416.094736   663759027    1865351895  2.810        1067150            0.427        100.0
small_00                   1.010406     1596993       2390485  1.497           6476            1.177        100.0
small_01                   0.977782     1545699       2398850  1.552           6597            1.196        100.0
small_02                   1.009663     1596529       2447824  1.533           6614            1.161        100.0
small_03                   1.010628     1597745       2448822  1.533           6540            1.148        100.0
small_04                   0.976792     1544281       2391542  1.549           6477            1.177        100.0
small_05                   1.002225     1583863       2442696  1.542           6554            1.152        100.0
small_06                   0.997966     1578299       2444240  1.549           6505            1.143        100.0
small_07                   0.967686     1529098       2403881  1.572           6589            1.193        100.0
small_08                   1.003743     1586396       2394956  1.510           6500            1.180        100.0
small_09                   0.999904     1580774       2400757  1.519           6665            1.208        100.0
small_10                   0.995378     1573576       2452933  1.559           6530            1.144        100.0
small_11                   0.979502     1548384       2404681  1.553           6551            1.185        100.0
small_12                   0.969130     1531831       2401427  1.568           6624            1.199        100.0
small_13                   0.980507     1550358       2399075  1.547           6578            1.192        100.0
small_14                   1.018005     1609695       2417628  1.502           6604            1.185        100.0
small_15                   0.982143     1552626       2458308  1.583           6688            1.170        100.0
small_16                   1.001317     1582162       2454049  1.551           6623            1.160        100.0
small_and_large_00       760.455809  1213754226    2449532728  2.018        1161790            0.490        100.0
small_and_large_01       792.133832  1263728960    3468438083  2.745        1618480            0.372        100.0
small_and_large_02       767.163005  1224508156    2460447095  2.009        1692248            0.713        100.0
small_and_large_03       793.838845  1266321145    3467268019  2.738        1621003            0.373        100.0
small_values_00          790.951138  1261653274    3490305145  2.766         793950            0.186        100.0

submissions/convolution/convolution_F_2_64/isaunoya.cpp
SHA-256: 1e553f90b8518c8d9730973ae51452fd71cf97ff94713129b02350e960273536
case                task-clock (ms)      cycles  instructions    IPC  branch-misses  branch-miss (%)  running (%)
max (many_ones_00)      1153.236302           -             -      -              -                -            -
sum                    22669.021744           -             -      -              -                -            -
example_00                 0.999553     1580315       2465414  1.560           6555            1.142        100.0
example_01                 0.965151     1525014       2423455  1.589           6588            1.178        100.0
all_ones_00             1104.700532  1762692336    4683250246  2.657        2502035            0.308        100.0
all_same_00              923.412011  1473249227    3740993253  2.539         813691            0.135        100.0
all_same_01             1086.311910  1733382266    4669700826  2.694        1767484            0.219        100.0
gen_2_17_00              259.747982   414569371    1120163568  2.702         785904            0.410        100.0
gen_2_17_01              259.916552   414846816    1120052760  2.700         783301            0.408        100.0
gen_2_17_02              263.053264   419842749    1130012743  2.692         784253            0.404        100.0
gen_2_18_00              544.711424   869166701    2314910566  2.663        1574985            0.399        100.0
gen_2_18_01              544.048801   868091049    2315257486  2.667        1568837            0.397        100.0
gen_2_18_02              551.565518   880081726    2334418940  2.653        1567215            0.393        100.0
gen_2_x_3_11_00         1021.735299  1630268762    4191508145  2.571        2399967            0.345        100.0
gen_2_x_3_11_01         1024.347024  1634444762    4188193811  2.562        2384400            0.343        100.0
gen_2_x_3_11_02         1023.791092  1633480330    4189634905  2.565        2402895            0.346        100.0
gen_3_11_00              483.714289   771779136    2016573661  2.613        1198439            0.357        100.0
gen_3_11_01              481.867999   768867103    2016734272  2.623        1191354            0.355        100.0
gen_3_11_02              480.803529   767132672    2016699916  2.629        1184424            0.353        100.0
gen_max_00              1147.394774  1830844591    4785194878  2.614        3147318            0.387        100.0
gen_max_01              1146.545677  1829409913    4785017948  2.616        3167470            0.389        100.0
many_ones_00            1153.236302  1840164405    4808910009  2.613        3252305            0.397        100.0
many_ones_01            1109.619999  1770476401    4596853708  2.596        2620868            0.341        100.0
medium_00                 12.693595    20247005      53977370  2.666          46350            0.499        100.0
medium_01                  7.216381    11503521      30487968  2.650          31454            0.579        100.0
medium_02                 12.073246    19256984      51182427  2.658          42065            0.482        100.0
random_00               1057.991745  1687968893    4350946513  2.578        2600609            0.358        100.0
random_01               1083.927655  1729575118    4482227559  2.592        2766386            0.367        100.0
random_02                511.719638   816496513    2159802335  2.645        1380749            0.379        100.0
random_03                520.224996   830152613    2193686123  2.643        1406140            0.379        100.0
random_04                491.163764   783605319    2055057690  2.623        1243837            0.362        100.0
small_00                   1.007274     1592882       2464595  1.547           6640            1.158        100.0
small_01                   1.015980     1606117       2469168  1.537           6655            1.159        100.0
small_02                   1.003990     1586795       2421875  1.526           6648            1.194        100.0
small_03                   0.979538     1548703       2420080  1.563           6573            1.182        100.0
small_04                   1.025077     1620950       2485082  1.533           6646            1.151        100.0
small_05                   1.015018     1604555       2468017  1.538           6652            1.159        100.0
small_06                   1.069074     1690726       2435239  1.440           6645            1.184        100.0
small_07                   0.987627     1560695       2418142  1.549           6550            1.178        100.0
small_08                   1.001536     1583383       2420880  1.529           6642            1.194        100.0
small_09                   0.968961     1531587       2414477  1.576           6507            1.172        100.0
small_10                   0.997196     1576386       2424526  1.538           6616            1.187        100.0
small_11                   0.999674     1580173       2424746  1.534           6620            1.189        100.0
small_12                   0.999690     1580532       2416321  1.529           6531            1.175        100.0
small_13                   0.991761     1567294       2472838  1.578           6616            1.151        100.0
small_14                   1.001361     1583573       2473556  1.562           6598            1.147        100.0
small_15                   1.003103     1586236       2473959  1.560           6557            1.140        100.0
small_16                   1.005008     1588936       2471838  1.556           6683            1.163        100.0
small_and_large_00       731.330333  1167295123    2658234042  2.277        1202721            0.218        100.0
small_and_large_01       963.252147  1536825065    3866601074  2.516        2015144            0.319        100.0
small_and_large_02       730.915219  1166647425    2662428489  2.282        1695791            0.307        100.0
small_and_large_03       959.628633  1531062769    3869805668  2.528        1985952            0.314        100.0
small_values_00          957.323842  1527452209    3889061938  2.546        1144135            0.182        100.0

src/convolution/convolution_F_2_64/main.cxx
SHA-256: 27e3549e53001cfc225a7a0b6e4253cf457364f17aa65334c5dc760c91d5802b
case                task-clock (ms)     cycles  instructions    IPC  branch-misses  branch-miss (%)  running (%)
max (all_ones_00)        597.895163          -             -      -              -                -            -
sum                    12579.787385          -             -      -              -                -            -
example_00                 0.834867    1316857       1790778  1.360           5436            1.350        100.0
example_01                 0.838026    1321990       1789394  1.354           5581            1.386        100.0
all_ones_00              597.895163  953294407    2526158510  2.650         493847            0.193        100.0
all_same_00              558.209303  889883418    2456996064  2.761         485455            0.195        100.0
all_same_01              574.181363  915443771    2524596609  2.758         493152            0.193        100.0
gen_2_17_00              124.866245  199264983     572513649  2.873         139303            0.241        100.0
gen_2_17_01              123.136540  196546151     572216929  2.911         140417            0.244        100.0
gen_2_17_02              125.155866  199752576     575991154  2.884         143004            0.246        100.0
gen_2_18_00              265.436938  423242956    1207070429  2.852         275368            0.227        100.0
gen_2_18_01              266.160276  424596675    1207091108  2.843         266106            0.219        100.0
gen_2_18_02              268.598893  428325722    1215079437  2.837         271953            0.222        100.0
gen_2_x_3_11_00          573.758278  915080589    2507854294  2.741         513674            0.204        100.0
gen_2_x_3_11_01          573.198324  914199820    2507261394  2.743         536339            0.213        100.0
gen_2_x_3_11_02          572.349877  912707157    2507226845  2.747         525334            0.208        100.0
gen_3_11_00              262.148278  418154001    1188689559  2.843         265968            0.222        100.0
gen_3_11_01              261.153386  416606326    1188879195  2.854         263863            0.220        100.0
gen_3_11_02              260.864975  416064111    1188623711  2.857         257320            0.215        100.0
gen_max_00               591.319138  943013059    2543972299  2.698         546613            0.214        100.0
gen_max_01               580.066430  925064947    2545045135  2.751         561899            0.220        100.0
many_ones_00             582.231513  928426526    2545193901  2.741         484167            0.190        100.0
many_ones_01             595.986429  950553254    2528137648  2.660        1488520            0.585        100.0
medium_00                  6.563321   10461036      29250834  2.796          18248            0.572        100.0
medium_01                  3.595815    5724729      14833604  2.591          14958            0.863        100.0
medium_02                  6.528796   10406829      29052574  2.792          18523            0.585        100.0
random_00                575.959282  918602761    2517068870  2.740         537918            0.213        100.0
random_01                577.524032  920953342    2525387082  2.742         539425            0.213        100.0
random_02                263.965228  421088437    1197648267  2.844         269685            0.224        100.0
random_03                265.284176  423099370    1199744360  2.836         270376            0.224        100.0
random_04                264.037555  421202340    1191627469  2.829         266498            0.222        100.0
small_00                   0.836177    1319097       1797690  1.363           5546            1.365        100.0
small_01                   0.811478    1279535       1752166  1.369           5538            1.424        100.0
small_02                   0.789293    1244886       1781634  1.431           5503            1.366        100.0
small_03                   0.849196    1340143       1747172  1.304           5516            1.422        100.0
small_04                   0.819547    1293040       1748168  1.352           5493            1.414        100.0
small_05                   0.828050    1305777       1754386  1.344           5597            1.438        100.0
small_06                   0.821231    1295480       1753416  1.353           5572            1.433        100.0
small_07                   0.803199    1266534       1754228  1.385           5569            1.431        100.0
small_08                   0.787194    1241153       1748216  1.409           5294            1.365        100.0
small_09                   0.838316    1322853       1753683  1.326           5616            1.444        100.0
small_10                   0.831253    1311640       1747882  1.333           5505            1.418        100.0
small_11                   0.796572    1256622       1747761  1.391           5358            1.382        100.0
small_12                   0.842880    1330566       1758979  1.322           5561            1.417        100.0
small_13                   0.803315    1267159       1754000  1.384           5599            1.439        100.0
small_14                   0.818814    1291765       1754173  1.358           5624            1.445        100.0
small_15                   0.789381    1244857       1753343  1.408           5525            1.421        100.0
small_16                   0.809209    1276007       1754849  1.375           5627            1.446        100.0
small_and_large_00       572.160682  912588714    2487805585  2.726         513748            0.205        100.0
small_and_large_01       568.798709  907186689    2488053256  2.743         514779            0.206        100.0
small_and_large_02       564.838075  901004455    2488533443  2.762         520941            0.208        100.0
small_and_large_03       563.815491  899267584    2487918898  2.767         522914            0.209        100.0
small_values_00          574.451010  916168351    2510754281  2.740         519619            0.206        100.0
