case                   task-clock (ms)     cycles  instructions    IPC  branch-misses  branch-miss (%)  running (%)
max (short_period_00)        53.389528          -             -      -              -                -            -
sum                         643.665507          -             -      -              -                -            -
example_00                    0.875148    1641293       1623259  0.989           5465            1.543        100.0
example_01                    0.857869    1608510       1582972  0.984           5408            1.585        100.0
bad_failure_link_00          33.413975   63322562     141095575  2.228         141990            0.683        100.0
binary_00                    17.239248   32661701      71555855  2.191          11803            0.118        100.0
binary_01                    16.496335   31253196      69784494  2.233          11772            0.118        100.0
binary_02                    17.431558   33026771      71013300  2.150          12144            0.120        100.0
binary_03                    16.633363   31493469      69257907  2.199          12265            0.122        100.0
random_00                    20.324412   38510070      81058130  2.105         245333            1.916        100.0
random_01                    23.897541   45282832      96081830  2.122         290189            1.921        100.0
random_small_sigma_00        25.133540   47625121      81053419  1.702         455791            3.528        100.0
random_small_sigma_01        29.600215   56092345      95904469  1.710         539246            3.536        100.0
short_period_00              53.389528  101188114     198323866  1.960         267180            0.886        100.0
short_period_01              38.574394   73085356     134746402  1.844         262897            1.377        100.0
short_period_02              53.074103  100590247     198443526  1.973         266202            0.882        100.0
short_period_03              38.407075   72787961     134351351  1.846         263448            1.387        100.0
short_period_04              52.773093  100005882     197243315  1.972         270090            0.900        100.0
short_period_05              34.972873   66277348     133526190  2.015         261104            1.384        100.0
short_period_06              52.209777   98930662     195357494  1.975         274537            0.927        100.0
short_period_07              35.016587   66358056     133233848  2.008         263059            1.398        100.0
short_period_08              24.337180   46099299      99867492  2.166         260441            1.576        100.0
short_period_09              18.758255   35540064      75525957  2.125         259817            1.994        100.0
small_all_00                 15.752743   29843512      59790564  2.003         223010            2.190        100.0
small_all_01                 12.447372   23576853      45347828  1.923         176098            2.269        100.0
small_all_02                 12.049323   22821456      46651291  2.044         148502            1.863        100.0
