case                      task-clock (ms)     cycles  instructions    IPC  branch-misses  branch-miss (%)  running (%)
max (unique_matching_00)       122.218783          -             -      -              -                -            -
sum                           1713.832099          -             -      -              -                -            -
example_00                       0.845839    1585435       1616529  1.020           5464            1.550        100.0
augmented_cycle_00             106.617515  202055267     182056882  0.901        1926862            8.425        100.0
augmented_cycle_01              94.497952  178975004     160885081  0.899        1747484            8.625        100.0
augmented_cycle_02              93.096587  176424630     156713489  0.888        1708021            8.638        100.0
cycle_00                       107.183283  203129756     165866427  0.817         496193            2.353        100.0
cycle_01                        84.108560  159402125     142989993  0.897         429641            2.359        100.0
issue1068_00                     0.917468    1721704       1676981  0.974           5674            1.570        100.0
issue1068_large_00              13.250974   25101402      39612673  1.578          11587            0.239        100.0
issue1068_large_01              12.176556   23065391      34167249  1.481          11670            0.290        100.0
issue1068_large_02              19.035907   36067000      40222696  1.115          93025            1.863        100.0
issue1068_large_03              12.311005   23319036      34180328  1.466          11533            0.287        100.0
issue1068_large_04              11.661426   22073949      33729009  1.528          11521            0.297        100.0
issue1068_large_05              16.991209   32190556      34377739  1.068          56409            1.386        100.0
issue1124_00                    21.039068   39862920      39527729  0.992         121793            2.538        100.0
issue1124_01                    11.542972   21863041      35128293  1.607          11410            0.265        100.0
issue1124_02                     9.416725   17832523      26662335  1.495          11024            0.362        100.0
kuhn_killer_00                  15.455532   29280643      49843770  1.702          12849            0.205        100.0
line_00                         17.679909   33496781      36424755  1.087          63222            1.489        100.0
line_01                         17.607360   33359660      36487741  1.094          63727            1.495        100.0
line_random_00                 101.412620  192182697     164295690  0.855         478662            2.302        100.0
line_random_01                 100.120686  189754248     161297765  0.850         439078            2.161        100.0
many_paths_00                   47.300676   89644990      79271594  0.884         797162            7.847        100.0
many_paths_01                   59.839656  113413789     100880164  0.889        1075754            8.482        100.0
many_paths_02                   47.121429   89246844      78700528  0.882         762206            7.531        100.0
many_smalls_00                  23.700363   44892311      44966817  1.002         375888            6.796        100.0
many_smalls_01                  24.094294   45613613      45148495  0.990         380888            6.831        100.0
max_random_00                   37.509795   71086048      76316550  1.074         631649            6.658        100.0
max_random_01                   32.362637   61328837      56832576  0.927         564611            7.840        100.0
max_random_02                   36.750429   69630732      75188983  1.080         633636            6.766        100.0
random_00                        4.877137    9226907      11602465  1.257          57756            3.022        100.0
random_01                       12.918508   24470148      27017480  1.104         194546            5.493        100.0
random_02                       16.233977   30741234      29858363  0.971         285215            7.199        100.0
random_03                       13.412841   25407553      29093954  1.145         201453            5.399        100.0
random_04                        6.200647   11736031      14542497  1.239          54758            2.404        100.0
random_05                        6.993171   13237766      13648637  1.031         125759            6.232        100.0
random_06                       29.218987   55346443      52908954  0.956         538095            8.169        100.0
random_07                        7.787640   14744592      17501386  1.187         108355            3.882        100.0
random_08                       11.445736   21678633      27864426  1.285          66365            2.236        100.0
random_09                       12.981424   24589120      27120871  1.103         191852            5.469        100.0
unique_matching_00             122.218783  231646505     205217669  0.886        2153074            8.318        100.0
unique_matching_01              86.938730  164743838     150372997  0.913        1812703            9.469        100.0
unique_matching_02              78.606595  148971510     137598059  0.924        1483707            8.504        100.0
unique_matching_03              67.011789  126994714     116053811  0.914        1068930            7.233        100.0
unique_matching_04              61.337702  116228008     128322537  1.104         820610            5.075        100.0
