case                                task-clock (ms)    cycles  instructions    IPC  branch-misses  branch-miss (%)  running (%)
max (nontrivial_frobenius_form_02)        19.610178         -             -      -              -                -            -
sum                                      367.725366         -             -      -              -                -            -
example_00                                 0.893595   1676589       1654424  0.987           5680            1.590        100.0
example_01                                 0.871667   1634585       1627256  0.996           5371            1.524        100.0
example_02                                 0.927950   1741640       1718746  0.987           5706            1.576        100.0
frobenius_hack_00                          0.915715   1716461       1626618  0.948           5408            1.534        100.0
lowrank_max_random_00                     15.364888  29093811      71239710  2.449          21837            0.554        100.0
lowrank_max_random_01                     14.380048  27241231      68123841  2.501          21951            0.585        100.0
max_random_00                             15.439052  29248781      68715900  2.349          19331            0.491        100.0
max_random_01                             15.550335  29458604      68778028  2.335          19198            0.487        100.0
max_random_02                             15.514071  29389920      68818822  2.342          19671            0.499        100.0
max_random_03                             15.527447  29415135      68739803  2.337          19497            0.495        100.0
max_random_worst_00                       15.430896  29232905      68875085  2.356          19127            0.486        100.0
max_random_worst_01                       15.539953  29439805      68914970  2.341          19024            0.481        100.0
max_random_worst_02                       15.407565  29188628      68863453  2.359          19009            0.483        100.0
max_random_worst_03                       15.520525  29403124      68913070  2.344          18883            0.478        100.0
nontrivial_frobenius_form_00               1.808041   3409280       4357179  1.278           7606            0.975        100.0
nontrivial_frobenius_form_01              16.809547  31845967      74126108  2.328          22265            0.469        100.0
nontrivial_frobenius_form_02              19.610178  37154470      87776575  2.362          22396            0.431        100.0
nontrivial_frobenius_form_03              18.787959  35595793      84126036  2.363          20922            0.437        100.0
nontrivial_frobenius_form_04              18.627263  35279542      84050672  2.382          20684            0.442        100.0
nontrivial_frobenius_form_05              15.433681  29237278      68738593  2.351          19304            0.490        100.0
nontrivial_frobenius_form_06              17.304763  32770935      78233100  2.387          20956            0.498        100.0
nontrivial_frobenius_form_07              18.068139  34231678      81931097  2.393          19927            0.466        100.0
nontrivial_frobenius_form_08              18.440445  34936758      83307680  2.385          20606            0.462        100.0
nontrivial_frobenius_form_09              18.545972  35137545      83593855  2.379          21124            0.460        100.0
perm_max_random_00                         1.788944   3373338       4227461  1.253           7501            0.990        100.0
perm_max_random_01                         1.731240   3264036       4218198  1.292           7485            0.984        100.0
random_00                                 12.458375  23597233      53296093  2.259          17568            0.563        100.0
random_01                                 15.699993  29742438      70623944  2.375          18907            0.475        100.0
random_02                                  2.728580   5154696       9623550  1.867           9657            1.172        100.0
signed_overflow_00                         1.193673   2244768       2884201  1.285           7114            1.500        100.0
small_00                                   0.856959   1606568       1635582  1.018           5479            1.540        100.0
small_01                                   0.917740   1721247       1638251  0.952           5447            1.530        100.0
small_02                                   0.833522   1561504       1634928  1.047           5383            1.514        100.0
small_03                                   0.884200   1657001       1615585  0.975           5342            1.534        100.0
small_04                                   0.880186   1650718       1624752  0.984           5437            1.540        100.0
small_05                                   0.866384   1624682       1621220  0.998           5172            1.467        100.0
small_06                                   0.811709   1520974       1638073  1.077           5482            1.540        100.0
small_07                                   0.877606   1645508       1635729  0.994           5397            1.518        100.0
small_08                                   0.817445   1530838       1631841  1.066           5250            1.480        100.0
small_09                                   0.913087   1712845       1639742  0.957           5474            1.536        100.0
small_10                                   0.850624   1594163       1661807  1.042           5661            1.571        100.0
small_11                                   0.939662   1762930       1662105  0.943           5690            1.580        100.0
unsigned_overflow_00                       0.955742   1793126       2027935  1.131           6464            1.600        100.0
