2026-10-02 lenovo / Intel(R) Core(TM) i5-10210U CPU @ 1.60GHz
Two complete passes per binary; per case minimum task-clock; all counters from that same run.
Unchanged binaries reuse their recorded passes; each section identifies its measurement batch.
Cases: 48, including examples. Units: ms. No CPU pinning.
Compiler: g++ (GCC) 16.2.1 20260819 (Red Hat 16.2.1-2); rustc 1.98.1 (48a229cea 2026-09-01)
Build host: master (original references); fedora (GCC); fedora-toolbox-45 with host sysroot (Clang 23); glibc 2.43
Environment: Linux 7.2.8-200.fc44.x86_64; affinity [0, 1, 2, 3]; stack 268435456 bytes; bench_env OK.
cxx_flags.txt: -std=c++23 -DEVAL -DONLINE_JUDGE -Iinclude -O3 -fwhole-program -fno-exceptions -fno-rtti -march=x86-64-v3 -fno-pie -no-pie -nostdlib++ -static -lm -s
cpp_flags.txt: -std=c++23 -DEVAL -DONLINE_JUDGE -Iac-library -include cassert -O3 -fwhole-program -fno-exceptions -fno-rtti -march=x86-64-v3 -fno-pie -no-pie -static -lgmp -s
rust_flags.txt: -C opt-level=3 -C codegen-units=1 -C lto=fat -C panic=abort -C target-cpu=x86-64-v3 -C target-feature=+crt-static -C relocation-model=static -C link-arg=-Wl,-u,__cxa_thread_atexit_impl -C strip=symbols

solution                                max (ms)       sum (ms)
Anonymous                                 97.743176    2164.035731
QgQ                                      114.135372    2304.469876
Rohan_Kapri                               72.192611    1619.985054
adamant                                   72.204995    1620.002159
toomer                                    93.138846    1939.490640
crt                                       91.469300    2056.354639
crt_cpp                                  105.314149    2380.302648
fft_naive                                257.124160    5877.682128
main                                      70.209031    1576.633179
naive                                    105.317812    2392.829553
naive-clang23                             98.098215    2246.672744

submissions/convolution/convolution_mod_1000000007/Anonymous.cpp
SHA-256: 526c26ab25e28b9fa0bb8a1ac37e0c3e77061df597011e04b8a9ebc602c0af01
Measured: bench/full-20261001/stage, two complete passes; identical binary SHA-256
case                   task-clock (ms)     cycles  instructions    IPC  branch-misses  branch-miss (%)  running (%)
max (max_ans_zero_00)        97.743176          -             -      -              -                -            -
sum                        2164.035731          -             -      -              -                -            -
example_00                    1.137899    1801228       2712206  1.506           7741            1.261        100.0
example_01                    1.151759    1824027       2710159  1.486           7731            1.260        100.0
all_same_00                  89.954206  143450253     279383442  1.948          46447            0.185        100.0
all_same_01                  92.606025  147725874     316035002  2.139          44113            0.174        100.0
all_same_02                  92.540366  147620936     316863411  2.146          41772            0.164        100.0
all_same_03                  93.964066  149879226     316248716  2.110          60233            0.237        100.0
fft_killer_00                96.063275  153215748     317994499  2.075         162922            0.632        100.0
fft_killer_01                97.611892  155685388     319198175  2.050         162154            0.624        100.0
fft_killer_02                96.302600  153594597     316192576  2.059         160785            0.633        100.0
fft_killer_03                95.353634  152071237     316785584  2.083         161086            0.631        100.0
fft_killer_04                95.338282  152070938     316640013  2.082         160978            0.632        100.0
fft_killer_05                95.604917  152456457     316369614  2.075         161531            0.636        100.0
fft_killer_06                95.283491  151984013     316671947  2.084         160990            0.632        100.0
fft_killer_07                95.558197  152422813     316761067  2.078         160073            0.628        100.0
fft_killer_08                95.107665  151677479     316539849  2.087         160900            0.632        100.0
fft_killer_09                95.294070  152016812     316462430  2.082         159650            0.628        100.0
max_ans_zero_00              97.743176  155902743     316060470  2.027         284561            1.125        100.0
max_random_00                97.570661  155610740     315719325  2.029         283748            1.125        100.0
max_random_01                97.443630  155433138     315701665  2.031         283194            1.122        100.0
medium_00                     2.456002    3905555       7033346  1.801          12320            1.160        100.0
medium_01                     1.850491    2938313       5059444  1.722          11074            1.302        100.0
medium_02                     2.412643    3836138       6798128  1.772          12112            1.168        100.0
medium_all_zero_00            2.263072    3597080       6352650  1.766           9439            0.924        100.0
random_00                    86.020347  137196918     274662231  2.002         225749            1.103        100.0
random_01                    90.052346  143650579     287152596  1.999         243920            1.113        100.0
random_02                    42.475942   67745928     140066608  2.068         126936            1.153        100.0
signed_overflow_00            1.155703    1830078       2701582  1.476           8038            1.332        100.0
small_00                      1.116133    1766371       2676198  1.515           7830            1.305        100.0
small_01                      1.117781    1768999       2714811  1.535           7814            1.272        100.0
small_02                      1.156275    1830732       2680544  1.464           7786            1.295        100.0
small_03                      1.138330    1801392       2711547  1.505           7760            1.265        100.0
small_04                      1.130003    1788122       2705691  1.513           7646            1.248        100.0
small_05                      1.146261    1813960       2718002  1.498           7971            1.297        100.0
small_06                      1.131088    1789707       2663426  1.488           7739            1.300        100.0
small_07                      1.132253    1791732       2661475  1.485           7710            1.295        100.0
small_08                      1.118422    1769945       2673149  1.510           7776            1.297        100.0
small_09                      1.122559    1775982       2724433  1.534           7887            1.280        100.0
small_10                      1.102253    1744341       2718634  1.559           7877            1.281        100.0
small_11                      1.140663    1805806       2679856  1.484           7835            1.304        100.0
small_12                      1.191994    1874809       2722399  1.452           8082            1.315        100.0
small_13                      1.139092    1803250       2712982  1.504           7779            1.266        100.0
small_14                      1.142279    1808619       2711915  1.499           7796            1.270        100.0
small_15                      1.159072    1835291       2712753  1.478           7852            1.278        100.0
small_and_large_00           73.742500  117605797     228964373  1.947         161543            1.066        100.0
small_and_large_01           73.672175  117508810     228884975  1.948         161722            1.069        100.0
small_and_large_02           73.220385  116786843     228940808  1.960         159818            1.055        100.0
small_and_large_03           73.745845  117646596     228662611  1.944         158871            1.053        100.0
unsigned_overflow_00          1.154011    1826843       2686980  1.471           7864            1.311        100.0

submissions/convolution/convolution_mod_1000000007/QgQ.cpp
SHA-256: ba3b4b71dd6b4af596d1cd7385e17a6b5937f4fed20614727939dbc4c67aac9c
Measured: bench/full-20261001/stage, two complete passes; identical binary SHA-256
case                  task-clock (ms)     cycles  instructions    IPC  branch-misses  branch-miss (%)  running (%)
max (fft_killer_09)        114.135372          -             -      -              -                -            -
sum                       2304.469876          -             -      -              -                -            -
example_00                   1.018739    1610533       2423636  1.505           6897            1.238        100.0
example_01                   1.001270    1583184       2406775  1.520           6752            1.219        100.0
all_same_00                 53.279995   85035443     181390050  2.133          13113            0.106        100.0
all_same_01                112.693441  179684639     394605697  2.196          28710            0.160        100.0
all_same_02                113.005973  180170189     395266326  2.194          25575            0.142        100.0
all_same_03                113.245241  180556269     394560903  2.185          51908            0.290        100.0
fft_killer_00              113.965013  181692882     394963018  2.174         138728            0.771        100.0
fft_killer_01              113.999275  181658710     394892947  2.174         138388            0.770        100.0
fft_killer_02              113.870419  181584583     394423476  2.172         138314            0.774        100.0
fft_killer_03              113.713416  181335270     393664046  2.171         139009            0.786        100.0
fft_killer_04               96.207935  153458322     326811402  2.130         133546            0.657        100.0
fft_killer_05              113.639876  181176599     394164491  2.176         139493            0.784        100.0
fft_killer_06              113.706382  181306945     394647275  2.177         139270            0.777        100.0
fft_killer_07              113.587202  181088630     393645177  2.174         138867            0.786        100.0
fft_killer_08               96.453327  153848343     327193490  2.127         133256            0.652        100.0
fft_killer_09              114.135372  181968536     394400608  2.167         138574            0.775        100.0
max_ans_zero_00            113.806900  181453054     394586882  2.175         140088            0.783        100.0
max_random_00              113.643108  181181446     394808932  2.179         139893            0.780        100.0
max_random_01              113.842303  181523888     393951119  2.170         138500            0.780        100.0
medium_00                    2.319192    3687091       7013795  1.902           9823            1.251        100.0
medium_01                    1.785594    2834196       4980682  1.757           9102            1.264        100.0
medium_02                    2.261100    3593790       6875141  1.913           9607            1.229        100.0
medium_all_zero_00           1.290261    2044630       2984937  1.460           6977            1.127        100.0
random_00                  103.570887  165233109     367970478  2.227         111308            0.717        100.0
random_01                  106.705176  170232423     376022132  2.209         118799            0.731        100.0
random_02                   53.292729   85055913     187145328  2.200          66161            0.747        100.0
signed_overflow_00           1.034356    1635988       2433051  1.487           6913            1.239        100.0
small_00                     1.008235    1594439       2422503  1.519           6818            1.223        100.0
small_01                     0.996390    1575582       2415747  1.533           6706            1.206        100.0
small_02                     1.013984    1603569       2473119  1.542           6948            1.207        100.0
small_03                     1.023332    1618642       2416563  1.493           6666            1.199        100.0
small_04                     1.000548    1581762       2416726  1.528           6700            1.204        100.0
small_05                     1.037980    1640638       2471248  1.506           6795            1.181        100.0
small_06                     1.010161    1597262       2455665  1.537           6809            1.191        100.0
small_07                     0.988317    1562599       2452544  1.570           6820            1.194        100.0
small_08                     1.022527    1617050       2435052  1.506           6876            1.224        100.0
small_09                     1.056283    1671286       2469694  1.478           6813            1.184        100.0
small_10                     1.034013    1635349       2436341  1.490           6902            1.228        100.0
small_11                     1.005312    1589487       2465348  1.551           6875            1.197        100.0
small_12                     1.023993    1619972       2473079  1.527           6806            1.183        100.0
small_13                     1.028801    1626974       2402041  1.476           6723            1.216        100.0
small_14                     1.016347    1607457       2429359  1.511           6788            1.211        100.0
small_15                     1.027290    1624634       2429234  1.495           6809            1.214        100.0
small_and_large_00          43.009948   68625146     145597769  2.122         293041            3.074        100.0
small_and_large_01          44.879749   71626306     158458601  2.212          75665            0.924        100.0
small_and_large_02          43.190751   68929418     145631714  2.113         298605            3.130        100.0
small_and_large_03          44.988929   71784916     158461750  2.207          76850            0.939        100.0
unsigned_overflow_00         1.032504    1633061       2423575  1.484           6906            1.240        100.0

submissions/convolution/convolution_mod_1000000007/Rohan_Kapri.cpp
SHA-256: a272dc0c73915a853d49557f606f32e5d130f9de41f8461e1a455b6c35282526
Measured: bench/full-20261001/stage, two complete passes; identical binary SHA-256
case                  task-clock (ms)     cycles  instructions    IPC  branch-misses  branch-miss (%)  running (%)
max (max_random_00)         72.192611          -             -      -              -                -            -
sum                       1619.985054          -             -      -              -                -            -
example_00                   1.039227    1643593       2538826  1.545           7056            1.195        100.0
example_01                   1.062380    1680476       2549981  1.517           7132            1.203        100.0
all_same_00                 61.660807   98341641     208610457  2.121          37813            0.200        100.0
all_same_01                 68.759710  109617072     250526739  2.285          44140            0.216        100.0
all_same_02                 68.741876  109614687     250318725  2.284          58037            0.284        100.0
all_same_03                 68.947821  109945516     250556840  2.279          69342            0.339        100.0
fft_killer_00               69.975109  111600494     250515005  2.245         157255            0.769        100.0
fft_killer_01               69.761877  111243836     250104218  2.248         157420            0.773        100.0
fft_killer_02               69.800856  111322683     250087779  2.247         157497            0.774        100.0
fft_killer_03               70.076297  111762477     250327856  2.240         157288            0.771        100.0
fft_killer_04               69.851487  111371724     250107522  2.246         158931            0.780        100.0
fft_killer_05               69.923530  111519792     250460459  2.246         157838            0.773        100.0
fft_killer_06               69.983035  111585667     250351915  2.244         158513            0.777        100.0
fft_killer_07               69.719536  111168029     250109771  2.250         156883            0.770        100.0
fft_killer_08               69.912142  111499906     250046036  2.243         156608            0.770        100.0
fft_killer_09               69.676288  111123809     250206790  2.252         156765            0.769        100.0
max_ans_zero_00             72.084493  114950661     249995213  2.175         281647            1.384        100.0
max_random_00               72.192611  115108150     250277680  2.174         282676            1.385        100.0
max_random_01               72.075041  114908285     250041614  2.176         281888            1.385        100.0
medium_00                    2.078758    3303191       6016049  1.821          11700            1.244        100.0
medium_01                    1.629500    2585570       4428682  1.713           9900            1.248        100.0
medium_02                    2.013890    3199454       5712962  1.786          11339            1.281        100.0
medium_all_zero_00           1.934083    3071369       5322234  1.733           8870            0.983        100.0
random_00                   67.160848  107109272     223192573  2.084         224399            1.325        100.0
random_01                   68.956090  109973602     231995712  2.110         241380            1.332        100.0
random_02                   33.222754   52976162     115647650  2.183         126470            1.295        100.0
signed_overflow_00           1.045174    1653789       2585204  1.563           7215            1.211        100.0
small_00                     1.044493    1651547       2515127  1.523           7067            1.219        100.0
small_01                     1.035029    1636440       2551806  1.559           7160            1.207        100.0
small_02                     1.025102    1620995       2552045  1.574           7032            1.185        100.0
small_03                     1.043929    1651314       2503215  1.516           7044            1.225        100.0
small_04                     1.064347    1684095       2509042  1.490           7043            1.217        100.0
small_05                     1.034634    1636418       2533073  1.548           7047            1.195        100.0
small_06                     1.075348    1701454       2504768  1.472           7136            1.240        100.0
small_07                     1.052602    1665358       2495365  1.498           6852            1.194        100.0
small_08                     1.039526    1644317       2514336  1.529           7120            1.229        100.0
small_09                     1.034641    1636985       2530706  1.546           7013            1.191        100.0
small_10                     1.028410    1626191       2547935  1.567           7050            1.190        100.0
small_11                     1.060980    1678393       2557651  1.524           7171            1.206        100.0
small_12                     1.068778    1691361       2505312  1.481           7035            1.222        100.0
small_13                     1.058808    1675485       2516142  1.502           7084            1.222        100.0
small_14                     1.038758    1642529       2496734  1.520           6989            1.213        100.0
small_15                     1.068694    1690206       2518999  1.490           7113            1.226        100.0
small_and_large_00          60.137829   95896930     190193742  1.983         160478            1.301        100.0
small_and_large_01          59.955117   95617467     189932563  1.986         160895            1.309        100.0
small_and_large_02          59.414641   94785667     188354942  1.987         157958            1.296        100.0
small_and_large_03          59.338168   94645240     188652814  1.993         157371            1.285        100.0
unsigned_overflow_00         1.080000    1707833       2547495  1.492           7128            1.210        100.0

submissions/convolution/convolution_mod_1000000007/adamant.cpp
SHA-256: a272dc0c73915a853d49557f606f32e5d130f9de41f8461e1a455b6c35282526
Measured: bench/full-20261001/stage, two complete passes; identical binary SHA-256
case                   task-clock (ms)     cycles  instructions    IPC  branch-misses  branch-miss (%)  running (%)
max (max_ans_zero_00)        72.204995          -             -      -              -                -            -
sum                        1620.002159          -             -      -              -                -            -
example_00                    1.045394    1652645       2512067  1.520           7260            1.259        100.0
example_01                    1.029246    1627964       2547402  1.565           7017            1.185        100.0
all_same_00                  61.285279   97771249     208985080  2.137          38412            0.202        100.0
all_same_01                  68.357724  109019261     250093684  2.294          42982            0.211        100.0
all_same_02                  68.479194  109212462     250043369  2.290          57140            0.281        100.0
all_same_03                  68.830244  109742182     250141076  2.279          69008            0.339        100.0
fft_killer_00                70.391769  112226693     250170591  2.229         157669            0.774        100.0
fft_killer_01                70.229211  111967243     250386202  2.236         157209            0.771        100.0
fft_killer_02                70.325119  112142171     250055136  2.230         158067            0.777        100.0
fft_killer_03                69.821227  111355104     250067463  2.246         156887            0.771        100.0
fft_killer_04                69.774184  111280880     250062226  2.247         157884            0.776        100.0
fft_killer_05                69.899182  111463499     250521950  2.248         157857            0.772        100.0
fft_killer_06                69.637302  111062135     250057246  2.252         157326            0.773        100.0
fft_killer_07                69.715593  111171371     250170180  2.250         156131            0.766        100.0
fft_killer_08                70.070835  111738191     250068186  2.238         157001            0.772        100.0
fft_killer_09                69.802774  111308431     250076199  2.247         154347            0.758        100.0
max_ans_zero_00              72.204995  115132161     250031066  2.172         282528            1.388        100.0
max_random_00                71.939429  114707469     250017869  2.180         280287            1.377        100.0
max_random_01                72.141614  115023946     250025586  2.174         281757            1.384        100.0
medium_00                     2.111342    3355704       5989274  1.785          11794            1.271        100.0
medium_01                     1.603204    2544059       4400273  1.730           9848            1.265        100.0
medium_02                     2.044917    3249046       5710510  1.758          11347            1.283        100.0
medium_all_zero_00            1.929343    3064014       5284349  1.725           8829            0.994        100.0
random_00                    67.242090  107207092     223339355  2.083         224825            1.326        100.0
random_01                    69.058839  110093486     231984774  2.107         241370            1.332        100.0
random_02                    33.118920   52793494     115667587  2.191         126557            1.295        100.0
signed_overflow_00            1.060612    1677654       2530410  1.508           7143            1.238        100.0
small_00                      1.061788    1680124       2504388  1.491           7135            1.240        100.0
small_01                      1.057358    1672101       2555153  1.528           7140            1.202        100.0
small_02                      1.067786    1689083       2546522  1.508           7054            1.191        100.0
small_03                      1.056254    1670588       2554688  1.529           7149            1.204        100.0
small_04                      1.033716    1635222       2514416  1.538           7153            1.234        100.0
small_05                      1.057983    1673401       2505282  1.497           7086            1.231        100.0
small_06                      1.030300    1629846       2554072  1.567           7202            1.213        100.0
small_07                      1.072317    1697051       2515792  1.482           7054            1.217        100.0
small_08                      1.036320    1638916       2496686  1.523           6977            1.215        100.0
small_09                      1.061026    1678866       2506397  1.493           7126            1.238        100.0
small_10                      1.067289    1687877       2512989  1.489           7060            1.218        100.0
small_11                      1.023240    1618339       2518361  1.556           7167            1.235        100.0
small_12                      1.041462    1647639       2497963  1.516           7009            1.220        100.0
small_13                      1.086364    1718338       2541714  1.479           7168            1.216        100.0
small_14                      1.097055    1736592       2543157  1.464           7129            1.209        100.0
small_15                      1.064923    1685014       2496154  1.481           7137            1.239        100.0
small_and_large_00           59.826743   95426284     189864711  1.990         159822            1.301        100.0
small_and_large_01           59.892725   95533845     189891481  1.988         161156            1.312        100.0
small_and_large_02           59.416873   94770461     188391999  1.988         159061            1.303        100.0
small_and_large_03           59.753489   95282204     188504710  1.978         159561            1.306        100.0
unsigned_overflow_00          1.047566    1656666       2508255  1.514           7066            1.229        100.0

submissions/convolution/convolution_mod_1000000007/toomer.rs
SHA-256: bd405681aac4e6597a6c2a4a89962b0be1fe59652c59caa5833c6e2df5cdb103
Measured: bench/full-20261001/stage, two complete passes; identical binary SHA-256
case                  task-clock (ms)     cycles  instructions    IPC  branch-misses  branch-miss (%)  running (%)
max (all_same_00)           93.138846          -             -      -              -                -            -
sum                       1939.490640          -             -      -              -                -            -
example_00                   0.995928    1574218       2045367  1.299           7254            1.581        100.0
example_01                   1.009228    1596191       2110051  1.322           7417            1.543        100.0
all_same_00                 93.138846  148576082     293031373  1.972          29206            0.100        100.0
all_same_01                 91.027422  145176036     309125310  2.129          33615            0.105        100.0
all_same_02                 90.046700  143612764     308719088  2.150          50190            0.157        100.0
all_same_03                 90.300870  144029844     308268138  2.140          57659            0.181        100.0
fft_killer_00               90.736772  144741898     309001284  2.135         138538            0.433        100.0
fft_killer_01               91.318602  145654130     309274657  2.123         137765            0.430        100.0
fft_killer_02               90.534419  144404167     308061382  2.133         138432            0.435        100.0
fft_killer_03               91.083320  145279049     308527127  2.124         138872            0.435        100.0
fft_killer_04               90.910819  144994636     308284528  2.126         138293            0.434        100.0
fft_killer_05               90.807161  144853844     308048241  2.127         137679            0.433        100.0
fft_killer_06               90.808174  144821954     308006177  2.127         138623            0.436        100.0
fft_killer_07               90.478357  144303562     309091169  2.142         138114            0.431        100.0
fft_killer_08               91.060436  145224485     308390912  2.124         138151            0.434        100.0
fft_killer_09               91.049228  145240683     307996286  2.121         137819            0.434        100.0
max_ans_zero_00             91.884195  146573483     308185797  2.103         246496            0.773        100.0
max_random_00               91.440410  145850487     307702184  2.110         245726            0.774        100.0
max_random_01               92.009505  146774811     307723629  2.097         246216            0.775        100.0
medium_00                    2.280418    3624957       6341754  1.749          10836            1.092        100.0
medium_01                    1.653044    2623264       4290654  1.636           9686            1.315        100.0
medium_02                    2.275931    3617534       6173097  1.706          10671            1.100        100.0
medium_all_zero_00           2.181686    3466691       5894457  1.700           8514            0.927        100.0
random_00                   85.964079  137123831     278354144  2.030         194809            0.708        100.0
random_01                   87.738633  139956015     287892924  2.057         209371            0.724        100.0
random_02                   43.657667   69632437     145067384  2.083         117629            0.790        100.0
signed_overflow_00           0.979156    1546927       2137711  1.382           7587            1.568        100.0
small_00                     0.958114    1513960       2107657  1.392           7241            1.510        100.0
small_01                     0.989566    1564177       2068422  1.322           7349            1.579        100.0
small_02                     0.969993    1533353       2086693  1.361           7219            1.518        100.0
small_03                     0.985101    1557228       2103204  1.351           7308            1.526        100.0
small_04                     1.014467    1604102       2056164  1.282           7252            1.574        100.0
small_05                     0.988722    1562987       2072860  1.326           7480            1.604        100.0
small_06                     1.000799    1582047       2060419  1.302           7328            1.587        100.0
small_07                     0.974841    1540272       2110462  1.370           7345            1.530        100.0
small_08                     0.994520    1571361       2070581  1.318           7316            1.571        100.0
small_09                     0.967812    1528654       2094705  1.370           7322            1.535        100.0
small_10                     1.024710    1620032       2069180  1.277           7308            1.570        100.0
small_11                     0.992939    1570559       2042860  1.301           7271            1.588        100.0
small_12                     0.976402    1542456       2086734  1.353           7114            1.502        100.0
small_13                     0.997314    1576628       2102335  1.333           7268            1.518        100.0
small_14                     1.011231    1598859       2110240  1.320           7347            1.531        100.0
small_15                     0.990507    1565082       2063153  1.318           7291            1.569        100.0
small_and_large_00          30.574295   48790703     129079887  2.646         131064            0.876        100.0
small_and_large_01          41.914065   66876954     152118679  2.275         141974            0.815        100.0
small_and_large_02          30.646714   48906498     128827994  2.634         130460            0.875        100.0
small_and_large_03          42.164496   67292252     152067644  2.260         140213            0.806        100.0
unsigned_overflow_00         0.983026    1554073       2054583  1.322           7302            1.589        100.0

src/convolution/convolution_mod_1000000007/crt.cxx
SHA-256: 49552f3ac0f2a13246cc462a10c38ba44aa454fb472e2d45177ea14de0230a5d
Measured: bench/conv-variants-20261001/required, two complete passes; identical binary SHA-256
case                  task-clock (ms)     cycles  instructions    IPC  branch-misses  branch-miss (%)  running (%)
max (max_random_01)         91.469300          -             -      -              -                -            -
sum                       2056.354639          -             -      -              -                -            -
example_00                   0.835250    1317642       1789795  1.358           5561            1.386        100.0
example_01                   0.809714    1276931       1790358  1.402           5430            1.353        100.0
all_same_00                 86.135549  137352518     325103171  2.367          22916            0.178        100.0
all_same_01                 89.280017  142301761     341570134  2.400          21178            0.161        100.0
all_same_02                 89.651737  143010725     341605659  2.389          20495            0.156        100.0
all_same_03                 89.781941  143195155     341613332  2.386          20668            0.157        100.0
fft_killer_00               89.453346  142677790     341592859  2.394          21048            0.160        100.0
fft_killer_01               89.356469  142521138     341574699  2.397          20856            0.158        100.0
fft_killer_02               89.686706  143066127     341624039  2.388          20531            0.156        100.0
fft_killer_03               89.328835  142493844     341562340  2.397          20451            0.155        100.0
fft_killer_04               89.439079  142651544     341580880  2.395          20798            0.158        100.0
fft_killer_05               89.312532  142468943     341566697  2.397          20590            0.156        100.0
fft_killer_06               89.487833  142699714     341608482  2.394          21808            0.166        100.0
fft_killer_07               89.196543  142284236     341556978  2.401          20665            0.157        100.0
fft_killer_08               89.304546  142456995     341562937  2.398          20635            0.157        100.0
fft_killer_09               89.301005  142449588     341571851  2.398          20605            0.156        100.0
max_ans_zero_00             91.323395  145679470     340992293  2.341         171359            1.304        100.0
max_random_00               91.440114  145846474     341027507  2.338         173858            1.322        100.0
max_random_01               91.469300  145809152     341033902  2.339         172080            1.308        100.0
medium_00                    2.096940    3331521       6166468  1.851           9251            1.404        100.0
medium_01                    1.560138    2474759       4239079  1.713           8079            1.430        100.0
medium_02                    2.040344    3240983       5894704  1.819           8699            1.362        100.0
medium_all_zero_00           1.935803    3074946       5664875  1.842           7517            1.195        100.0
random_00                   83.781470  133605955     308014152  2.305         137240            1.265        100.0
random_01                   86.235441  137530122     318048872  2.313         148016            1.281        100.0
random_02                   41.861130   66808535     155098963  2.322          79365            1.365        100.0
signed_overflow_00           0.850583    1342704       1855989  1.382           5907            1.432        100.0
small_00                     0.846653    1335549       1793028  1.343           5627            1.400        100.0
small_01                     0.828213    1306870       1806998  1.383           5597            1.377        100.0
small_02                     0.810088    1278085       1772759  1.387           5446            1.369        100.0
small_03                     0.828022    1306381       1795251  1.374           5649            1.405        100.0
small_04                     0.828474    1307343       1807060  1.382           5589            1.375        100.0
small_05                     0.834947    1318067       1802281  1.367           5613            1.383        100.0
small_06                     0.821939    1296851       1767562  1.363           5214            1.315        100.0
small_07                     0.816407    1287836       1793436  1.393           5635            1.403        100.0
small_08                     0.835814    1318728       1774294  1.345           5444            1.368        100.0
small_09                     0.843919    1332154       1794291  1.347           5619            1.398        100.0
small_10                     0.830559    1310238       1793486  1.369           5599            1.393        100.0
small_11                     0.848986    1339444       1807385  1.349           5647            1.388        100.0
small_12                     0.833331    1314730       1807598  1.375           5618            1.382        100.0
small_13                     0.801614    1264185       1786445  1.413           5514            1.370        100.0
small_14                     0.825879    1303115       1774351  1.362           5499            1.389        100.0
small_15                     0.820878    1295303       1789100  1.381           5498            1.371        100.0
small_and_large_00          74.347064  118579736     271035457  2.286          94614            1.150        100.0
small_and_large_01          74.358154  118596157     271188781  2.287          94856            1.150        100.0
small_and_large_02          74.333178  118540478     271085474  2.287          96223            1.167        100.0
small_and_large_03          74.260779  118440933     271209742  2.290          94876            1.149        100.0
unsigned_overflow_00         0.843981    1332145       1827558  1.372           5830            1.434        100.0

src/convolution/convolution_mod_1000000007/crt_cpp.cxx
SHA-256: 7078a1db93ac121b7cd7978580da6ab58b864044230b3b981c0f947f61fc5b21
Measured: bench/conv-variants-20261001/required, two complete passes; identical binary SHA-256
case                   task-clock (ms)     cycles  instructions    IPC  branch-misses  branch-miss (%)  running (%)
max (max_ans_zero_00)       105.314149          -             -      -              -                -            -
sum                        2380.302648          -             -      -              -                -            -
example_00                    0.832731    1314087       1784304  1.358           5577            1.395        100.0
example_01                    0.812080    1280676       1787688  1.396           5402            1.343        100.0
all_same_00                  99.723062  158890317     349955189  2.202          25217            0.176        100.0
all_same_01                 103.081498  164224372     366482829  2.232          23757            0.162        100.0
all_same_02                 103.403707  164791037     366474019  2.224          23089            0.157        100.0
all_same_03                 103.045603  164193886     366464961  2.232          24114            0.164        100.0
fft_killer_00               103.308776  164596663     366732817  2.228          24585            0.167        100.0
fft_killer_01               103.252879  164506649     366497513  2.228          24062            0.164        100.0
fft_killer_02               103.237945  164484877     366501483  2.228          23971            0.163        100.0
fft_killer_03               103.217399  164459674     366482227  2.228          23520            0.160        100.0
fft_killer_04               103.227617  164485546     366478229  2.228          23529            0.160        100.0
fft_killer_05               103.311606  164607383     366504688  2.227          24405            0.166        100.0
fft_killer_06               103.253497  164521197     366487947  2.228          23578            0.160        100.0
fft_killer_07               103.280976  164547990     366497658  2.227          24427            0.166        100.0
fft_killer_08               103.243035  164493206     366498887  2.228          24504            0.167        100.0
fft_killer_09               103.249822  164517042     366481329  2.228          23968            0.163        100.0
max_ans_zero_00             105.314149  167816167     365931054  2.181         173894            1.185        100.0
max_random_00               105.284883  167778020     365915396  2.181         172714            1.177        100.0
max_random_01               105.293228  167809231     365898542  2.180         173223            1.181        100.0
medium_00                     2.215816    3521632       6394355  1.816           9301            1.378        100.0
medium_01                     1.589998    2522137       4334646  1.719           8157            1.428        100.0
medium_02                     2.123357    3373901       6126049  1.816           8691            1.326        100.0
medium_all_zero_00            2.031147    3227189       5906262  1.830           7539            1.162        100.0
random_00                    97.277412  155097272     332868089  2.146         136444            1.104        100.0
random_01                    99.842003  159191219     342897896  2.154         147643            1.130        100.0
random_02                    48.439725   77310327     166502374  2.154          79544            1.220        100.0
signed_overflow_00            0.818951    1291237       1806682  1.399           5608            1.400        100.0
small_00                      0.835618    1318148       1795427  1.362           5660            1.401        100.0
small_01                      0.813373    1282539       1795502  1.400           5588            1.382        100.0
small_02                      0.815746    1287085       1782484  1.385           5648            1.414        100.0
small_03                      0.853595    1347280       1782999  1.323           5636            1.411        100.0
small_04                      0.807825    1274112       1762619  1.383           5425            1.371        100.0
small_05                      0.808327    1274887       1780064  1.396           5541            1.383        100.0
small_06                      0.825864    1302768       1795766  1.378           5636            1.395        100.0
small_07                      0.827036    1303840       1783577  1.368           5568            1.394        100.0
small_08                      0.838618    1322954       1767101  1.336           5501            1.388        100.0
small_09                      0.830500    1310303       1763816  1.346           5464            1.381        100.0
small_10                      0.829201    1308132       1768681  1.352           5497            1.385        100.0
small_11                      0.829926    1309343       1784237  1.363           5672            1.418        100.0
small_12                      0.797860    1258371       1760578  1.399           5353            1.355        100.0
small_13                      0.838127    1322470       1791002  1.354           5512            1.366        100.0
small_14                      0.799084    1259814       1754435  1.393           5577            1.426        100.0
small_15                      0.816364    1287345       1767251  1.373           5543            1.400        100.0
small_and_large_00           88.205907  140591242     295975659  2.105          97746            1.001        100.0
small_and_large_01           88.005536  140297040     296069419  2.110          96167            0.984        100.0
small_and_large_02           88.239883  140546499     296044699  2.106          99396            1.016        100.0
small_and_large_03           88.108764  140426261     296128304  2.109          98395            1.006        100.0
unsigned_overflow_00          0.862592    1361368       1823836  1.340           5795            1.420        100.0

src/convolution/convolution_mod_1000000007/fft_naive.cxx
SHA-256: 864c0fb4ffcaca137b8b0198348fd519646169caf0c817a64ba28cf9553bdaef
Measured: bench/conv-variants-20261001/required, two complete passes; identical binary SHA-256
case                  task-clock (ms)     cycles  instructions    IPC  branch-misses  branch-miss (%)  running (%)
max (max_random_01)        257.124160          -             -      -              -                -            -
sum                       5877.682128          -             -      -              -                -            -
example_00                   0.851834    1344819       1779551  1.323           5619            1.402        100.0
example_01                   0.788627    1243075       1764193  1.419           5510            1.386        100.0
all_same_00                249.146484  397575085     725349897  1.824          38064            0.125        100.0
all_same_01                254.024616  405397180     741812702  1.830          35847            0.117        100.0
all_same_02                253.902730  405194230     741788685  1.831          35967            0.117        100.0
all_same_03                254.049976  405399088     742442300  1.831          36441            0.118        100.0
fft_killer_00              254.520091  406199163     741993343  1.827          36133            0.118        100.0
fft_killer_01              255.022605  406973554     742197331  1.824          36686            0.119        100.0
fft_killer_02              254.831368  406685228     742194358  1.825          36366            0.118        100.0
fft_killer_03              254.616176  406327628     742029781  1.826          36308            0.118        100.0
fft_killer_04              254.600967  406311767     741803684  1.826          35900            0.117        100.0
fft_killer_05              254.448034  406087120     741799019  1.827          35831            0.117        100.0
fft_killer_06              254.431291  405989516     741885821  1.827          36509            0.119        100.0
fft_killer_07              254.567883  406270798     741876371  1.826          39708            0.129        100.0
fft_killer_08              254.428657  405972009     742024989  1.828          36703            0.120        100.0
fft_killer_09              254.719774  406507172     742040108  1.825          38988            0.127        100.0
max_ans_zero_00            256.854793  409901674     741364745  1.809         184141            0.600        100.0
max_random_00              256.952999  410056595     741448559  1.808         184506            0.601        100.0
max_random_01              257.124160  410330695     741283713  1.807         184269            0.601        100.0
medium_00                    4.416304    7034488      12903084  1.834           9998            0.788        100.0
medium_01                    2.768265    4403997       7796784  1.770           8580            0.964        100.0
medium_02                    4.326028    6890346      12554604  1.822           9635            0.771        100.0
medium_all_zero_00           4.292723    6837043      12380177  1.811           8344            0.673        100.0
random_00                  245.268354  391413050     684543960  1.749         148600            0.550        100.0
random_01                  249.450554  398069219     701895001  1.763         159798            0.568        100.0
random_02                  120.694537  192604349     346111474  1.797          85559            0.584        100.0
signed_overflow_00           0.856441    1351384       1849757  1.369           5844            1.436        100.0
small_00                     0.801830    1263966       1751998  1.386           5380            1.370        100.0
small_01                     0.810562    1277445       1777569  1.392           5433            1.358        100.0
small_02                     0.832030    1313240       1785526  1.360           5690            1.416        100.0
small_03                     0.838440    1323475       1781657  1.346           5646            1.408        100.0
small_04                     0.819754    1293412       1769313  1.368           5615            1.416        100.0
small_05                     0.811857    1280438       1767472  1.380           5588            1.410        100.0
small_06                     0.816492    1288062       1782413  1.384           5661            1.410        100.0
small_07                     0.794565    1252324       1752592  1.399           5582            1.420        100.0
small_08                     0.822048    1296661       1764647  1.361           5492            1.381        100.0
small_09                     0.788530    1243390       1755824  1.412           5494            1.395        100.0
small_10                     0.817572    1289367       1778320  1.379           5456            1.364        100.0
small_11                     0.810849    1278933       1753126  1.371           5604            1.433        100.0
small_12                     0.823716    1299482       1776683  1.367           5427            1.358        100.0
small_13                     0.815839    1286568       1752132  1.362           5586            1.421        100.0
small_14                     0.825307    1302135       1751289  1.345           5433            1.383        100.0
small_15                     0.822245    1296550       1760348  1.358           5686            1.449        100.0
small_and_large_00         225.691920  360183784     621141901  1.725         108586            0.475        100.0
small_and_large_01         225.520572  359908712     620790760  1.725         108389            0.476        100.0
small_and_large_02         225.282119  359500870     620839577  1.727         108809            0.477        100.0
small_and_large_03         225.349630  359608809     621061078  1.727         108779            0.476        100.0
unsigned_overflow_00         0.829980    1308808       1805667  1.380           5788            1.448        100.0

src/convolution/convolution_mod_1000000007/main.cxx
SHA-256: 697e78532b7cea87dd2f0cbd53098022b6a3fe9e0c85cf3183b36d6d869b3b6e
Measured: bench/conv-variants-20261001/required, two complete passes; identical binary SHA-256
case                  task-clock (ms)     cycles  instructions    IPC  branch-misses  branch-miss (%)  running (%)
max (max_random_01)         70.209031          -             -      -              -                -            -
sum                       1576.633179          -             -      -              -                -            -
example_00                   0.846307    1334286       1800524  1.349           5624            1.388        100.0
example_01                   0.824317    1299978       1787496  1.375           5643            1.409        100.0
all_same_00                 64.611652  103010571     199895148  1.941          36749            0.290        100.0
all_same_01                 68.036400  108489619     216126426  1.992          34587            0.267        100.0
all_same_02                 68.025285  108446987     216280324  1.994          35876            0.276        100.0
all_same_03                 68.380233  109037273     216505730  1.986          35684            0.274        100.0
fft_killer_00               68.596330  109368880     216180882  1.977          35423            0.273        100.0
fft_killer_01               68.252677  108822443     216491595  1.989          35352            0.272        100.0
fft_killer_02               68.278939  108864145     216156593  1.986          34770            0.268        100.0
fft_killer_03               68.079614  108588208     216126731  1.990          35412            0.273        100.0
fft_killer_04               68.733454  109568743     216216337  1.973          35301            0.272        100.0
fft_killer_05               68.138227  108626771     216146333  1.990          35319            0.273        100.0
fft_killer_06               68.155889  108696885     216112909  1.988          34185            0.264        100.0
fft_killer_07               68.395952  109058762     216136960  1.982          35823            0.277        100.0
fft_killer_08               68.284657  108902099     216121219  1.985          34035            0.263        100.0
fft_killer_09               68.350855  109008822     216323772  1.984          35255            0.272        100.0
max_ans_zero_00             70.100342  111783277     215592589  1.929         187809            1.451        100.0
max_random_00               70.132330  111850594     215575681  1.927         188275            1.455        100.0
max_random_01               70.209031  111974571     215577262  1.925         186180            1.439        100.0
medium_00                    1.885315    2993942       4985049  1.665          10408            1.463        100.0
medium_01                    1.425545    2259549       3589618  1.589           7774            1.329        100.0
medium_02                    1.867843    2966628       4819357  1.625           9382            1.345        100.0
medium_all_zero_00           1.754869    2786477       4514973  1.620           7675            1.097        100.0
random_00                   64.429350  102748748     191591597  1.865         154574            1.434        100.0
random_01                   66.337974  105794791     198849988  1.880         159086            1.392        100.0
random_02                   32.937836   52521087      98926236  1.884          89254            1.469        100.0
signed_overflow_00           0.840328    1325488       1800272  1.358           5634            1.405        100.0
small_00                     0.808471    1274647       1774259  1.392           5426            1.363        100.0
small_01                     0.812068    1281303       1798087  1.403           5565            1.376        100.0
small_02                     0.845475    1334498       1785332  1.338           5606            1.402        100.0
small_03                     0.834317    1315294       1782952  1.356           5412            1.355        100.0
small_04                     0.850191    1341944       1795538  1.338           5556            1.375        100.0
small_05                     0.841528    1327487       1799775  1.356           5571            1.375        100.0
small_06                     0.828453    1306242       1786227  1.367           5640            1.409        100.0
small_07                     0.826765    1304340       1784235  1.368           5630            1.408        100.0
small_08                     0.831558    1312182       1797264  1.370           5565            1.376        100.0
small_09                     0.820679    1293385       1785370  1.380           5633            1.408        100.0
small_10                     0.821418    1295533       1784254  1.377           5526            1.382        100.0
small_11                     0.844581    1332560       1779679  1.336           5496            1.377        100.0
small_12                     0.832881    1314119       1785950  1.359           5600            1.399        100.0
small_13                     0.833145    1314309       1786233  1.359           5572            1.392        100.0
small_14                     0.808857    1276379       1797752  1.408           5619            1.390        100.0
small_15                     0.806244    1271690       1760451  1.384           5685            1.447        100.0
small_and_large_00          56.852138   90694995     165147142  1.821         111096            1.320        100.0
small_and_large_01          56.554935   90220938     164971978  1.829         112633            1.346        100.0
small_and_large_02          56.646929   90366673     165125561  1.827         111497            1.326        100.0
small_and_large_03          56.584943   90268518     164989369  1.828         108708            1.298        100.0
unsigned_overflow_00         0.836052    1318182       1797498  1.364           5753            1.433        100.0

src/convolution/convolution_mod_1000000007/naive.cxx
SHA-256: 5eb87f6a1d63587d35fa5b715c69d9530d57625e6aef6ed25af35fbba21e4494
Measured: bench/conv-variants-20261001/required, two complete passes; identical binary SHA-256
case                  task-clock (ms)     cycles  instructions    IPC  branch-misses  branch-miss (%)  running (%)
max (max_random_00)        105.317812          -             -      -              -                -            -
sum                       2392.829553          -             -      -              -                -            -
example_00                   0.816863    1288609       1797118  1.395           5584            1.381        100.0
example_01                   0.814918    1285187       1792998  1.395           5482            1.358        100.0
all_same_00                 99.775188  158981454     400223708  2.517          27945            0.128        100.0
all_same_01                102.984629  164123482     416589655  2.538          25217            0.114        100.0
all_same_02                103.088205  164289499     417400641  2.541          25669            0.115        100.0
all_same_03                103.135014  164333731     416923816  2.537          26138            0.118        100.0
fft_killer_00              103.161701  164475662     416767080  2.534          25275            0.114        100.0
fft_killer_01              103.087097  164371540     417361627  2.539          26132            0.118        100.0
fft_killer_02              103.088876  164289448     416843345  2.537          25540            0.116        100.0
fft_killer_03              102.953187  164072944     416786372  2.540          25147            0.114        100.0
fft_killer_04              103.267946  164557641     416811936  2.533          25311            0.115        100.0
fft_killer_05              103.118982  164321181     416702521  2.536          25078            0.114        100.0
fft_killer_06              103.056807  164391766     416901328  2.536          25337            0.114        100.0
fft_killer_07              103.220103  164583912     417399946  2.536          25605            0.115        100.0
fft_killer_08              103.065128  164302858     417289260  2.540          25634            0.115        100.0
fft_killer_09              103.075705  164236266     416695261  2.537          25862            0.117        100.0
max_ans_zero_00            105.023308  167436575     416119676  2.485         174885            0.793        100.0
max_random_00              105.317812  167813499     416087139  2.479         174838            0.793        100.0
max_random_01              105.222675  167654268     416077475  2.482         175359            0.795        100.0
medium_00                    2.216948    3522982       6893029  1.957           9059            1.208        100.0
medium_01                    1.562495    2479133       4447255  1.794           7882            1.359        100.0
medium_02                    2.164915    3440541       6694524  1.946           8664            1.177        100.0
medium_all_zero_00           2.030570    3226323       6386548  1.980           7404            1.032        100.0
random_00                  100.863581  160804523     393806766  2.449         140081            0.637        100.0
random_01                   99.789014  159021208     395978585  2.490         148889            0.709        100.0
random_02                   49.347889   78732322     195271869  2.480          80817            0.726        100.0
signed_overflow_00           0.843777    1331263       1789242  1.344           5468            1.376        100.0
small_00                     0.827339    1305424       1800228  1.379           5661            1.398        100.0
small_01                     0.846597    1341903       1771055  1.320           5437            1.368        100.0
small_02                     0.838507    1323424       1800042  1.360           5585            1.380        100.0
small_03                     0.844003    1331896       1768036  1.327           5479            1.382        100.0
small_04                     0.826752    1303612       1785077  1.369           5558            1.390        100.0
small_05                     0.819211    1292480       1767108  1.367           5480            1.382        100.0
small_06                     0.842794    1330322       1798907  1.352           5614            1.388        100.0
small_07                     0.821978    1296972       1787795  1.378           5302            1.317        100.0
small_08                     0.823777    1299580       1788117  1.376           5649            1.410        100.0
small_09                     0.827891    1304849       1792738  1.374           5374            1.332        100.0
small_10                     0.826894    1304913       1770983  1.357           5658            1.425        100.0
small_11                     0.826626    1304314       1791184  1.373           5679            1.415        100.0
small_12                     0.803487    1267286       1760135  1.389           5283            1.338        100.0
small_13                     0.820931    1295006       1775321  1.371           5664            1.432        100.0
small_14                     0.816112    1287122       1781527  1.384           5470            1.371        100.0
small_15                     0.812862    1281887       1779403  1.388           5547            1.385        100.0
small_and_large_00          92.425102  147228916     361726902  2.457          99901            0.491        100.0
small_and_large_01          92.001142  146675642     360773510  2.460          98373            0.490        100.0
small_and_large_02          89.254770  142178479     354251439  2.492          99536            0.532        100.0
small_and_large_03          88.993422  141858363     354336676  2.498          99807            0.533        100.0
unsigned_overflow_00         0.836023    1318862       1802765  1.367           5495            1.360        100.0

src/convolution/convolution_mod_1000000007/naive.cxx [naive-clang23]
SHA-256: 4908d95ea987c5d391dfa4df2c95bc0de2451f7ba6032826e550015681507106
Compiler: clang version 23.1.2 (Fedora 23.1.2-2.fc45); --sysroot=/run/host --gcc-toolchain=/run/host/usr; host libc/libm
Measured: bench/conv-variants-20261001/naive-clang, two complete passes; identical binary SHA-256
case                   task-clock (ms)     cycles  instructions    IPC  branch-misses  branch-miss (%)  running (%)
max (max_ans_zero_00)        98.098215          -             -      -              -                -            -
sum                        2246.672744          -             -      -              -                -            -
example_00                    0.807027    1273069       1757594  1.381           5608            1.430        100.0
example_01                    0.813665    1282003       1757208  1.371           5607            1.431        100.0
all_same_00                  92.809500  147880380     350005224  2.367          27379            0.160        100.0
all_same_01                  96.102375  153268161     367445829  2.397          28280            0.162        100.0
all_same_02                  96.125019  153172039     367400050  2.399          27319            0.157        100.0
all_same_03                  96.402998  153598542     367442558  2.392          26426            0.152        100.0
fft_killer_00                96.262280  153358918     367426793  2.396          26755            0.153        100.0
fft_killer_01                96.263269  153479586     367388392  2.394          27460            0.158        100.0
fft_killer_02                96.129868  153333536     367406992  2.396          27610            0.158        100.0
fft_killer_03                96.354638  153521651     367575702  2.394          26578            0.152        100.0
fft_killer_04                96.442214  153655825     367575823  2.392          26806            0.153        100.0
fft_killer_05                96.389908  153681080     367394469  2.391          25997            0.149        100.0
fft_killer_06                96.377679  153560741     367570562  2.394          26925            0.154        100.0
fft_killer_07                96.399298  153585783     367559227  2.393          27641            0.158        100.0
fft_killer_08                96.399790  153612326     367413359  2.392          26917            0.154        100.0
fft_killer_09                96.448181  153688361     367401311  2.391          26769            0.154        100.0
max_ans_zero_00              98.098215  156297045     367034613  2.348         147181            0.843        100.0
max_random_00                98.064811  156240649     367041555  2.349         147578            0.845        100.0
max_random_01                97.974766  156211726     367034287  2.350         146799            0.841        100.0
medium_00                     2.075564    3297927       6211159  1.883           8920            1.326        100.0
medium_01                     1.473359    2336858       4055406  1.735           7638            1.409        100.0
medium_02                     2.018815    3207807       6066020  1.891           8406            1.268        100.0
medium_all_zero_00            1.935856    3073942       5759218  1.874           7247            1.113        100.0
random_00                    94.386486  150366425     349672365  2.325         120364            0.707        100.0
random_01                    93.547866  149060285     350470863  2.351         125945            0.777        100.0
random_02                    46.043951   73485258     172810024  2.352          68296            0.768        100.0
signed_overflow_00            0.803406    1267163       1790888  1.413           5738            1.442        100.0
small_00                      0.818079    1290806       1746969  1.353           5328            1.368        100.0
small_01                      0.799227    1260136       1732141  1.375           5420            1.401        100.0
small_02                      0.779803    1229501       1755452  1.428           5575            1.425        100.0
small_03                      0.817090    1289072       1754035  1.361           5538            1.417        100.0
small_04                      0.792551    1249473       1753629  1.403           5592            1.430        100.0
small_05                      0.834221    1315978       1744903  1.326           5384            1.376        100.0
small_06                      0.822659    1296872       1760999  1.358           5491            1.391        100.0
small_07                      0.804009    1267633       1754629  1.384           5581            1.427        100.0
small_08                      0.830958    1311243       1752963  1.337           5602            1.433        100.0
small_09                      0.787359    1241400       1732753  1.396           5403            1.397        100.0
small_10                      0.825669    1301622       1765309  1.356           5477            1.385        100.0
small_11                      0.820844    1293460       1745141  1.349           5333            1.363        100.0
small_12                      0.815012    1285080       1760190  1.370           5415            1.372        100.0
small_13                      0.787789    1241956       1748039  1.407           5375            1.379        100.0
small_14                      0.799628    1261174       1753616  1.390           5493            1.406        100.0
small_15                      0.820568    1294443       1755163  1.356           5239            1.331        100.0
small_and_large_00           88.717440  141603632     323806721  2.287          86592            0.573        100.0
small_and_large_01           88.689704  141443040     323893556  2.290          87319            0.578        100.0
small_and_large_02           86.225496  137540931     317395685  2.308          84354            0.614        100.0
small_and_large_03           86.328285  137705257     317479599  2.306          84305            0.613        100.0
unsigned_overflow_00          0.805549    1270299       1760575  1.386           5570            1.416        100.0
