2026-10-01 lenovo / Intel(R) Core(TM) i5-10210U CPU @ 1.60GHz
Two complete passes; per binary/case minimum task-clock; all counters from that same run.
Cases: 36, including examples. Units: ms. No CPU pinning.
Compiler: g++ (GCC) 16.2.1 20260819 (Red Hat 16.2.1-2); rustc 1.98.1 (48a229cea 2026-09-01)
Build host: master; glibc 2.43
Environment: Linux 7.2.8-200.fc44.x86_64; affinity [0, 1, 2, 3]; stack 268435456 bytes; bench_env OK.
cxx_flags.txt: -std=c++23 -DEVAL -DONLINE_JUDGE -Iinclude -O3 -fwhole-program -fno-exceptions -fno-rtti -march=x86-64-v3 -fno-pie -no-pie -nostdlib++ -static -lm -s
cpp_flags.txt: -std=c++23 -DEVAL -DONLINE_JUDGE -Iac-library -include cassert -O3 -fwhole-program -fno-exceptions -fno-rtti -march=x86-64-v3 -fno-pie -no-pie -static -lgmp -s
rust_flags.txt: -C opt-level=3 -C codegen-units=1 -C lto=fat -C panic=abort -C target-cpu=x86-64-v3 -C target-feature=+crt-static -C relocation-model=static -C link-arg=-Wl,-u,__cxa_thread_atexit_impl -C strip=symbols

solution                                max (ms)       sum (ms)
Anonymous                                511.069199    6546.825451
Rohan_Kapri                              498.951695    6310.568161
adamant                                  513.966545    6766.075424
cmk666                                   500.092937    6300.626427
zjy2008                                  513.579619    6545.381427
main                                     128.999029    1662.976675

submissions/polynomial/polynomial_root_finding/Anonymous.cpp
SHA-256: 6b16876a39242661a16b5a27290c1e157989f99c8dde8f1abaf16f998ad30113
case                   task-clock (ms)     cycles  instructions    IPC  branch-misses  branch-miss (%)  running (%)
max (all_distinct_01)       511.069199          -             -      -              -                -            -
sum                        6546.825451          -             -      -              -                -            -
example_00                    1.882566    2989884       3988481  1.334           7637            0.938        100.0
example_01                    1.873176    2974318       3907875  1.314           7531            0.933        100.0
example_02                    1.877684    2980892       3946586  1.324           7522            0.941        100.0
example_03                    2.391826    3801378       6271278  1.650          11214            1.034        100.0
all_distinct_00             495.811821  791362538    2434249869  3.076        1564038            0.687        100.0
all_distinct_01             511.069199  815731436    2519529126  3.089        1567979            0.679        100.0
all_distinct_02             498.739974  796018014    2455445603  3.085        1508933            0.665        100.0
all_distinct_03             500.510380  798866558    2461544978  3.081        1543685            0.674        100.0
all_distinct_04             506.248992  808005645    2492855318  3.085        1534769            0.663        100.0
all_distinct_05             502.018167  801271442    2468928021  3.081        1575263            0.689        100.0
all_distinct_06             503.615866  803811498    2483608361  3.090        1505347            0.656        100.0
all_distinct_07             494.176785  788757182    2425359968  3.075        1571282            0.695        100.0
all_distinct_08             500.565048  798946427    2461653581  3.081        1548205            0.678        100.0
all_distinct_09             501.154645  799882425    2459782026  3.075        1575562            0.690        100.0
all_same_00                  25.121997   40086939     128758804  3.212          14186            0.238        100.0
deg0_00                       1.901075    3018972       3764502  1.247           6866            0.873        100.0
max_random_00               116.569266  186040527     567200706  3.049         374414            0.709        100.0
max_random_01                51.292560   81862337     250090203  3.055         130858            0.586        100.0
max_random_02                55.948834   89293963     271845322  3.044         151256            0.615        100.0
max_random_03               177.009792  282541418     867574987  3.071         568090            0.727        100.0
max_random_04               354.299232  565483257    1748865714  3.093        1078143            0.690        100.0
max_random_05               181.287919  289329903     889538412  3.074         571915            0.712        100.0
max_random_06               133.624078  213259661     647670287  3.037         429184            0.695        100.0
max_random_07               133.087293  212428850     646442491  3.043         431169            0.700        100.0
max_random_08               223.668569  356989811    1092476345  3.060         719365            0.695        100.0
max_random_09                51.311527   81879251     249733344  3.050         131741            0.592        100.0
small_random_00               1.923240    3055097       3966701  1.298           7846            0.975        100.0
small_random_01               1.955573    3106625       4137817  1.332           8422            1.007        100.0
small_random_02               2.009664    3192897       4274741  1.339           8747            1.021        100.0
small_random_03               1.840974    2923202       3771981  1.290           7004            0.889        100.0
small_random_04               1.906528    3027058       3929708  1.298           7606            0.934        100.0
small_random_05               2.107287    3348300       4551419  1.359           9333            1.062        100.0
small_random_06               1.991466    3163850       4231215  1.337           8421            0.995        100.0
small_random_07               2.095415    3328466       4288791  1.289           8744            1.025        100.0
small_random_08               2.064608    3280409       4232549  1.290           8685            1.029        100.0
small_random_09               1.872425    2973610       3757723  1.264           6980            0.892        100.0

submissions/polynomial/polynomial_root_finding/Rohan_Kapri.cpp
SHA-256: ff06bf3802c0b33ef24ee2ad0d7e139b03faca23c284371d9fb8da8a273cda6f
case                   task-clock (ms)     cycles  instructions    IPC  branch-misses  branch-miss (%)  running (%)
max (all_distinct_02)       498.951695          -             -      -              -                -            -
sum                        6310.568161          -             -      -              -                -            -
example_00                    1.075516    1701539       2685372  1.578           6969            1.161        100.0
example_01                    1.035178    1636866       2552478  1.559           6921            1.206        100.0
example_02                    1.114991    1764904       2765237  1.567           7303            1.207        100.0
example_03                    1.764606    2801007       4832584  1.725           9082            1.114        100.0
all_distinct_00             487.436801  778004982    1785551990  2.295         886837            0.536        100.0
all_distinct_01             493.403207  787519752    1811269207  2.300         877608            0.526        100.0
all_distinct_02             498.951695  796385595    1833635874  2.302         900101            0.539        100.0
all_distinct_03             489.065513  780595156    1793765656  2.298         893715            0.542        100.0
all_distinct_04             486.560444  776616699    1782183127  2.295         883225            0.536        100.0
all_distinct_05             494.190279  788746552    1810757362  2.296         901129            0.543        100.0
all_distinct_06             491.307886  784166009    1800318914  2.296         886118            0.534        100.0
all_distinct_07             498.518679  795671708    1829777364  2.300         892967            0.536        100.0
all_distinct_08             485.291169  774569821    1776567961  2.294         886431            0.540        100.0
all_distinct_09             493.407926  787485905    1810701527  2.299         895224            0.539        100.0
all_same_00                  20.708064   33039903      78566783  2.378          28105            0.729        100.0
deg0_00                       1.088539    1722707       2541802  1.475           6925            1.201        100.0
max_random_00               103.568586  165297251     382910142  2.316         210776            0.599        100.0
max_random_01                34.082348   54390055     132599910  2.438          84908            0.736        100.0
max_random_02                39.676277   63306382     151954424  2.400          95687            0.709        100.0
max_random_03               168.543545  269014915     623530976  2.318         327385            0.591        100.0
max_random_04               350.511458  559435573    1291463818  2.309         631103            0.555        100.0
max_random_05               169.108315  269894193     625400770  2.317         325728            0.583        100.0
max_random_06               118.628584  189315134     435812444  2.302         237596            0.579        100.0
max_random_07               122.038567  194792237     447531331  2.297         235279            0.557        100.0
max_random_08               213.653054  341000236     782170844  2.294         405530            0.555        100.0
max_random_09                33.860611   54035486     131844069  2.440          83915            0.733        100.0
small_random_00               1.128785    1787074       2654245  1.485           7312            1.223        100.0
small_random_01               1.198176    1897174       2863891  1.510           7695            1.256        100.0
small_random_02               1.274314    2018503       3086259  1.529           7819            1.203        100.0
small_random_03               1.058179    1674053       2568255  1.534           6929            1.182        100.0
small_random_04               1.116082    1765424       2660085  1.507           7235            1.223        100.0
small_random_05               1.326170    2101800       3261449  1.552           8177            1.240        100.0
small_random_06               1.268768    2010045       3055178  1.520           7748            1.203        100.0
small_random_07               1.222036    1935355       3036824  1.569           8145            1.285        100.0
small_random_08               1.299911    2060076       3234665  1.570           8105            1.226        100.0
small_random_09               1.083902    1714978       2579211  1.504           6885            1.166        100.0

submissions/polynomial/polynomial_root_finding/adamant.cpp
SHA-256: fb17e86dcbc5b8716cea5ab3edcd84643db4b1091f110c153c639ce29e83526d
case                   task-clock (ms)     cycles  instructions    IPC  branch-misses  branch-miss (%)  running (%)
max (all_distinct_02)       513.966545          -             -      -              -                -            -
sum                        6766.075424          -             -      -              -                -            -
example_00                    1.114825    1763710       2692637  1.527           7808            1.269        100.0
example_01                    1.109259    1755124       2548251  1.452           7463            1.280        100.0
example_02                    1.088115    1720696       2620790  1.523           7730            1.304        100.0
example_03                    1.512385    2398114       4047184  1.688           9872            1.200        100.0
all_distinct_00             511.355883  816180825    2223205641  2.724        1864599            0.744        100.0
all_distinct_01             513.635265  819799820    2231922664  2.723        1866472            0.741        100.0
all_distinct_02             513.966545  820331464    2233481665  2.723        1867915            0.743        100.0
all_distinct_03             510.758581  815202178    2214890448  2.717        1852677            0.740        100.0
all_distinct_04             510.974324  815532777    2220536261  2.723        1871057            0.747        100.0
all_distinct_05             512.358523  817772449    2224865249  2.721        1852579            0.739        100.0
all_distinct_06             511.429939  816279740    2222854598  2.723        1848283            0.738        100.0
all_distinct_07             512.203319  817534874    2223921562  2.720        1866356            0.743        100.0
all_distinct_08             512.423601  817885430    2224011500  2.719        1869799            0.745        100.0
all_distinct_09             512.541502  818073748    2230434275  2.726        1870134            0.744        100.0
all_same_00                  17.912461   28577425      77218651  2.702          17600            0.392        100.0
deg0_00                       1.074004    1698752       2543858  1.497           7356            1.251        100.0
max_random_00               131.137053  209316374     588803406  2.813         479436            0.773        100.0
max_random_01                67.655024  107960087     323514329  2.997         247524            0.819        100.0
max_random_02                72.139128  115126832     341767544  2.969         265251            0.812        100.0
max_random_03               182.481517  291254207     802998943  2.757         647527            0.746        100.0
max_random_04               357.644824  570816699    1548990901  2.714        1206932            0.712        100.0
max_random_05               186.522569  297726855     823831425  2.767         664455            0.751        100.0
max_random_06               150.163130  239675008     669440609  2.793         556560            0.769        100.0
max_random_07               150.308528  239918805     670148626  2.793         556704            0.769        100.0
max_random_08               243.231071  388190675    1068375401  2.752         882102            0.744        100.0
max_random_09                67.555572  107798967     323290073  2.999         246097            0.816        100.0
small_random_00               1.131766    1791378       2647341  1.478           7818            1.296        100.0
small_random_01               1.237564    1960664       2898061  1.478           8500            1.318        100.0
small_random_02               1.224650    1939159       2992882  1.543           8567            1.299        100.0
small_random_03               1.093985    1730346       2498048  1.444           7331            1.275        100.0
small_random_04               1.095100    1733264       2618975  1.511           7752            1.295        100.0
small_random_05               1.268078    2008878       3077018  1.532           8683            1.283        100.0
small_random_06               1.238163    1961008       2919844  1.489           8384            1.299        100.0
small_random_07               1.199668    1899280       2884759  1.519           8653            1.347        100.0
small_random_08               1.199139    1898968       2890832  1.522           8389            1.303        100.0
small_random_09               1.090364    1725174       2524253  1.463           7254            1.241        100.0

submissions/polynomial/polynomial_root_finding/cmk666.cpp
SHA-256: ff06bf3802c0b33ef24ee2ad0d7e139b03faca23c284371d9fb8da8a273cda6f
case                   task-clock (ms)     cycles  instructions    IPC  branch-misses  branch-miss (%)  running (%)
max (all_distinct_01)       500.092937          -             -      -              -                -            -
sum                        6300.626427          -             -      -              -                -            -
example_00                    1.161498    1837409       2909994  1.584           7471            1.190        100.0
example_01                    1.022539    1617068       2570604  1.590           6971            1.204        100.0
example_02                    1.159428    1835442       2757263  1.502           7408            1.233        100.0
example_03                    1.730562    2746881       4694213  1.709           8920            1.106        100.0
all_distinct_00             483.954805  772446658    1773529739  2.296         888413            0.544        100.0
all_distinct_01             500.092937  798205499    1835932151  2.300         914314            0.548        100.0
all_distinct_02             489.274709  780898379    1792860929  2.296         874069            0.526        100.0
all_distinct_03             492.305532  785767629    1808829415  2.302         875097            0.528        100.0
all_distinct_04             491.484793  784478083    1804071056  2.300         890770            0.536        100.0
all_distinct_05             479.018314  764546670    1755287167  2.296         864902            0.531        100.0
all_distinct_06             497.171776  793531342    1824630769  2.299         903782            0.543        100.0
all_distinct_07             485.565573  774988191    1777183805  2.293         882827            0.538        100.0
all_distinct_08             489.321626  780985014    1793602033  2.297         894662            0.543        100.0
all_distinct_09             494.425913  789140234    1816133682  2.301         881560            0.530        100.0
all_same_00                  20.620387   32900373      78546342  2.387          27856            0.724        100.0
deg0_00                       1.091403    1726814       2566727  1.486           6862            1.171        100.0
max_random_00               104.217147  166320837     385572287  2.318         211593            0.597        100.0
max_random_01                33.997598   54241235     131911365  2.432          85333            0.745        100.0
max_random_02                39.358756   62812266     151113519  2.406          94212            0.704        100.0
max_random_03               168.457154  268863973     622751989  2.316         322983            0.583        100.0
max_random_04               349.586431  557978531    1289610986  2.311         642491            0.566        100.0
max_random_05               170.310767  271813772     628885908  2.314         331393            0.591        100.0
max_random_06               121.629537  194115591     446884155  2.302         245007            0.585        100.0
max_random_07               123.322587  196809596     452286388  2.298         250983            0.592        100.0
max_random_08               214.268533  341971396     784146322  2.293         403482            0.550        100.0
max_random_09                34.121115   54451549     132177573  2.427          84089            0.731        100.0
small_random_00               1.115197    1764465       2654709  1.505           7280            1.218        100.0
small_random_01               1.171311    1854921       2863687  1.544           7635            1.246        100.0
small_random_02               1.336011    2117240       3236577  1.529           8173            1.230        100.0
small_random_03               1.083263    1713905       2575594  1.503           7082            1.204        100.0
small_random_04               1.121492    1775175       2696875  1.519           7211            1.191        100.0
small_random_05               1.309703    2075267       3258647  1.570           8334            1.270        100.0
small_random_06               1.276546    2022491       3046445  1.506           7916            1.236        100.0
small_random_07               1.231668    1950557       3063689  1.571           8114            1.261        100.0
small_random_08               1.260283    1996710       3064380  1.535           7897            1.224        100.0
small_random_09               1.049533    1659900       2555243  1.539           6964            1.197        100.0

submissions/polynomial/polynomial_root_finding/zjy2008.cpp
SHA-256: eb10bee5eb773674e5add2dbee2ecea2e7a356028c21f8ecb56ff2ef51f5d200
case                   task-clock (ms)     cycles  instructions    IPC  branch-misses  branch-miss (%)  running (%)
max (all_distinct_08)       513.579619          -             -      -              -                -            -
sum                        6545.381427          -             -      -              -                -            -
example_00                    1.125817    1781809       2963341  1.663           7807            1.209        100.0
example_01                    1.117783    1768835       2619502  1.481           7276            1.225        100.0
example_02                    1.084128    1714544       2704386  1.577           7644            1.277        100.0
example_03                    1.554026    2465591       4854276  1.969          10649            1.233        100.0
all_distinct_00             503.586669  803756595    2473842030  3.078        1570667            0.682        100.0
all_distinct_01             497.331325  793774338    2444857587  3.080        1537231            0.675        100.0
all_distinct_02             501.266169  800056056    2463673426  3.079        1564642            0.683        100.0
all_distinct_03             500.224203  798388891    2459501877  3.081        1538904            0.674        100.0
all_distinct_04             506.223600  807976938    2487183990  3.078        1593421            0.696        100.0
all_distinct_05             503.756070  804035393    2478627463  3.083        1530396            0.666        100.0
all_distinct_06             496.948575  793167616    2438347021  3.074        1563508            0.685        100.0
all_distinct_07             501.926897  801125301    2462021985  3.073        1596233            0.694        100.0
all_distinct_08             513.579619  819717195    2530877151  3.088        1561647            0.675        100.0
all_distinct_09             509.463740  813156504    2512061224  3.089        1531862            0.663        100.0
all_same_00                  24.312122   38793860     127482851  3.286          14185            0.246        100.0
deg0_00                       1.052701    1664398       2496942  1.500           6789            1.173        100.0
max_random_00               115.880261  184918889     566204370  3.062         368561            0.700        100.0
max_random_01                50.379984   80403964     248239131  3.087         132366            0.600        100.0
max_random_02                54.845106   87509864     269534551  3.080         150248            0.619        100.0
max_random_03               176.609289  281858884     868489374  3.081         553436            0.706        100.0
max_random_04               354.511040  565829455    1751103982  3.095        1062949            0.679        100.0
max_random_05               178.883685  285497674     881000107  3.086         551249            0.696        100.0
max_random_06               132.583119  211611464     645075359  3.048         434978            0.710        100.0
max_random_07               133.924226  213732640     650552186  3.044         447503            0.717        100.0
max_random_08               221.107206  352899275    1079911475  3.060         723139            0.706        100.0
max_random_09                50.398115   80421775     248452466  3.089         131869            0.598        100.0
small_random_00               1.145629    1813458       2729895  1.505           7764            1.281        100.0
small_random_01               1.158753    1834171       2871708  1.566           8156            1.297        100.0
small_random_02               1.212179    1919148       2998561  1.562           8302            1.282        100.0
small_random_03               1.054540    1667944       2485176  1.490           6722            1.170        100.0
small_random_04               1.116121    1766203       2630810  1.490           7472            1.258        100.0
small_random_05               1.261725    1998459       3223805  1.613           8942            1.329        100.0
small_random_06               1.242686    1968512       3213842  1.633           8727            1.285        100.0
small_random_07               1.218598    1929873       3030701  1.570           8494            1.313        100.0
small_random_08               1.219723    1931602       2971510  1.538           8443            1.324        100.0
small_random_09               1.075998    1702440       2513979  1.477           6908            1.183        100.0

src/polynomial/polynomial_root_finding/main.cxx
SHA-256: 13504d74565738230fe45fa1fa48d6216de44b8c6c8708d335d4f8c435cbfcf8
case                   task-clock (ms)     cycles  instructions    IPC  branch-misses  branch-miss (%)  running (%)
max (all_distinct_04)       128.999029          -             -      -              -                -            -
sum                        1662.976675          -             -      -              -                -            -
example_00                    0.874613    1381143       1843122  1.334           5743            1.401        100.0
example_01                    0.818722    1290910       1795033  1.391           5657            1.423        100.0
example_02                    0.863746    1363366       1852068  1.358           5848            1.434        100.0
example_03                    0.955847    1510110       2142381  1.419           6352            1.399        100.0
all_distinct_00             126.110291  201266176     500460003  2.487         333552            0.867        100.0
all_distinct_01             125.307747  199988947     496079554  2.481         329907            0.853        100.0
all_distinct_02             125.972169  201049449     500672438  2.490         333442            0.859        100.0
all_distinct_03             126.798956  202369565     503456850  2.488         332911            0.855        100.0
all_distinct_04             128.999029  205902608     512797984  2.490         334161            0.858        100.0
all_distinct_05             126.245615  201507377     501275135  2.488         332015            0.863        100.0
all_distinct_06             127.719591  203848799     508611307  2.495         332181            0.859        100.0
all_distinct_07             127.352998  203275453     506433608  2.491         334277            0.865        100.0
all_distinct_08             123.360506  196890380     487137286  2.474         329954            0.850        100.0
all_distinct_09             127.207662  203043593     504363438  2.484         339102            0.869        100.0
all_same_00                   6.088848    9704038      24316589  2.506          10645            1.049        100.0
deg0_00                       0.844364    1332356       1779748  1.336           5340            1.339        100.0
max_random_00                30.116416   48058751     119762258  2.492          82052            0.927        100.0
max_random_01                14.097682   22487142      57224051  2.545          43245            1.243        100.0
max_random_02                15.315334   24431695      61811735  2.530          46846            1.184        100.0
max_random_03                44.653928   71263844     177023587  2.484         119781            0.922        100.0
max_random_04                88.126636  140658388     351340722  2.498         215705            0.845        100.0
max_random_05                45.445169   72527694     180786511  2.493         120225            0.918        100.0
max_random_06                34.900021   55681426     137688535  2.473          97502            0.907        100.0
max_random_07                34.460057   54980883     136024014  2.474          99084            0.946        100.0
max_random_08                57.418779   91641050     226731089  2.474         155206            0.875        100.0
max_random_09                14.123117   22529302      57289952  2.543          43467            1.246        100.0
small_random_00               0.882298    1392539       1878996  1.349           5753            1.369        100.0
small_random_01               0.884733    1397264       1890882  1.353           5802            1.376        100.0
small_random_02               0.897664    1417301       1956299  1.380           5966            1.386        100.0
small_random_03               0.845487    1333969       1767353  1.325           5590            1.410        100.0
small_random_04               0.870519    1374022       1842610  1.341           5625            1.375        100.0
small_random_05               0.897909    1418057       1947412  1.373           5957            1.395        100.0
small_random_06               0.910976    1438540       1944215  1.352           6023            1.427        100.0
small_random_07               0.855747    1349946       1889619  1.400           5900            1.433        100.0
small_random_08               0.919640    1452726       1953592  1.345           6012            1.394        100.0
small_random_09               0.833859    1315821       1770917  1.346           5615            1.423        100.0
