case                 task-clock (ms)     cycles  instructions    IPC  branch-misses  branch-miss (%)  running (%)
max (max_random_01)       140.242603          -             -      -              -                -            -
sum                      1072.633520          -             -      -              -                -            -
example_00                  0.836129    1566412       1596814  1.019           5559            1.623        100.0
max_random_00             139.972546  265291194     553620476  2.087         204886            0.572        100.0
max_random_01             140.242603  265787191     553951620  2.084         205524            0.572        100.0
max_random_02             139.999856  265256939     553746699  2.088         205299            0.573        100.0
near_65536_00              65.348710  123839783     256153601  2.068         106116            0.614        100.0
near_65536_01              65.348774  123838469     256170071  2.069         107579            0.622        100.0
near_65536_02              65.487368  124120504     256318938  2.065         110404            0.638        100.0
near_65536_03              99.274450  188054084     370578900  1.971         126536            0.500        100.0
near_65536_04              99.287501  188171992     371441976  1.974         125151            0.494        100.0
random_00                 118.876787  225288590     458734563  2.036         165121            0.546        100.0
random_01                 124.120499  235264683     483634892  2.056         171050            0.543        100.0
random_02                  11.276987   21359038      41884803  1.961          27314            0.843        100.0
small_00                    0.852996    1598949       1583206  0.990           5366            1.572        100.0
small_01                    0.851448    1595490       1598449  1.002           5400            1.567        100.0
small_02                    0.856866    1606524       1605668  0.999           5611            1.623        100.0
