2026-10-01 lenovo / Intel(R) Core(TM) i5-10210U CPU @ 1.60GHz
Two complete passes; per binary/case minimum task-clock; all counters from that same run.
Cases: 25, including examples. Units: ms. No CPU pinning.
Compiler: g++ (GCC) 16.2.1 20260819 (Red Hat 16.2.1-2); rustc 1.98.1 (48a229cea 2026-09-01)
Build host: master; glibc 2.43
Environment: Linux 7.2.8-200.fc44.x86_64; affinity [0, 1, 2, 3]; stack 268435456 bytes; bench_env OK.
cxx_flags.txt: -std=c++23 -DEVAL -DONLINE_JUDGE -Iinclude -O3 -fwhole-program -fno-exceptions -fno-rtti -march=x86-64-v3 -fno-pie -no-pie -nostdlib++ -static -lm -s
cpp_flags.txt: -std=c++23 -DEVAL -DONLINE_JUDGE -Iac-library -include cassert -O3 -fwhole-program -fno-exceptions -fno-rtti -march=x86-64-v3 -fno-pie -no-pie -static -lgmp -s
rust_flags.txt: -C opt-level=3 -C codegen-units=1 -C lto=fat -C panic=abort -C target-cpu=x86-64-v3 -C target-feature=+crt-static -C relocation-model=static -C link-arg=-Wl,-u,__cxa_thread_atexit_impl -C strip=symbols

solution                                max (ms)       sum (ms)
Richard1211                              140.703322    1233.047040
Rohan_Kapri                              128.151129    1138.395424
adamant                                   76.596615    1031.521014
drken                                    127.939322    1137.900348
urectanc                                  91.313405     819.850999
main                                      64.981350     379.017882

submissions/polynomial/exp_of_formal_power_series_sparse/Richard1211.cpp
SHA-256: ccc7502fb08aa22a2238539ad69da415dea71f8cc34f35274636b9af0744ff97
case                  task-clock (ms)     cycles  instructions    IPC  branch-misses  branch-miss (%)  running (%)
max (small_dense_02)       140.703322          -             -      -              -                -            -
sum                       1233.047040          -             -      -              -                -            -
example_00                   0.984872    1556728       2413724  1.551           6653            1.194        100.0
example_01                   1.017295    1608895       2462948  1.531           6677            1.166        100.0
example_02                   1.008008    1594065       2440380  1.531           6534            1.150        100.0
max_random_00               98.068887  156530667     303947375  1.942          20238            0.056        100.0
max_random_01               92.759242  148037301     291328017  1.968          21725            0.063        100.0
max_random_02               86.570149  138173977     271599597  1.966          17803            0.054        100.0
max_random_03               89.657033  143103233     280613059  1.961          18019            0.054        100.0
max_random_04               79.226197  126453214     253230282  2.003          18528            0.060        100.0
min_K_00                    20.277481   32354500      70320900  2.173          11381            0.122        100.0
min_K_01                    23.677895   37782354      81985768  2.170          11640            0.108        100.0
random_00                   31.169092   49739600     104469920  2.100          12743            0.098        100.0
random_01                   42.597687   67969710     140868796  2.073          15447            0.091        100.0
random_02                   51.260396   81781328     165299672  2.021          14999            0.074        100.0
random_03                   23.113320   36879702      80532012  2.184          11296            0.106        100.0
random_04                   44.134735   70411990     148592317  2.110          14690            0.075        100.0
small_N_00                   0.976916    1543363       2411238  1.562           6664            1.198        100.0
small_N_01                   1.015311    1604966       2419369  1.507           6768            1.213        100.0
small_N_02                   0.997026    1576344       2423006  1.537           6473            1.150        100.0
small_N_03                   0.982778    1553596       2416081  1.555           6581            1.181        100.0
small_N_04                   1.018300    1610221       2411797  1.498           6640            1.193        100.0
small_dense_00             116.484078  185890539     451667073  2.430         121294            0.224        100.0
small_dense_01             123.040095  196367235     471508447  2.401         122235            0.218        100.0
small_dense_02             140.703322  224546340     511987259  2.280         121566            0.202        100.0
small_dense_03              51.393173   82010525     172788355  2.107          16498            0.074        100.0
small_dense_04             110.913752  177018197     431414218  2.437         119202            0.229        100.0

submissions/polynomial/exp_of_formal_power_series_sparse/Rohan_Kapri.cpp
SHA-256: 9bfc1be8732c732f03f5b43580a89505ae6eea4cecccb95cdf9dd220740c7a31
case                  task-clock (ms)     cycles  instructions    IPC  branch-misses  branch-miss (%)  running (%)
max (small_dense_02)       128.151129          -             -      -              -                -            -
sum                       1138.395424          -             -      -              -                -            -
example_00                   0.994305    1571567       2432257  1.548           6691            1.189        100.0
example_01                   1.006897    1590798       2420611  1.522           6760            1.211        100.0
example_02                   0.991850    1567522       2425888  1.548           6591            1.173        100.0
max_random_00               79.877804  127381663     269463274  2.115          14339            0.045        100.0
max_random_01               77.039064  122847321     258015348  2.100          14962            0.048        100.0
max_random_02               73.640430  117435447     239648534  2.041          14461            0.048        100.0
max_random_03               74.763802  119244020     247681197  2.077          13463            0.044        100.0
max_random_04               69.623747  111039722     222309568  2.002          13333            0.046        100.0
min_K_00                    19.888926   31733577      53594691  1.689           9850            0.115        100.0
min_K_01                    23.494775   37490053      63154860  1.685          10227            0.102        100.0
random_00                   26.974236   43044614      90374743  2.100          10268            0.087        100.0
random_01                   35.631066   56862512     124214887  2.184          11683            0.078        100.0
random_02                   41.773393   66667735     141147324  2.117          11440            0.064        100.0
random_03                   22.679946   36189191      66636555  1.841          10254            0.099        100.0
random_04                   44.037731   70196962     124213288  1.769          11891            0.060        100.0
small_N_00                   1.002958    1585743       2457171  1.550           6767            1.184        100.0
small_N_01                   1.024517    1619561       2413825  1.490           6697            1.202        100.0
small_N_02                   1.009305    1595870       2420701  1.517           6759            1.211        100.0
small_N_03                   1.019342    1612104       2452579  1.521           6740            1.180        100.0
small_N_04                   1.031970    1631944       2443758  1.497           6652            1.173        100.0
small_dense_00             120.566749  192357916     235799580  1.226         133945            0.509        100.0
small_dense_01             122.657519  195679369     258782238  1.322         134693            0.460        100.0
small_dense_02             128.151129  204437351     298245740  1.459         134183            0.417        100.0
small_dense_03              52.662950   83950465     134492922  1.602          13137            0.062        100.0
small_dense_04             116.851013  186387943     221121302  1.186         134584            0.496        100.0

submissions/polynomial/exp_of_formal_power_series_sparse/adamant.cpp
SHA-256: 85f4f707280fc9d072d1020d104c1e2041cf718a8f9f1e25990eb71218cd5e8b
case                  task-clock (ms)     cycles  instructions    IPC  branch-misses  branch-miss (%)  running (%)
max (small_dense_02)        76.596615          -             -      -              -                -            -
sum                       1031.521014          -             -      -              -                -            -
example_00                  18.820215   30013819      42063713  1.401           8739            0.749        100.0
example_01                  18.782578   29967694      42047928  1.403           8467            0.727        100.0
example_02                  18.792522   29983704      42075498  1.403           8377            0.713        100.0
max_random_00               61.714406   98395653     230989122  2.348          13741            0.063        100.0
max_random_01               60.988363   97237731     225885410  2.323          14478            0.068        100.0
max_random_02               60.360732   96253798     216724885  2.252          13427            0.066        100.0
max_random_03               60.123965   95876055     220492552  2.300          13539            0.066        100.0
max_random_04               58.215619   92828581     208299220  2.244          13343            0.069        100.0
min_K_00                    28.630942   45687564      72603961  1.589           9384            0.170        100.0
min_K_01                    30.466870   48619712      78301434  1.610           9626            0.153        100.0
random_00                   34.769784   55471380     109971392  1.982          11660            0.132        100.0
random_01                   39.149418   62479628     131384411  2.103          10935            0.098        100.0
random_02                   42.325129   67531633     144143511  2.134          12132            0.098        100.0
random_03                   32.482664   51836954      94319520  1.820          10735            0.149        100.0
random_04                   44.730963   71287675     144215540  2.023          12729            0.106        100.0
small_N_00                  18.804442   30003487      42083090  1.403           8498            0.723        100.0
small_N_01                  18.802759   29999434      42060901  1.402           8695            0.745        100.0
small_N_02                  18.804582   30002490      42100973  1.403           8573            0.726        100.0
small_N_03                   1.043087    1649643       2470131  1.497           7235            1.273        100.0
small_N_04                  18.796103   29989360      42086263  1.403           8548            0.726        100.0
small_dense_00              75.194965  119931932     221393054  1.846          11092            0.052        100.0
small_dense_01              75.562881  120604022     233445809  1.936          11017            0.047        100.0
small_dense_02              76.596615  122240537     255449320  2.090          11406            0.043        100.0
small_dense_03              42.997062   68505702     115474761  1.686          10497            0.094        100.0
small_dense_04              74.564348  119011050     209412881  1.760          11017            0.057        100.0

submissions/polynomial/exp_of_formal_power_series_sparse/drken.cpp
SHA-256: 40026398e2700349cd6fddf7a22791b41009875f0acb88350fe4f8fc3b9502b9
case                  task-clock (ms)     cycles  instructions    IPC  branch-misses  branch-miss (%)  running (%)
max (small_dense_02)       127.939322          -             -      -              -                -            -
sum                       1137.900348          -             -      -              -                -            -
example_00                   1.023781    1617703       2434810  1.505           6761            1.200        100.0
example_01                   0.998194    1578068       2401739  1.522           6685            1.206        100.0
example_02                   1.018743    1610528       2453355  1.523           6810            1.196        100.0
max_random_00               79.721807  127124962     268816532  2.115          14614            0.046        100.0
max_random_01               77.064017  122916163     257772504  2.097          14444            0.046        100.0
max_random_02               73.810514  117722185     239586996  2.035          13914            0.046        100.0
max_random_03               74.906867  119456409     248456186  2.080          14263            0.046        100.0
max_random_04               69.558597  110934746     222090740  2.002          13543            0.047        100.0
min_K_00                    19.836407   31650200      53602000  1.694           9824            0.115        100.0
min_K_01                    23.508703   37512378      63123489  1.683          10110            0.101        100.0
random_00                   26.887463   42905230      90381608  2.107          10243            0.087        100.0
random_01                   35.665095   56917165     124241007  2.183          11968            0.080        100.0
random_02                   41.743532   66619796     141166967  2.119          11822            0.066        100.0
random_03                   22.710035   36236435      66660712  1.840          10159            0.098        100.0
random_04                   43.991464   70123794     123964096  1.768          12224            0.062        100.0
small_N_00                   0.984109    1556187       2403775  1.545           6644            1.198        100.0
small_N_01                   1.022802    1617503       2434146  1.505           6743            1.197        100.0
small_N_02                   0.995993    1574442       2431221  1.544           6721            1.191        100.0
small_N_03                   1.013199    1601135       2455675  1.534           6665            1.167        100.0
small_N_04                   1.038327    1641362       2416810  1.472           6696            1.201        100.0
small_dense_00             120.270389  191861821     235135197  1.226         129963            0.497        100.0
small_dense_01             122.697605  195723354     258463020  1.321         130532            0.447        100.0
small_dense_02             127.939322  204099971     298147014  1.461         129529            0.403        100.0
small_dense_03              52.533663   83741671     134147156  1.602          13005            0.062        100.0
small_dense_04             116.959720  186601861     221249078  1.186         129116            0.475        100.0

submissions/polynomial/exp_of_formal_power_series_sparse/urectanc.rs
SHA-256: 98bf7e6db2d69d0a880b13af64a11649bfccc447079a7f494a3a418e20bb4b6c
case                  task-clock (ms)     cycles  instructions    IPC  branch-misses  branch-miss (%)  running (%)
max (small_dense_02)        91.313405          -             -      -              -                -            -
sum                        819.850999          -             -      -              -                -            -
example_00                   1.130746    1790159       2294878  1.282           7043            1.364        100.0
example_01                   1.115304    1765251       2344460  1.328           7067            1.326        100.0
example_02                   1.117315    1768755       2330778  1.318           6870            1.300        100.0
max_random_00               73.087391  116652887     307278864  2.634          11652            0.031        100.0
max_random_01               69.600826  111073989     287283884  2.586          12102            0.034        100.0
max_random_02               63.665207  101598696     255917307  2.519          11747            0.036        100.0
max_random_03               66.138214  105543164     270296155  2.561          11799            0.035        100.0
max_random_04               57.944656   92481386     226604924  2.450          11201            0.038        100.0
min_K_00                     6.574948   10480710      18782833  1.792           8256            0.245        100.0
min_K_01                     7.660897   12214645      22101880  1.809           8552            0.217        100.0
random_00                   23.315355   37202958      93813701  2.522           9252            0.076        100.0
random_01                   33.240524   53046900     140253212  2.644          10877            0.064        100.0
random_02                   36.989135   59031014     152319488  2.580          10162            0.053        100.0
random_03                   15.511425   24746038      49599075  2.004           8894            0.108        100.0
random_04                   29.016633   46305559      90557414  1.956           9717            0.064        100.0
small_N_00                   1.125179    1780306       2296654  1.290           7009            1.355        100.0
small_N_01                   1.132339    1793049       2311892  1.289           7096            1.364        100.0
small_N_02                   1.132465    1791551       2311914  1.290           7048            1.356        100.0
small_N_03                   1.120155    1772584       2305834  1.301           6958            1.335        100.0
small_N_04                   1.129401    1787889       2303457  1.288           6976            1.345        100.0
small_dense_00              72.595275  115852311     249249707  2.151         117865            0.417        100.0
small_dense_01              79.000215  126076512     281346379  2.232         118068            0.377        100.0
small_dense_02              91.313405  145719828     345346973  2.370         118206            0.317        100.0
small_dense_03              15.685180   25024098      45299694  1.810           9264            0.117        100.0
small_dense_04              69.508809  110941406     217160910  1.957         117551            0.466        100.0

src/polynomial/exp_of_formal_power_series_sparse/main.cxx
SHA-256: abaf852ee6772be5897c6228298af3e5f3cf036dc57972f3dd9fe6420795cd0d
case                  task-clock (ms)     cycles  instructions    IPC  branch-misses  branch-miss (%)  running (%)
max (small_dense_02)        64.981350          -             -      -              -                -            -
sum                        379.017882          -             -      -              -                -            -
example_00                   0.818302    1290636       1775099  1.375           5640            1.419        100.0
example_01                   0.831331    1311076       1752785  1.337           5534            1.416        100.0
example_02                   0.834791    1316665       1764970  1.340           5544            1.402        100.0
max_random_00               16.079736   25653872      47135141  1.837          10054            0.125        100.0
max_random_01               16.152112   25769228      47209616  1.832          11069            0.137        100.0
max_random_02               16.058176   25619347      47149029  1.840           9912            0.123        100.0
max_random_03               15.988123   25506092      47119719  1.847           9637            0.120        100.0
max_random_04               15.984766   25502029      47097299  1.847           9531            0.118        100.0
min_K_00                     3.116229    4959237       9995820  2.016           6825            0.404        100.0
min_K_01                     3.497248    5567872      11464383  2.059           6863            0.358        100.0
random_00                    6.682353   10652565      19663782  1.846           7778            0.226        100.0
random_01                    7.851468   12518467      23020282  1.839           9929            0.249        100.0
random_02                    9.504423   15143634      28118796  1.857           9041            0.186        100.0
random_03                    7.261442   11576354      21398279  1.848           7828            0.210        100.0
random_04                   13.030932   20786652      38186036  1.837           8690            0.133        100.0
small_N_00                   0.815384    1286194       1767252  1.374           5515            1.393        100.0
small_N_01                   0.783761    1234803       1764971  1.429           5377            1.360        100.0
small_N_02                   0.819130    1292990       1772651  1.371           5637            1.420        100.0
small_N_03                   0.846663    1336219       1788174  1.338           5594            1.384        100.0
small_N_04                   0.833932    1315895       1770837  1.346           5518            1.384        100.0
small_dense_00              56.561745   90256988     168566665  1.868          10909            0.060        100.0
small_dense_01              58.587500   93507702     189412804  2.026          11445            0.057        100.0
small_dense_02              64.981350  103713423     231395086  2.231           9978            0.041        100.0
small_dense_03               6.712026   10699030      22365047  2.090           7330            0.204        100.0
small_dense_04              54.384959   86800237     147348901  1.698          10170            0.063        100.0
