2026-10-02 lenovo / Intel(R) Core(TM) i5-10210U CPU @ 1.60GHz
Two complete passes per binary; per case minimum task-clock; all counters from that same run.
Unchanged binaries reuse their recorded passes; each section identifies its measurement batch.
Cases: 27, including examples. Units: ms. No CPU pinning.
Compiler: g++ (GCC) 16.2.1 20260819 (Red Hat 16.2.1-2); rustc 1.98.1 (48a229cea 2026-09-01)
Build host: fedora; glibc 2.43
Environment: Linux 7.2.8-200.fc44.x86_64; affinity [0, 1, 2, 3]; stack 268435456 bytes; bench_env OK.
cxx_flags.txt: -std=c++23 -DEVAL -DONLINE_JUDGE -Iinclude -O3 -fwhole-program -fno-exceptions -fno-rtti -march=x86-64-v3 -fno-pie -no-pie -nostdlib++ -static -lm -s
cpp_flags.txt: -std=c++23 -DEVAL -DONLINE_JUDGE -Iac-library -include cassert -O3 -fwhole-program -fno-exceptions -fno-rtti -march=x86-64-v3 -fno-pie -no-pie -static -lgmp -s
rust_flags.txt: -C opt-level=3 -C codegen-units=1 -C lto=fat -C panic=abort -C target-cpu=x86-64-v3 -C target-feature=+crt-static -C relocation-model=static -C link-arg=-Wl,-u,__cxa_thread_atexit_impl -C strip=symbols

solution                                max (ms)       sum (ms)
Anonymous                                 49.276923     506.650589
Kiffaz11                                  37.720507     469.105802
Nachia                                    57.229846     637.393645
Rohan_Kapri                               37.586423     468.580352
oldyan                                    46.548849     500.432331
main                                      31.270518     345.683759

submissions/graph/eulerian_trail_directed/Anonymous.cpp
SHA-256: 5d967d465f70cfa249c08216a50d83d105c31a79e4e48c98cfd16fbb47edce9e
Measured: bench/graph-polish-20261002/accepted-37 [Anonymous]
case                      task-clock (ms)    cycles  instructions    IPC  branch-misses  branch-miss (%)  running (%)
max (max_random_walk_02)        49.276923         -             -      -              -                -            -
sum                            506.650589         -             -      -              -                -            -
example_00                       0.814193   1283175       1862368  1.451           5496            1.311        100.0
example_01                       0.820287   1294683       1872513  1.446           5740            1.362        100.0
euler_tour_00                   31.308201  49944140      70086322  1.403         272334            2.510        100.0
euler_tour_01                   31.860303  50842967      70717795  1.391         297475            2.713        100.0
euler_tour_02                   30.632016  48884196      68554526  1.402         294408            2.813        100.0
euler_tour_03                   29.569148  47186774      67545848  1.431         274400            2.686        100.0
many_same_vertex_00             37.769662  60234128      87186739  1.447         288937            2.068        100.0
many_same_vertex_01             38.252180  61004669      87513272  1.435         292907            2.088        100.0
many_same_vertex_02             39.854630  63579112      86265194  1.357         400713            2.891        100.0
max_random_00                    8.939361  14255584      31330596  2.198          48998            0.988        100.0
max_random_01                    9.631499  15359555      32205026  2.097          55327            1.072        100.0
max_random_02                   20.604411  32877347      46594324  1.417         236869            3.201        100.0
max_random_walk_00              22.436976  35802226      68575402  1.915         114901            0.992        100.0
max_random_walk_01              24.860967  39672013      69558132  1.753         130482            1.121        100.0
max_random_walk_02              49.276923  78644945      85373400  1.086         483397            3.522        100.0
mid_random_00                    7.163290  11419142      26402406  2.312         109257            2.831        100.0
mid_random_01                    7.378641  11763512      26369442  2.242         118322            3.063        100.0
mid_random_02                    7.091539  11304960      26371957  2.333         103382            2.681        100.0
mid_random_walk_00              15.464561  24671335      51915333  2.104         248525            3.068        100.0
mid_random_walk_01              15.611963  24906108      52158176  2.094         246436            3.027        100.0
mid_random_walk_02              15.661917  24985721      52078549  2.084         259275            3.193        100.0
small_random_00                  7.002578  11162714      27949887  2.504          92837            2.035        100.0
small_random_01                  7.137008  11377947      28434509  2.499          96428            2.074        100.0
small_random_02                  7.049905  11238010      28073557  2.498          96871            2.113        100.0
small_random_walk_00            13.471891  21490373      51498692  2.396         168133            1.922        100.0
small_random_walk_01            13.524527  21573632      51551891  2.390         168464            1.924        100.0
small_random_walk_02            13.462012  21473664      51533991  2.400         165161            1.886        100.0

submissions/graph/eulerian_trail_directed/Kiffaz11.cpp
SHA-256: 075b66fca77dceab9876f91c72a2906aed8120756cd1e2935fc74bef84c7ebab
Measured: bench/graph-polish-20261002/accepted-37 [Kiffaz11]
case                      task-clock (ms)    cycles  instructions    IPC  branch-misses  branch-miss (%)  running (%)
max (max_random_walk_02)        37.720507         -             -      -              -                -            -
sum                            469.105802         -             -      -              -                -            -
example_00                       0.985725   1558110       2491720  1.599           6728            1.171        100.0
example_01                       1.015698   1606064       2496498  1.554           6860            1.192        100.0
euler_tour_00                   30.140877  48099908      92224365  1.917         119442            0.893        100.0
euler_tour_01                   30.865231  49255114      92358219  1.875         145348            1.084        100.0
euler_tour_02                   30.911800  49329950      91971444  1.864         145290            1.090        100.0
euler_tour_03                   29.988836  47856321      91692985  1.916         129641            0.978        100.0
many_same_vertex_00             30.432594  48564901      99185091  2.042         118156            0.806        100.0
many_same_vertex_01             30.995873  49463790      99175358  2.005         118435            0.808        100.0
many_same_vertex_02             31.718024  50617486      98516558  1.946         194031            1.330        100.0
max_random_00                    7.078841  11284142      28717841  2.545          49176            1.501        100.0
max_random_01                    7.685431  12252634      32721940  2.671          50197            1.363        100.0
max_random_02                   14.616644  23318101      45277169  1.942         217645            4.168        100.0
max_random_walk_00              19.359848  30890437      79789274  2.583          72246            0.595        100.0
max_random_walk_01              21.808318  34798547      84049578  2.415          55415            0.440        100.0
max_random_walk_02              37.720507  60187076      98059442  1.629         223964            1.540        100.0
mid_random_00                    7.074653  11278124      29228621  2.592          96959            3.141        100.0
mid_random_01                    7.237845  11538595      29346669  2.543         105130            3.394        100.0
mid_random_02                    7.010799  11175441      29302966  2.622          92280            2.987        100.0
mid_random_walk_00              17.460635  27856657      77552623  2.784         156619            1.364        100.0
mid_random_walk_01              17.585963  28056290      77842423  2.775         155087            1.348        100.0
mid_random_walk_02              17.667320  28187173      77784416  2.760         164665            1.428        100.0
small_random_00                  6.413318  10222330      27170853  2.658          57689            1.801        100.0
small_random_01                  6.600029  10520285      27726480  2.636          60843            1.837        100.0
small_random_02                  6.502709  10364527      27225329  2.627          61064            1.899        100.0
small_random_walk_00            16.762729  26743171      70702145  2.644         183957            1.680        100.0
small_random_walk_01            16.740605  26707467      70713960  2.648         184922            1.688        100.0
small_random_walk_02            16.724950  26681871      70524950  2.643         182906            1.674        100.0

submissions/graph/eulerian_trail_directed/Nachia.cpp
SHA-256: 9078ac1de5589b80bf96d66e414cdc95c9d1cee1184f66640c30c27e194264a0
Measured: bench/graph-polish-20261002/accepted-37 [Nachia]
case                      task-clock (ms)    cycles  instructions    IPC  branch-misses  branch-miss (%)  running (%)
max (max_random_walk_02)        57.229846         -             -      -              -                -            -
sum                            637.393645         -             -      -              -                -            -
example_00                       0.823825   1300311       1876088  1.443           5763            1.365        100.0
example_01                       0.814951   1285336       1874434  1.458           5765            1.366        100.0
euler_tour_00                   45.434057  72511325     107233766  1.479         232041            1.121        100.0
euler_tour_01                   46.291792  73862153     108125690  1.464         257284            1.235        100.0
euler_tour_02                   46.800403  74642680     108134553  1.449         264766            1.271        100.0
euler_tour_03                   45.903081  73259658     108132061  1.476         249407            1.198        100.0
many_same_vertex_00             41.933285  66922476     111429255  1.665         250511            1.164        100.0
many_same_vertex_01             42.502344  67832226     111428226  1.643         254113            1.180        100.0
many_same_vertex_02             45.356062  72386448     111425143  1.539         368892            1.717        100.0
max_random_00                   11.257262  17955694      39256953  2.186          55751            0.641        100.0
max_random_01                   12.505103  19948077      43712723  2.191          61151            0.642        100.0
max_random_02                   20.596542  32864421      58710720  1.786         223695            1.834        100.0
max_random_walk_00              23.747887  37894076      78311527  2.067          87229            0.543        100.0
max_random_walk_01              29.958755  47808014      85166528  1.781          99435            0.575        100.0
max_random_walk_02              57.229846  91340755     110088690  1.205         428977            2.016        100.0
mid_random_00                    9.304857  14838140      36155164  2.437         117668            1.488        100.0
mid_random_01                    9.360080  14925801      36121208  2.420         120655            1.526        100.0
mid_random_02                    9.209888  14686555      36182812  2.464         109928            1.389        100.0
mid_random_walk_00              19.883752  31724024      71860072  2.265         226743            1.536        100.0
mid_random_walk_01              20.018679  31938978      72502478  2.270         222413            1.497        100.0
mid_random_walk_02              20.010354  31927061      72027312  2.256         236046            1.596        100.0
small_random_00                  9.177800  14635263      35267776  2.410         102336            1.281        100.0
small_random_01                  9.367143  14937563      35757639  2.394         107004            1.322        100.0
small_random_02                  9.260961  14767855      35403408  2.397         107693            1.343        100.0
small_random_walk_00            16.869691  26914226      60377613  2.243         215622            1.623        100.0
small_random_walk_01            16.913542  26971313      60418680  2.240         216323            1.627        100.0
small_random_walk_02            16.861703  26900847      60389311  2.245         212822            1.600        100.0

submissions/graph/eulerian_trail_directed/Rohan_Kapri.cpp
SHA-256: 97417fcd4fa2e5c25c8e575a0539a8e56d5849945ef9beba03b5b051f8891718
Measured: bench/graph-polish-20261002/accepted-37 [Rohan_Kapri]
case                      task-clock (ms)    cycles  instructions    IPC  branch-misses  branch-miss (%)  running (%)
max (max_random_walk_02)        37.586423         -             -      -              -                -            -
sum                            468.580352         -             -      -              -                -            -
example_00                       0.996059   1574812       2511355  1.595           6905            1.190        100.0
example_01                       1.019144   1611638       2514541  1.560           6770            1.160        100.0
euler_tour_00                   30.201471  48197401      92244554  1.914         119859            0.896        100.0
euler_tour_01                   30.849679  49229746      92329329  1.875         144707            1.080        100.0
euler_tour_02                   30.497301  48667867      91922478  1.889         144574            1.086        100.0
euler_tour_03                   29.963933  47816626      91724860  1.918         129106            0.973        100.0
many_same_vertex_00             30.650965  48913743      99188484  2.028         118199            0.806        100.0
many_same_vertex_01             30.907521  49323396      99191816  2.011         118935            0.811        100.0
many_same_vertex_02             31.729434  50635361      98503992  1.945         193838            1.329        100.0
max_random_00                    7.051239  11241105      28661706  2.550          49077            1.506        100.0
max_random_01                    7.656478  12206555      32713575  2.680          50316            1.367        100.0
max_random_02                   14.586473  23269568      45279155  1.946         217763            4.167        100.0
max_random_walk_00              19.328841  30839920      79812788  2.588          72426            0.597        100.0
max_random_walk_01              21.675577  34587430      84052524  2.430          55216            0.438        100.0
max_random_walk_02              37.586423  59984289      98047967  1.635         223469            1.537        100.0
mid_random_00                    7.113004  11339721      29266269  2.581          96820            3.125        100.0
mid_random_01                    7.238841  11540448      29367476  2.545         104883            3.378        100.0
mid_random_02                    6.994400  11149481      29330317  2.631          92126            2.975        100.0
mid_random_walk_00              17.495086  27911827      77554651  2.779         156529            1.363        100.0
mid_random_walk_01              17.529769  27967671      77853101  2.784         154749            1.345        100.0
mid_random_walk_02              17.697121  28234469      77779359  2.755         164420            1.426        100.0
small_random_00                  6.441965  10268023      27208719  2.650          57872            1.802        100.0
small_random_01                  6.613288  10541764      27701663  2.628          60831            1.840        100.0
small_random_02                  6.506773  10371457      27268480  2.629          61418            1.904        100.0
small_random_walk_00            16.760893  26740131      70719024  2.645         184748            1.686        100.0
small_random_walk_01            16.770114  26754317      70721317  2.643         184960            1.688        100.0
small_random_walk_02            16.718560  26671532      70513557  2.644         182870            1.674        100.0

submissions/graph/eulerian_trail_directed/oldyan.cpp
SHA-256: 47b9d704d846512a26a75f953676c44d97b5df1b15de47d47ace8c2df6569db1
Measured: bench/graph-polish-20261002/accepted-37 [oldyan]
case                      task-clock (ms)    cycles  instructions    IPC  branch-misses  branch-miss (%)  running (%)
max (max_random_walk_02)        46.548849         -             -      -              -                -            -
sum                            500.432331         -             -      -              -                -            -
example_00                       0.830205   1310712       1830792  1.397           5541            1.344        100.0
example_01                       0.807401   1273935       1810433  1.421           5388            1.327        100.0
euler_tour_00                   29.419285  46947864      62857093  1.339         282030            2.879        100.0
euler_tour_01                   30.202603  48198807      63508896  1.318         308532            3.111        100.0
euler_tour_02                   29.133422  46491829      61341683  1.319         301458            3.202        100.0
euler_tour_03                   27.970370  44634699      60360191  1.352         280587            3.058        100.0
many_same_vertex_00             35.393889  56485550      78491663  1.390         288924            2.276        100.0
many_same_vertex_01             35.706095  56983318      78781196  1.383         291409            2.289        100.0
many_same_vertex_02             37.063856  59150757      77372426  1.308         400510            3.195        100.0
max_random_00                    6.735039  10736338      24916027  2.321          46948            1.284        100.0
max_random_01                    7.420309  11828833      25889187  2.189          53445            1.377        100.0
max_random_02                   16.561722  26423498      37345718  1.413         227790            4.008        100.0
max_random_walk_00              20.990159  33492107      62734504  1.873         116158            1.083        100.0
max_random_walk_01              23.750282  37899355      63722963  1.681         133651            1.239        100.0
max_random_walk_02              46.548849  74291949      76839346  1.034         489637            3.922        100.0
mid_random_00                    8.480485  13522438      26779678  1.980         106358            2.619        100.0
mid_random_01                    8.491421  13539543      26574681  1.963         114734            2.857        100.0
mid_random_02                    8.320314  13266361      26702618  2.013         100316            2.483        100.0
mid_random_walk_00              18.051575  28800678      52799945  1.833         254820            2.910        100.0
mid_random_walk_01              18.214045  29060880      52889727  1.820         251582            2.871        100.0
mid_random_walk_02              18.355642  29286977      53024183  1.811         265521            3.017        100.0
small_random_00                  8.402697  13398860      27396945  2.045          71540            1.577        100.0
small_random_01                  8.654394  13800647      27957978  2.026          74911            1.613        100.0
small_random_02                  8.549762  13620999      27624381  2.028          75981            1.657        100.0
small_random_walk_00            15.456430  24658859      50420289  2.045         150266            1.683        100.0
small_random_walk_01            15.458335  24662471      50423391  2.045         149874            1.678        100.0
small_random_walk_02            15.463745  24671276      50479798  2.046         147491            1.647        100.0

src/graph/eulerian_trail_directed/main.cxx
SHA-256: dae416a3cdd1b92aee4bcc806fe2190ce2f4c9a959c3af3623428fec0b25ad78
Measured: bench/graph-polish-20261002/accepted-37 [main]
case                      task-clock (ms)    cycles  instructions    IPC  branch-misses  branch-miss (%)  running (%)
max (max_random_walk_02)        31.270518         -             -      -              -                -            -
sum                            345.683759         -             -      -              -                -            -
example_00                       0.774211   1220840       1776214  1.455           5733            1.442        100.0
example_01                       0.794378   1253075       1787212  1.426           5699            1.418        100.0
euler_tour_00                   23.367537  37287188      47907681  1.285          81167            1.498        100.0
euler_tour_01                   23.618649  37670185      47672148  1.266          98199            1.833        100.0
euler_tour_02                   23.374714  37298937      47223227  1.266         102267            1.944        100.0
euler_tour_03                   22.638293  36122505      47030001  1.302          85974            1.646        100.0
many_same_vertex_00             23.730020  37866452      52792637  1.394          13789            0.213        100.0
many_same_vertex_01             24.006098  38306400      52836463  1.379          13443            0.207        100.0
many_same_vertex_02             23.827699  38004612      52804543  1.389          14089            0.218        100.0
max_random_00                    4.495572   7161002      15778414  2.203           8578            0.728        100.0
max_random_01                    4.565228   7272274      15876568  2.183           9052            0.755        100.0
max_random_02                    6.118948   9752136      17032340  1.747          10081            0.694        100.0
max_random_walk_00              14.123532  22531477      43278494  1.921          10662            0.223        100.0
max_random_walk_01              16.066851  25633846      43354957  1.691          11680            0.243        100.0
max_random_walk_02              31.270518  49902291      52830943  1.059          14125            0.218        100.0
mid_random_00                    4.855018   7735207      14223642  1.839           7591            0.714        100.0
mid_random_01                    4.806232   7656673      14181013  1.852           7533            0.718        100.0
mid_random_02                    4.704991   7495864      14183927  1.892           7556            0.734        100.0
mid_random_walk_00              11.564773  18445723      37010063  2.006          51380            1.358        100.0
mid_random_walk_01              11.614953  18525476      36949793  1.995          55293            1.474        100.0
mid_random_walk_02              11.290674  18008248      36588954  2.032          55626            1.502        100.0
small_random_00                  6.058487   9656194      17633208  1.826          24539            1.446        100.0
small_random_01                  6.194334   9873088      18003908  1.824          25489            1.458        100.0
small_random_02                  6.084059   9696550      17677455  1.823          25186            1.476        100.0
small_random_walk_00            11.869272  18931313      40062479  2.116          67230            1.375        100.0
small_random_walk_01            11.942550  19048480      40138898  2.107          67530            1.376        100.0
small_random_walk_02            11.926168  19009503      40155805  2.112          68382            1.392        100.0
