case                   task-clock (ms)     cycles  instructions    IPC  branch-misses  branch-miss (%)  running (%)
max (max_random_00)          60.278277          -             -      -              -                -            -
sum                         571.455134          -             -      -              -                -            -
example_00                    0.846702    1586876       1596676  1.006           5218            1.501        100.0
all_zero_00                   0.888335    1665502       1617737  0.971           5467            1.553        100.0
max_random_00                60.278277  114105346     207537620  1.819         239110            1.167        100.0
max_random_01                59.963945  113521608     207542919  1.828         240822            1.176        100.0
near_prime_00                59.297714  112269926     207531046  1.849         238978            1.167        100.0
near_prime_01                59.336240  112324257     207519645  1.848         239401            1.169        100.0
near_prime_02                59.994326  113572403     207531933  1.827         241113            1.177        100.0
near_prime_squared_00        59.397031  112459192     206293260  1.834         238395            1.171        100.0
near_prime_squared_01        59.903026  113396203     206297816  1.819         238250            1.170        100.0
near_prime_squared_02        58.646741  111035973     206271134  1.858         238058            1.169        100.0
random_00                    21.581967   40892779      81457746  1.992          98178            1.197        100.0
random_01                    25.560321   48434313      96520184  1.993         115153            1.191        100.0
random_02                    32.302585   61199751     120205786  1.964         142725            1.190        100.0
small_00                      0.843365    1579383       1590832  1.007           5379            1.575        100.0
small_01                      0.879046    1649361       1609503  0.976           5452            1.549        100.0
small_02                      0.824873    1546008       1586689  1.026           5381            1.579        100.0
small_03                      0.826141    1547502       1590011  1.027           5498            1.610        100.0
small_04                      0.845626    1584930       1572526  0.992           5275            1.561        100.0
small_05                      0.815104    1526676       1588008  1.040           5266            1.545        100.0
small_06                      0.830621    1556213       1568050  1.008           5200            1.544        100.0
small_07                      0.826493    1547418       1575715  1.018           5435            1.605        100.0
small_08                      0.850872    1594999       1587027  0.995           5417            1.590        100.0
small_09                      0.837447    1569547       1589150  1.012           5475            1.606        100.0
small_10                      0.845160    1584445       1587544  1.002           5389            1.582        100.0
small_11                      0.876394    1642863       1627247  0.990           5424            1.527        100.0
small_12                      0.811864    1519773       1583747  1.042           5301            1.559        100.0
small_13                      0.867934    1627036       1629340  1.001           5482            1.541        100.0
small_14                      0.808141    1513500       1589728  1.050           5398            1.582        100.0
small_15                      0.868843    1628581       1586818  0.974           5449            1.601        100.0
