2026-10-01 lenovo / Intel(R) Core(TM) i5-10210U CPU @ 1.60GHz
Two complete passes per binary; per case minimum task-clock; all counters from that same run.
Unchanged binaries reuse their recorded passes; each section identifies its measurement batch.
Cases: 30, including examples. Units: ms. No CPU pinning.
Compiler: g++ (GCC) 16.2.1 20260819 (Red Hat 16.2.1-2); rustc 1.98.1 (48a229cea 2026-09-01)
Build host: master (old results); fedora (new submissions); glibc 2.43
Environment: Linux 7.2.8-200.fc44.x86_64; affinity [0, 1, 2, 3]; stack 268435456 bytes; bench_env OK.
cxx_flags.txt: -std=c++23 -DEVAL -DONLINE_JUDGE -Iinclude -O3 -fwhole-program -fno-exceptions -fno-rtti -march=x86-64-v3 -fno-pie -no-pie -nostdlib++ -static -lm -s
cpp_flags.txt: -std=c++23 -DEVAL -DONLINE_JUDGE -Iac-library -include cassert -O3 -fwhole-program -fno-exceptions -fno-rtti -march=x86-64-v3 -fno-pie -no-pie -static -lgmp -s
rust_flags.txt: -C opt-level=3 -C codegen-units=1 -C lto=fat -C panic=abort -C target-cpu=x86-64-v3 -C target-feature=+crt-static -C relocation-model=static -C link-arg=-Wl,-u,__cxa_thread_atexit_impl -C strip=symbols

solution                                max (ms)       sum (ms)
Nachia                                   274.403660    4332.164957
Rohan_Kapri                              239.115720    4259.778423
isaunoya                                 289.192004    5431.140179
maspy                                    240.725435    4262.040749
soryuusi0219                             246.616487    4646.619003
main                                     118.504797    2292.844905
toomer                                   261.328342    4288.378511

submissions/tree/rooted_tree_topological_order_with_minimum_inversions/Nachia.cpp
SHA-256: 02487b31b34d9b93c41e4bc1f003c36913e2d9f4d60590269a6350be07e87fcf
Measured: full-20261001, original two complete passes
case                       task-clock (ms)     cycles  instructions    IPC  branch-misses  branch-miss (%)  running (%)
max (max_typical_tree_00)       274.403660          -             -      -              -                -            -
sum                            4332.164957          -             -      -              -                -            -
example_00                        0.863166    1363009       1843149  1.352           5616            1.359        100.0
example_01                        0.815906    1286943       1852646  1.440           5734            1.381        100.0
almost_line_00                  259.878862  414751996     337419139  0.814        1342361            2.597        100.0
almost_line_01                  256.530531  409409581     337818545  0.825        1341492            2.593        100.0
max_bival_00                    147.611069  235573954     277712183  1.179        1591788            3.462        100.0
max_bival_01                    147.045391  234679951     277665274  1.183        1611682            3.505        100.0
max_bival_02                    147.136612  234856460     277646299  1.182        1571896            3.416        100.0
max_random_00                   247.181777  394513249     303676514  0.770        1276157            2.682        100.0
max_random_01                   244.444330  390161792     303390852  0.778        1273398            2.679        100.0
max_random_02                   245.546060  391903290     303503989  0.774        1273264            2.678        100.0
max_random_03                   245.666196  392085390     303490472  0.774        1277606            2.688        100.0
max_random_04                   247.578205  395161722     303904324  0.769        1278442            2.686        100.0
max_typical_tree_00             274.403660  437968193     363723999  0.830        1293185            2.367        100.0
max_typical_tree_01             153.144131  244413134     225707841  0.923         557968            1.491        100.0
max_typical_tree_02             153.747858  245369418     226230125  0.922         559670            1.493        100.0
max_typical_tree_03             245.084597  391144342     305422127  0.781        1179893            2.486        100.0
min_00                            0.843593    1331796       1903431  1.429           5772            1.331        100.0
min_01                            0.806972    1272939       1867794  1.467           5473            1.296        100.0
min_02                            0.821030    1296045       1891148  1.459           5642            1.315        100.0
random_00                       122.976192  196290573     189060678  0.963         790477            2.654        100.0
random_01                       160.730912  256527258     228891880  0.892         946396            2.620        100.0
random_02                        43.028756   68671754      78026872  1.136         339070            2.705        100.0
random_03                       187.599311  299417309     253720142  0.847        1060332            2.656        100.0
random_04                        10.257648   16359623      21705021  1.327          99357            2.743        100.0
two_path_00                     137.257409  219052530     486085019  2.219         143473            0.191        100.0
two_path_01                      76.626485  122303017     229591392  1.877         102114            0.267        100.0
two_path_02                     273.282863  436165969     363587851  0.834        1292793            2.367        100.0
two_path_03                     138.196218  220543620     449049194  2.036         365891            0.530        100.0
two_path_04                      79.751165  127264656     231175699  1.816         129683            0.337        100.0
weight_zero_00                   83.308052  132968929     238695615  1.795         423884            0.930        100.0

submissions/tree/rooted_tree_topological_order_with_minimum_inversions/Rohan_Kapri.cpp
SHA-256: ab9df85c653aa2b864bd18c1b391ee195cab4672bfaca6737d566808a32248ca
Measured: full-20261001, original two complete passes
case                 task-clock (ms)     cycles  instructions    IPC  branch-misses  branch-miss (%)  running (%)
max (max_random_03)       239.115720          -             -      -              -                -            -
sum                      4259.778423          -             -      -              -                -            -
example_00                  1.012707    1601690       2465176  1.539           6978            1.227        100.0
example_01                  1.027274    1625023       2447528  1.506           6745            1.190        100.0
almost_line_00            207.132392  330414592     405043371  1.226        1581454            2.280        100.0
almost_line_01            206.375576  329200104     405295856  1.231        1596313            2.300        100.0
max_bival_00              190.242710  303619006     385781208  1.271        1858524            2.796        100.0
max_bival_01              189.660081  302700624     384489854  1.270        1852002            2.798        100.0
max_bival_02              190.012776  303243509     384759109  1.269        1862452            2.814        100.0
max_random_00             236.739769  377662359     396471554  1.050        1527074            2.271        100.0
max_random_01             239.064449  381436433     401980601  1.054        1534113            2.247        100.0
max_random_02             235.880306  376383731     394196039  1.047        1514700            2.268        100.0
max_random_03             239.115720  381610270     401656542  1.053        1542006            2.261        100.0
max_random_04             236.656582  377615708     394720273  1.045        1520526            2.272        100.0
max_typical_tree_00       203.748338  325007395     427642761  1.316        1386988            1.867        100.0
max_typical_tree_01       182.928759  291851543     395015598  1.353         770706            1.130        100.0
max_typical_tree_02       180.833189  288423181     386521931  1.340         773709            1.162        100.0
max_typical_tree_03       194.209054  309869168     386076028  1.246        1026139            1.568        100.0
min_00                      1.013546    1602583       2445857  1.526           6747            1.188        100.0
min_01                      0.999493    1579535       2442692  1.546           6640            1.166        100.0
min_02                      1.023707    1618489       2430394  1.502           6714            1.189        100.0
random_00                 121.147742  193326399     242448238  1.254         958252            2.330        100.0
random_01                 161.343479  257535558     305276900  1.185        1174698            2.255        100.0
random_02                  45.329056   72343574      99846471  1.380         403527            2.361        100.0
random_03                 183.967127  293515901     331586651  1.130        1288269            2.287        100.0
random_04                  11.706298   18671037      27546252  1.475         115411            2.385        100.0
two_path_00               110.171760  175646509     329232497  1.874        1442552            2.515        100.0
two_path_01               104.285214  166369585     324925838  1.953        1114739            2.064        100.0
two_path_02               195.977378  312606101     413624965  1.323        1384785            1.945        100.0
two_path_03               118.821102  189540774     345708631  1.824        1558439            2.602        100.0
two_path_04               108.264991  172604821     332935573  1.929        1031577            1.857        100.0
weight_zero_00            161.087848  256998775     326169169  1.269        2092857            3.737        100.0

submissions/tree/rooted_tree_topological_order_with_minimum_inversions/isaunoya.cpp
SHA-256: 14b31f7598ed368d79e46fb50ad55b1179b3cf179ff71079308246c0bb399163
Measured: full-20261001, original two complete passes
case                       task-clock (ms)     cycles  instructions    IPC  branch-misses  branch-miss (%)  running (%)
max (max_typical_tree_00)       289.192004          -             -      -              -                -            -
sum                            5431.140179          -             -      -              -                -            -
example_00                        1.024978    1620835       2433401  1.501           6767            1.211        100.0
example_01                        1.038747    1643374       2423054  1.474           6686            1.201        100.0
almost_line_00                  279.429923  445987065     678496655  1.521        4271452            3.261        100.0
almost_line_01                  280.265499  447300594     678529983  1.517        4273437            3.263        100.0
max_bival_00                    251.316682  401094405     637104417  1.588        2751554            2.160        100.0
max_bival_01                    251.040834  400660279     637129405  1.590        2758684            2.166        100.0
max_bival_02                    250.929046  400469300     637235758  1.591        2768677            2.173        100.0
max_random_00                   271.171360  432812126     640916275  1.481        3784209            3.041        100.0
max_random_01                   270.300160  431416307     640740269  1.485        3783935            3.042        100.0
max_random_02                   271.807306  433798899     641179679  1.478        3782465            3.038        100.0
max_random_03                   272.351381  434635736     640990173  1.475        3785743            3.042        100.0
max_random_04                   271.181967  432793591     641567856  1.482        3795408            3.047        100.0
max_typical_tree_00             289.192004  461557714     694054276  1.504        4715585            3.556        100.0
max_typical_tree_01             191.261931  305237785     526356027  1.724        2267664            2.202        100.0
max_typical_tree_02             189.480867  302389035     518745955  1.715        2272390            2.271        100.0
max_typical_tree_03             268.045787  427783813     628912904  1.470        3882575            3.204        100.0
min_00                            1.005594    1589639       2441948  1.536           6576            1.165        100.0
min_01                            0.999130    1579442       2438747  1.544           6643            1.178        100.0
min_02                            1.022746    1616411       2430657  1.504           6399            1.133        100.0
random_00                       152.160781  242820383     405315303  1.669        2365296            2.997        100.0
random_01                       190.536797  304088961     483242326  1.589        2815801            2.996        100.0
random_02                        58.068901   92679710     168847146  1.822         949864            2.875        100.0
random_03                       217.293505  346787985     535694222  1.545        3140472            3.016        100.0
random_04                        15.251487   24329956      47424223  1.949         250169            2.667        100.0
two_path_00                     180.817659  288558270     808849036  2.803        1512867            1.034        100.0
two_path_01                     127.057664  202804526     550638512  2.715         990169            0.916        100.0
two_path_02                     288.840286  461013258     694034902  1.505        4720802            3.561        100.0
two_path_03                     187.629793  299468244     773926471  2.584        2154202            1.515        100.0
two_path_04                     131.967364  210629441     552294383  2.622        1148049            1.060        100.0
weight_zero_00                  268.650000  428796563     739508004  1.725        1668409            1.099        100.0

submissions/tree/rooted_tree_topological_order_with_minimum_inversions/maspy.cpp
SHA-256: ab9df85c653aa2b864bd18c1b391ee195cab4672bfaca6737d566808a32248ca
Measured: full-20261001, original two complete passes
case                 task-clock (ms)     cycles  instructions    IPC  branch-misses  branch-miss (%)  running (%)
max (max_random_03)       240.725435          -             -      -              -                -            -
sum                      4262.040749          -             -      -              -                -            -
example_00                  1.039487    1644737       2505744  1.523           7010            1.202        100.0
example_01                  1.001595    1583867       2438519  1.540           6808            1.210        100.0
almost_line_00            205.834865  328326664     403814734  1.230        1586410            2.298        100.0
almost_line_01            207.468286  330914026     405487633  1.225        1596515            2.299        100.0
max_bival_00              188.843102  301297109     384510086  1.276        1859683            2.811        100.0
max_bival_01              189.576900  302559528     384182236  1.270        1855002            2.806        100.0
max_bival_02              189.158074  301790734     384793740  1.275        1864920            2.818        100.0
max_random_00             236.686817  377656458     395356691  1.047        1526550            2.280        100.0
max_random_01             240.154878  383211027     401904464  1.049        1533459            2.246        100.0
max_random_02             234.963310  374938533     393556644  1.050        1515098            2.274        100.0
max_random_03             240.725435  384132237     402195232  1.047        1537171            2.249        100.0
max_random_04             235.982433  376554847     394696514  1.048        1522429            2.275        100.0
max_typical_tree_00       202.280246  322712192     426359787  1.321        1386020            1.874        100.0
max_typical_tree_01       182.313399  290887780     394983459  1.358         778321            1.141        100.0
max_typical_tree_02       180.443252  287825219     386876077  1.344         769573            1.154        100.0
max_typical_tree_03       195.233657  311489528     386234197  1.240        1025577            1.566        100.0
min_00                      1.012248    1600384       2447836  1.530           6696            1.178        100.0
min_01                      1.021665    1615344       2465365  1.526           6770            1.180        100.0
min_02                      1.021889    1615016       2401666  1.487           6471            1.171        100.0
random_00                 122.297332  195177302     242487399  1.242         962252            2.339        100.0
random_01                 163.159436  260317966     304999642  1.172        1178977            2.265        100.0
random_02                  45.270196   72231048      99868667  1.383         405502            2.371        100.0
random_03                 185.284131  295623094     331202798  1.120        1287248            2.288        100.0
random_04                  11.706612   18671279      27557647  1.476         115560            2.384        100.0
two_path_00               109.899542  175207145     328536051  1.875        1445198            2.526        100.0
two_path_01               104.959196  167361311     325765206  1.946        1114402            2.055        100.0
two_path_02               196.435019  313333192     413799231  1.321        1370492            1.924        100.0
two_path_03               118.558323  189037878     345538737  1.828        1552969            2.594        100.0
two_path_04               108.351353  172742433     332633161  1.926        1031132            1.857        100.0
weight_zero_00            161.358071  257443756     326527906  1.268        2093026            3.731        100.0

submissions/tree/rooted_tree_topological_order_with_minimum_inversions/soryuusi0219.cpp
SHA-256: 144b2735499bec280a48e04620c9b8c93aa210d5a45a0329d07b979b1dc50382
Measured: full-20261001, original two complete passes
case                 task-clock (ms)     cycles  instructions    IPC  branch-misses  branch-miss (%)  running (%)
max (max_random_02)       246.616487          -             -      -              -                -            -
sum                      4646.619003          -             -      -              -                -            -
example_00                  1.046439    1654779       2479724  1.499           6769            1.174        100.0
example_01                  1.016774    1608195       2477087  1.540           6748            1.172        100.0
almost_line_00            240.002283  383054525     633739719  1.654         947964            0.801        100.0
almost_line_01            240.122734  383262397     634033961  1.654         955192            0.807        100.0
max_bival_00              199.976866  319159376     557768069  1.748        1612477            1.513        100.0
max_bival_01              201.013383  320794772     558078783  1.740        1614158            1.513        100.0
max_bival_02              200.777910  320461468     557943180  1.741        1615962            1.515        100.0
max_random_00             245.398208  391653646     611191265  1.561         810862            0.708        100.0
max_random_01             244.374517  390018193     610867679  1.566         811445            0.709        100.0
max_random_02             246.616487  393590215     611079939  1.553         811477            0.709        100.0
max_random_03             244.571182  390333588     610978687  1.565         811771            0.709        100.0
max_random_04             245.911495  392475831     611273231  1.557         813377            0.710        100.0
max_typical_tree_00       232.146561  370520409     636112392  1.717        1000576            0.850        100.0
max_typical_tree_01       185.154818  295516427     516819926  1.749         475676            0.490        100.0
max_typical_tree_02       183.820926  293358823     508799119  1.734         473792            0.503        100.0
max_typical_tree_03       231.494380  369483990     596235495  1.614         696285            0.629        100.0
min_00                      1.001199    1582966       2441900  1.543           6625            1.173        100.0
min_01                      1.019986    1613064       2417059  1.498           6698            1.206        100.0
min_02                      1.005240    1588839       2441219  1.536           6596            1.169        100.0
random_00                 131.417991  209749054     385349603  1.837         501461            0.691        100.0
random_01                 165.546854  264207458     462294973  1.750         653533            0.753        100.0
random_02                  51.276558   81838194     161272197  1.971         233853            0.763        100.0
random_03                 193.107720  308183637     511628973  1.660         746702            0.778        100.0
random_04                  13.452275   21458453      45403831  2.116          68031            0.775        100.0
two_path_00               143.988468  229789544     586375378  2.552        1235277            1.102        100.0
two_path_01               133.004077  212276295     519436815  2.447         976624            0.983        100.0
two_path_02               229.975495  367045251     636170880  1.733         999761            0.849        100.0
two_path_03               155.071526  247491320     595516650  2.406        1365511            1.209        100.0
two_path_04               133.485626  213029563     522113495  2.451         948558            0.952        100.0
weight_zero_00            149.821025  239125540     527183885  2.205        1455606            1.350        100.0

src/tree/rooted_tree_topological_order_with_minimum_inversions/main.cxx
SHA-256: 92e7b1281dd2bc139ce44c11647b877eb6f406075a7dea52cec79733eee433fd
Measured: full-20261001, original two complete passes
case                       task-clock (ms)     cycles  instructions    IPC  branch-misses  branch-miss (%)  running (%)
max (max_typical_tree_00)       118.504797          -             -      -              -                -            -
sum                            2292.844905          -             -      -              -                -            -
example_00                        0.834897    1317336       1774596  1.347           5316            1.325        100.0
example_01                        0.818298    1291153       1742279  1.349           5455            1.412        100.0
almost_line_00                  118.385977  188945431     274803540  1.454        2270094            5.919        100.0
almost_line_01                  118.127716  188532798     274923745  1.458        2269766            5.915        100.0
max_bival_00                    101.624261  162189388     256701654  1.583        2174974            6.022        100.0
max_bival_01                    101.934891  162673541     256534241  1.577        2175618            6.030        100.0
max_bival_02                    102.078311  162930904     256573244  1.575        2175872            6.029        100.0
max_random_00                   117.336770  187260337     266599865  1.424        2178015            5.838        100.0
max_random_01                   117.364349  187332489     266530304  1.423        2176437            5.836        100.0
max_random_02                   117.602323  187711640     266566549  1.420        2176288            5.834        100.0
max_random_03                   117.326939  187254766     266549210  1.423        2177053            5.836        100.0
max_random_04                   118.142801  188535569     266709010  1.415        2178697            5.835        100.0
max_typical_tree_00             118.504797  189111579     275867556  1.459        2286006            5.953        100.0
max_typical_tree_01              98.699618  157537817     253167666  1.607        1974334            5.537        100.0
max_typical_tree_02              99.425577  158696748     255229247  1.608        1974335            5.506        100.0
max_typical_tree_03             116.182276  185417470     264000884  1.424        2164972            5.863        100.0
min_00                            0.836500    1320545       1791885  1.357           5641            1.393        100.0
min_01                            0.824462    1300031       1768770  1.361           5621            1.419        100.0
min_02                            0.819673    1293025       1773976  1.372           5488            1.374        100.0
random_00                        70.218990  112059643     166156020  1.483        1388461            5.950        100.0
random_01                        85.339527  136211329     197905364  1.453        1639352            5.909        100.0
random_02                        27.096498   43238540      66851843  1.546         560591            5.899        100.0
random_03                        95.382821  152227484     220648191  1.449        1815806            5.874        100.0
random_04                         6.794071   10830014      18110246  1.672         147186            5.458        100.0
two_path_00                      57.101677   91119936     261842361  2.874         758771            2.056        100.0
two_path_01                      59.793138   95432143     249194905  2.611         894855            2.566        100.0
two_path_02                     117.037001  186767142     275721928  1.476        2284170            5.951        100.0
two_path_03                      68.979130  110069527     270289865  2.456        1200386            3.177        100.0
two_path_04                      61.601833   98319276     249424499  2.537        1021994            2.925        100.0
weight_zero_00                   76.629783  122280471     277684137  2.271         795888            1.893        100.0

submissions/tree/rooted_tree_topological_order_with_minimum_inversions/toomer.rs
SHA-256: 4b16e503f8e716bdd7cc675138dc2a06b7c120e4290360fff2bec159dd49c0ba
Measured: new-submissions-20261001, two complete passes
case                 task-clock (ms)     cycles  instructions    IPC  branch-misses  branch-miss (%)  running (%)
max (two_path_02)         261.328342          -             -      -              -                -            -
sum                      4288.378511          -             -      -              -                -            -
example_00                  0.985837    1557326       2030713  1.304           7321            1.597        100.0
example_01                  0.950427    1501372       2014709  1.342           7147            1.572        100.0
almost_line_00            249.239086  397816454     309514781  0.778         863673            1.650        100.0
almost_line_01            249.892118  398817906     309986202  0.777         866611            1.653        100.0
max_bival_00              183.545458  292934536     299831417  1.024        1700916            3.448        100.0
max_bival_01              183.524025  292912810     299821697  1.024        1700715            3.448        100.0
max_bival_02              182.820451  291776273     299783165  1.027        1703298            3.453        100.0
max_random_00             225.316750  359614334     269774122  0.750         688701            1.508        100.0
max_random_01             224.789796  358772001     269567120  0.751         686653            1.505        100.0
max_random_02             226.490717  361453226     269511389  0.746         686800            1.507        100.0
max_random_03             225.383878  359703980     269631982  0.750         687437            1.506        100.0
max_random_04             227.122680  362481260     269910757  0.745         688784            1.509        100.0
max_typical_tree_00       261.003127  416562944     343961543  0.826         968521            1.668        100.0
max_typical_tree_01       136.008524  217049336     194662669  0.897         169631            0.513        100.0
max_typical_tree_02       136.751254  218279498     197651285  0.905         174177            0.519        100.0
max_typical_tree_03       228.946143  365388857     278132674  0.761         773828            1.648        100.0
min_00                      0.975244    1541037       2014367  1.307           7195            1.583        100.0
min_01                      0.963513    1522235       2044252  1.343           7198            1.555        100.0
min_02                      0.991718    1568063       2029043  1.294           7271            1.589        100.0
random_00                 117.893329  188176640     168359332  0.895         417443            1.459        100.0
random_01                 150.308435  239854860     200891401  0.838         500530            1.469        100.0
random_02                  39.184870   62535020      68636910  1.098         181284            1.540        100.0
random_03                 175.173337  279574452     223836397  0.801         561662            1.482        100.0
random_04                   9.427791   15033942      18873625  1.255          58161            1.747        100.0
two_path_00               129.689364  206979990     391966858  1.894         254550            0.378        100.0
two_path_01                71.754361  114526284     192267495  1.679          69348            0.213        100.0
two_path_02               261.328342  417084330     343755630  0.824         968967            1.670        100.0
two_path_03               135.941497  216940703     390361522  1.799         437106            0.652        100.0
two_path_04                74.593925  119059525     193409656  1.624          89109            0.272        100.0
weight_zero_00            177.382514  283099070     336416765  1.188        1128739            1.989        100.0
