case                  task-clock (ms)     cycles  instructions    IPC  branch-misses  branch-miss (%)  running (%)
max (large_cycle_00)       138.319199          -             -      -              -                -            -
sum                       1206.238918          -             -      -              -                -            -
example_00                   0.869528    1630221       1601735  0.983           5288            1.516        100.0
example_01                   0.887079    1663282       1630873  0.981           5632            1.583        100.0
example_02                   0.857098    1607232       1618517  1.007           5476            1.554        100.0
large_cycle_00             138.319199  262069093     148043922  0.565         458968            2.507        100.0
max_line_clique_00          63.022427  119396237     136404860  1.142          27595            0.175        100.0
max_random_00              133.230239  252375937     158117338  0.627         994601            5.194        100.0
max_random_2_00            127.290879  241080868     154206891  0.640        1018418            5.566        100.0
max_random_2_01            127.056684  240714348     153934378  0.639        1013854            5.560        100.0
max_random_2_02            127.852859  242201095     154538770  0.638        1019784            5.542        100.0
max_star_00                 70.247116  132988241     181108129  1.362          28015            0.128        100.0
max_tree_00                111.695726  211544498     181618845  0.859         430586            1.962        100.0
min_00                       0.896606    1680558       1629224  0.969           5485            1.543        100.0
min_01                       0.857724    1607555       1603151  0.997           5410            1.551        100.0
min_02                       0.884125    1658265       1627368  0.981           5495            1.547        100.0
random_1_00                 93.630282  177313188     125528301  0.708         805926            5.344        100.0
random_2_00                103.608344  196226632     134548680  0.686         966537            6.097        100.0
random_2_01                 54.599517  103365292     103477949  1.001         567799            4.192        100.0
random_2_02                 46.914417   88860067      84072092  0.946         285087            3.244        100.0
small_random_1_00            0.823609    1543712       1613750  1.045           5390            1.539        100.0
small_random_2_00            0.894330    1677355       1648735  0.983           5823            1.638        100.0
small_random_2_01            0.896956    1681952       1625340  0.966           5690            1.636        100.0
small_random_2_02            0.904174    1695586       1640954  0.968           5708            1.609        100.0
