case                   task-clock (ms)     cycles  instructions    IPC  branch-misses  branch-miss (%)  running (%)
max (link_and_cut_00)        97.736714          -             -      -              -                -            -
sum                         604.381942          -             -      -              -                -            -
example_00                    0.816600    1530302       1596240  1.043           5452            1.584        100.0
dense_00                     42.088893   79766474      85033612  1.066        1127168            8.656        100.0
dense_01                     48.250226   91445869      93739138  1.025        1429384            9.796        100.0
dense_02                     46.620923   88357206      92636304  1.048        1402468            9.732        100.0
link_and_cut_00              97.736714  185113889     148015933  0.800        1290713            5.566        100.0
max_random_00                42.503877   80473142      84506930  1.050         727340            5.585        100.0
max_random_01                42.567734   80574945      84443095  1.048         729387            5.607        100.0
max_random_02                42.505474   80479387      84274348  1.047         725013            5.596        100.0
random_00                    37.596418   71193675      75933088  1.067         657332            5.621        100.0
random_01                    26.223953   49692768      53128667  1.069         517021            6.377        100.0
random_02                    11.465513   21716606      23447088  1.080         226608            6.207        100.0
random_03                    13.836033   26210773      27787572  1.060         321884            7.565        100.0
random_04                    21.509452   40755792      43788764  1.074         280911            4.101        100.0
small_00                      0.941883    1766283       1729576  0.979           6326            1.710        100.0
small_01                      0.912397    1710844       1692376  0.989           6069            1.659        100.0
small_02                      0.924117    1733195       1686230  0.973           6620            1.847        100.0
uv_swapped_00                42.862938   81139743      84745497  1.044         726871            5.554        100.0
uv_swapped_01                42.780027   81020332      84399755  1.042         727259            5.597        100.0
uv_swapped_02                42.238770   79972704      83981785  1.050         727463            5.643        100.0
