2026-10-02 lenovo / Intel(R) Core(TM) i5-10210U CPU @ 1.60GHz
Two complete passes per binary; per case minimum task-clock; all counters from that same run.
Unchanged binaries reuse their recorded passes; each section identifies its measurement batch.
Cases: 29, including examples. Units: ms. No CPU pinning.
Compiler: g++ (GCC) 16.2.1 20260819 (Red Hat 16.2.1-2); rustc 1.98.1 (48a229cea 2026-09-01)
Build host: fedora; glibc 2.43
Environment: Linux 7.2.8-200.fc44.x86_64; affinity [0, 1, 2, 3]; stack 268435456 bytes; bench_env OK.
cxx_flags.txt: -std=c++23 -DEVAL -DONLINE_JUDGE -Iinclude -O3 -fwhole-program -fno-exceptions -fno-rtti -march=x86-64-v3 -fno-pie -no-pie -nostdlib++ -static -lm -s
cpp_flags.txt: -std=c++23 -DEVAL -DONLINE_JUDGE -Iac-library -include cassert -O3 -fwhole-program -fno-exceptions -fno-rtti -march=x86-64-v3 -fno-pie -no-pie -static -lgmp -s
rust_flags.txt: -C opt-level=3 -C codegen-units=1 -C lto=fat -C panic=abort -C target-cpu=x86-64-v3 -C target-feature=+crt-static -C relocation-model=static -C link-arg=-Wl,-u,__cxa_thread_atexit_impl -C strip=symbols

solution                                max (ms)       sum (ms)
Anonymous                                 10.657330     168.527170
IceKylin                                  10.835244     187.231335
cmk666                                    11.459347     205.642867
firiexp                                   11.097021     191.899401
sortA0329                                 10.659339     168.374349
main                                       6.655822     113.571459

submissions/string/zalgorithm/Anonymous.cpp
SHA-256: 86c674a654e08e42f0a08d3eb7737b3051fdaeb9a0326443e9db5476a2cc1c0c
Measured: bench/string-polish-20261002/first [Anonymous]
case               task-clock (ms)    cycles  instructions    IPC  branch-misses  branch-miss (%)  running (%)
max (all_same_02)        10.657330         -             -      -              -                -            -
sum                     168.527170         -             -      -              -                -            -
example_00                0.829348   1307978       1782002  1.362           5379            1.344        100.0
example_01                0.788833   1242647       1794809  1.444           5272            1.302        100.0
example_02                0.792830   1249316       1802156  1.443           5468            1.344        100.0
example_03                0.800350   1261478       1785337  1.415           5374            1.341        100.0
all_same_00              10.627553  16949291      39149379  2.310           6502            0.099        100.0
all_same_01              10.628866  16949781      39323861  2.320           6608            0.100        100.0
all_same_02              10.657330  16996389      39318616  2.313           6654            0.101        100.0
all_same_03              10.628065  16949620      39250385  2.316           6788            0.103        100.0
all_same_04              10.574573  16864639      39068480  2.317           6813            0.104        100.0
binary_carry_00           7.383619  11770516      29902863  2.540           8568            0.203        100.0
binary_carry_01           7.324702  11677056      29636846  2.538           6999            0.170        100.0
fib_str_00                7.407890  11809915      29818994  2.525           6920            0.166        100.0
fib_str_01                5.665577   9028222      22421624  2.484           6603            0.208        100.0
fib_str_02                5.452745   8688393      21392004  2.462           6512            0.215        100.0
fib_str_03                5.101960   8115169      19802121  2.440           7010            0.249        100.0
fib_str_04                7.282681  11609055      29171318  2.513           6864            0.169        100.0
hack606_00                0.788174   1242253       1797950  1.447           5300            1.307        100.0
max_random_00             7.976633  12717547      32974882  2.593          42391            0.806        100.0
max_random_01             7.997063  12750363      32914857  2.581          42101            0.802        100.0
random_00                 6.465912  10305187      26153743  2.538          34445            0.820        100.0
random_01                 7.526931  11999416      30783120  2.565          40172            0.815        100.0
random_02                 1.606826   2548652       5194063  2.038           9912            1.054        100.0
random_03                 7.093050  11293780      28699629  2.541          38002            0.825        100.0
random_04                 4.869531   7755911      19206864  2.476          26165            0.836        100.0
random_05                 5.405397   8612414      21522721  2.499          28741            0.827        100.0
random_06                 7.383199  11770943      30287731  2.573          38836            0.800        100.0
random_07                 2.275958   3616247       7921153  2.190          13153            0.960        100.0
random_08                 4.761250   7584366      18596200  2.452          25748            0.852        100.0
random_09                 2.430324   3863607       8594633  2.225          14187            0.964        100.0

submissions/string/zalgorithm/IceKylin.cpp
SHA-256: 982e2abfbd8bed19f1b2ffa087dc8b5bcb91a08e756d0a3970b2bfa04b30e434
Measured: bench/string-polish-20261002/first [IceKylin]
case               task-clock (ms)    cycles  instructions    IPC  branch-misses  branch-miss (%)  running (%)
max (all_same_00)        10.835244         -             -      -              -                -            -
sum                     187.231335         -             -      -              -                -            -
example_00                1.052577   1664917       2433020  1.461           6788            1.205        100.0
example_01                1.005719   1590006       2454203  1.544           6895            1.215        100.0
example_02                1.010281   1597146       2447857  1.533           6718            1.181        100.0
example_03                1.004883   1588967       2432097  1.531           6811            1.210        100.0
all_same_00              10.835244  17279410      47830700  2.768           8796            0.123        100.0
all_same_01              10.762875  17164520      48135955  2.804           8543            0.118        100.0
all_same_02              10.779940  17191913      48117023  2.799           8410            0.117        100.0
all_same_03              10.792059  17212223      48049786  2.792           8550            0.119        100.0
all_same_04              10.726797  17106902      47787786  2.793           8482            0.118        100.0
binary_carry_00           8.348805  13311418      37197724  2.794          10536            0.170        100.0
binary_carry_01           8.343285  13302895      37256526  2.801           8571            0.138        100.0
fib_str_00                8.343765  13304213      37477954  2.817           8433            0.135        100.0
fib_str_01                6.513572  10381722      28314307  2.727           8296            0.174        100.0
fib_str_02                6.253351   9966588      27033996  2.712           8019            0.176        100.0
fib_str_03                5.856435   9332622      25066168  2.686           8138            0.192        100.0
fib_str_04                8.227305  13117321      36714087  2.799           8410            0.137        100.0
hack606_00                1.018861   1609374       2447268  1.521           6765            1.190        100.0
max_random_00             9.176612  14633585      36828628  2.517          28910            0.499        100.0
max_random_01             9.258913  14764761      36842332  2.495          29256            0.505        100.0
random_00                 7.509080  11971339      29467483  2.462          24255            0.517        100.0
random_01                 8.633485  13766260      34419121  2.500          27597            0.507        100.0
random_02                 2.005444   3186230       6165074  1.935           9910            0.876        100.0
random_03                 8.139982  12977649      32149876  2.477          26312            0.517        100.0
random_04                 5.709812   9097758      21809551  2.397          19589            0.555        100.0
random_05                 6.338154  10101591      24464661  2.422          20999            0.533        100.0
random_06                 8.475071  13512831      33833599  2.504          26877            0.503        100.0
random_07                 2.662318   4234630       9123306  2.154          11615            0.733        100.0
random_08                 5.572894   8880655      21218551  2.389          19086            0.554        100.0
random_09                 2.873816   4570835       9958878  2.179          12339            0.716        100.0

submissions/string/zalgorithm/cmk666.cpp
SHA-256: ae4ef0a6ad88f02c444e7ef55d34bda1623ae7900bff352f61f886060f992843
Measured: bench/string-polish-20261002/first [cmk666]
case              task-clock (ms)    cycles  instructions    IPC  branch-misses  branch-miss (%)  running (%)
max (fib_str_00)        11.459347         -             -      -              -                -            -
sum                    205.642867         -             -      -              -                -            -
example_00               1.007417   1592632       2441569  1.533           6740            1.193        100.0
example_01               1.029437   1627296       2452089  1.507           6637            1.171        100.0
example_02               1.024750   1620039       2445290  1.509           6645            1.175        100.0
example_03               1.032893   1633145       2424233  1.484           6556            1.168        100.0
all_same_00             11.126530  17746140      48759527  2.748           7272            0.085        100.0
all_same_01             11.262362  17963065      49042651  2.730           7652            0.089        100.0
all_same_02             11.275201  17982947      49067992  2.729           7367            0.085        100.0
all_same_03             11.181044  17832772      48932271  2.744           7398            0.086        100.0
all_same_04             11.187124  17841333      48762052  2.733           7413            0.087        100.0
binary_carry_00         11.174146  17821615      48522104  2.723          39740            0.462        100.0
binary_carry_01         11.319081  18052809      48720140  2.699          30073            0.349        100.0
fib_str_00              11.459347  18277983      49008679  2.681          35941            0.416        100.0
fib_str_01               8.839665  14095241      36636718  2.599          24299            0.374        100.0
fib_str_02               8.346878  13308032      35031818  2.632          25228            0.405        100.0
fib_str_03               7.582906  12088336      32325498  2.674          25239            0.438        100.0
fib_str_04              11.365180  18126744      47977117  2.647          51562            0.609        100.0
hack606_00               1.001810   1583329       2451555  1.548           6652            1.168        100.0
max_random_00            8.999775  14349806      41943000  2.923          43204            0.493        100.0
max_random_01            9.007104  14362776      41927639  2.919          43650            0.498        100.0
random_00                7.299745  11636868      33290661  2.861          35376            0.508        100.0
random_01                8.468507  13502572      39022849  2.890          41199            0.506        100.0
random_02                1.918428   3045275       6754104  2.218          10910            0.746        100.0
random_03                7.919863  12627071      36444181  2.886          38155            0.500        100.0
random_04                5.547079   8825526      24474436  2.773          27668            0.538        100.0
random_05                6.125663   9762845      27400566  2.807          29506            0.514        100.0
random_06                8.354030  13319263      38481123  2.889          40091            0.498        100.0
random_07                2.608894   4148063      10163397  2.450          13991            0.644        100.0
random_08                5.369910   8557236      23689313  2.768          26524            0.534        100.0
random_09                2.808098   4466766      11037666  2.471          15088            0.641        100.0

submissions/string/zalgorithm/firiexp.cpp
SHA-256: 823c5dae356aa9eff444ea166da0ab4e00025fefa26aede99165a2e844f9a3a9
Measured: bench/string-polish-20261002/first [firiexp]
case                   task-clock (ms)    cycles  instructions    IPC  branch-misses  branch-miss (%)  running (%)
max (binary_carry_00)        11.097021         -             -      -              -                -            -
sum                         191.899401         -             -      -              -                -            -
example_00                    1.052955   1664795       2433857  1.462           6665            1.183        100.0
example_01                    1.034714   1636662       2440494  1.491           6659            1.180        100.0
example_02                    1.021700   1614671       2461332  1.524           6828            1.195        100.0
example_03                    1.006125   1589603       2440175  1.535           6724            1.191        100.0
all_same_00                  10.732091  17116024      53086591  3.102           9206            0.073        100.0
all_same_01                  10.811504  17242882      53410514  3.098           9348            0.073        100.0
all_same_02                  10.855882  17314312      53382819  3.083           9266            0.073        100.0
all_same_03                  10.867655  17319669      53325795  3.079           9727            0.076        100.0
all_same_04                  10.842590  17291475      53022567  3.066           9423            0.074        100.0
binary_carry_00              11.097021  17699107      45485891  2.570          12128            0.108        100.0
binary_carry_01              10.501278  16747363      43430291  2.593          11203            0.109        100.0
fib_str_00                   10.866617  17330829      44244264  2.553          23331            0.221        100.0
fib_str_01                    8.327300  13265032      32559558  2.455          25052            0.327        100.0
fib_str_02                    7.913039  12615295      31255050  2.478          18421            0.250        100.0
fib_str_03                    7.416759  11824029      29012808  2.454          19885            0.290        100.0
fib_str_04                   10.545495  16817426      42919556  2.552          25102            0.248        100.0
hack606_00                    1.031608   1631738       2465444  1.511           6685            1.165        100.0
max_random_00                 7.837381  12495443      31435849  2.516          50335            0.662        100.0
max_random_01                 7.847214  12510763      31423191  2.512          51001            0.671        100.0
random_00                     6.475676  10320566      25253637  2.447          41020            0.672        100.0
random_01                     7.421807  11831145      29409782  2.486          47843            0.672        100.0
random_02                     1.783625   2830782       5559554  1.964          11617            0.882        100.0
random_03                     6.955956  11088002      27483021  2.479          44541            0.670        100.0
random_04                     5.016562   7991759      18884552  2.363          31615            0.695        100.0
random_05                     5.493141   8753714      21031645  2.403          34458            0.679        100.0
random_06                     7.304372  11644821      28924040  2.484          46735            0.669        100.0
random_07                     2.399453   3814172       8035155  2.107          15164            0.787        100.0
random_08                     4.894352   7796607      18377034  2.357          30569            0.691        100.0
random_09                     2.545529   4048417       8648618  2.136          16447            0.794        100.0

submissions/string/zalgorithm/sortA0329.cpp
SHA-256: 86c674a654e08e42f0a08d3eb7737b3051fdaeb9a0326443e9db5476a2cc1c0c
Measured: bench/string-polish-20261002/first [sortA0329]
case               task-clock (ms)    cycles  instructions    IPC  branch-misses  branch-miss (%)  running (%)
max (all_same_04)        10.659339         -             -      -              -                -            -
sum                     168.374349         -             -      -              -                -            -
example_00                0.814858   1285465       1803837  1.403           5455            1.340        100.0
example_01                0.795324   1254078       1801036  1.436           5382            1.325        100.0
example_02                0.819984   1292857       1788063  1.383           5505            1.372        100.0
example_03                0.825600   1302160       1780186  1.367           5333            1.333        100.0
all_same_00              10.543173  16812885      39099299  2.326           6665            0.102        100.0
all_same_01              10.643197  16974588      39328653  2.317           6629            0.101        100.0
all_same_02              10.637314  16964480      39326687  2.318           6785            0.103        100.0
all_same_03              10.653535  16991305      39256173  2.310           6728            0.102        100.0
all_same_04              10.659339  17000006      39119171  2.301           6751            0.103        100.0
binary_carry_00           7.337606  11697909      29845449  2.551           8581            0.204        100.0
binary_carry_01           7.318690  11667013      29718593  2.547           7116            0.171        100.0
fib_str_00                7.400399  11797525      29794931  2.526           6941            0.167        100.0
fib_str_01                5.666840   9030725      22371119  2.477           6655            0.211        100.0
fib_str_02                5.421125   8638324      21390412  2.476           6575            0.217        100.0
fib_str_03                5.083586   8098654      19827105  2.448           6502            0.230        100.0
fib_str_04                7.265839  11582588      29175180  2.519           6794            0.167        100.0
hack606_00                0.794114   1251687       1789043  1.429           5196            1.286        100.0
max_random_00             7.972606  12711894      32935682  2.591          42002            0.800        100.0
max_random_01             8.033660  12808997      32975866  2.574          42488            0.807        100.0
random_00                 6.447305  10276963      26153027  2.545          34233            0.815        100.0
random_01                 7.509200  11971632      30760915  2.569          40032            0.812        100.0
random_02                 1.617881   2567108       5194605  2.024          10069            1.071        100.0
random_03                 7.000587  11159642      28629088  2.565          37218            0.812        100.0
random_04                 4.859014   7740599      19198143  2.480          26515            0.848        100.0
random_05                 5.395921   8597741      21536828  2.505          28769            0.826        100.0
random_06                 7.372775  11754436      30243860  2.573          38905            0.805        100.0
random_07                 2.287908   3636896       7878104  2.166          13259            0.980        100.0
random_08                 4.752136   7569724      18593175  2.456          25657            0.849        100.0
random_09                 2.444833   3886715       8617612  2.217          14454            0.977        100.0

src/string/zalgorithm/main.cxx
SHA-256: b7b5c0d2620fa554063098dcbfdeb6afc743e0145f47f8b16943cf957b30b24a
Measured: bench/string-polish-20261002/sixth [main]
case              task-clock (ms)    cycles  instructions    IPC  branch-misses  branch-miss (%)  running (%)
max (fib_str_00)         6.655822         -             -      -              -                -            -
sum                    113.571459         -             -      -              -                -            -
example_00               0.782216   1233466       1793190  1.454           5578            1.376        100.0
example_01               0.807571   1273107       1780980  1.399           5551            1.384        100.0
example_02               0.807460   1273386       1777604  1.396           5540            1.377        100.0
example_03               0.810447   1277745       1782587  1.395           5590            1.393        100.0
all_same_00              5.188235   8266431      25144634  3.042           6574            0.163        100.0
all_same_01              5.210462   8301915      25280511  3.045           6709            0.165        100.0
all_same_02              5.224671   8323988      25263100  3.035           6655            0.164        100.0
all_same_03              5.217140   8312290      25223646  3.035           6639            0.164        100.0
all_same_04              5.195886   8279358      25118279  3.034           6694            0.166        100.0
binary_carry_00          6.594232  10509478      26630029  2.534           8587            0.171        100.0
binary_carry_01          6.597784  10515798      26735757  2.542           7414            0.147        100.0
fib_str_00               6.655822  10608881      26886119  2.534           7263            0.143        100.0
fib_str_01               5.148688   8203767      20333115  2.479           7157            0.186        100.0
fib_str_02               4.955722   7894791      19462030  2.465           7138            0.193        100.0
fib_str_03               4.645595   7400449      18053651  2.440           6885            0.201        100.0
fib_str_04               6.496111  10354208      26334664  2.543           7046            0.142        100.0
hack606_00               0.802055   1264617       1778764  1.407           5465            1.359        100.0
max_random_00            4.988796   7947716      20778780  2.614          27174            0.742        100.0
max_random_01            4.957710   7897962      20780231  2.631          27637            0.754        100.0
random_00                4.112589   6549228      16694802  2.549          22430            0.756        100.0
random_01                4.643886   7397139      19422843  2.626          25825            0.752        100.0
random_02                1.307090   2071690       3875777  1.871           8359            1.092        100.0
random_03                4.410265   7024878      18171933  2.587          24366            0.757        100.0
random_04                3.249896   5172085      12541803  2.425          18037            0.798        100.0
random_05                3.527103   5614964      13950265  2.484          19395            0.776        100.0
random_06                4.627005   7370019      19137496  2.597          25418            0.752        100.0
random_07                1.679479   2663983       5527159  2.075          10205            0.972        100.0
random_08                3.149220   5012365      12187348  2.431          17354            0.789        100.0
random_09                1.778323   2822964       5952393  2.109          10644            0.947        100.0
