case                 task-clock (ms)     cycles  instructions    IPC  branch-misses  branch-miss (%)  running (%)
max (max_random_03)       260.206205          -             -      -              -                -            -
sum                      3672.748798          -             -      -              -                -            -
example_00                  0.862564    1616758       1591976  0.985           5137            1.482        100.0
hack2_00                  257.817089  488552843     964561664  1.974          91267            0.232        100.0
hack2_01                  257.657225  488218139     965130449  1.977          93905            0.238        100.0
hack2_02                  258.785353  490475456     965437380  1.968          90265            0.228        100.0
hack_00                   256.219351  485511404     959863943  1.977          82714            0.213        100.0
hack_01                   256.629237  486299833     959455520  1.973          81891            0.210        100.0
hack_02                   256.663584  486386035     961986457  1.978          88995            0.229        100.0
max_random_00             258.515922  489882932     964249298  1.968          91073            0.232        100.0
max_random_01             257.068758  487166173     962930926  1.977          92601            0.238        100.0
max_random_02             257.975072  488886009     963310804  1.970          90783            0.232        100.0
max_random_03             260.206205  492959197     967254883  1.962          95689            0.240        100.0
max_random_04             259.870764  492446252     967596459  1.965          95974            0.241        100.0
mid_00                     11.725442   22209544      41860101  1.885          13207            0.603        100.0
mid_01                     11.692048   22145330      41752486  1.885          12586            0.578        100.0
mid_02                     11.657995   22081759      41737925  1.890          12873            0.592        100.0
mid_03                      6.205969   11746741      20398642  1.737          10252            0.758        100.0
mid_04                     12.010685   22748994      42546507  1.870          13524            0.588        100.0
random_00                 257.100755  487211165     963086378  1.977          90867            0.233        100.0
random_01                 255.559220  484275920     952681806  1.967          78283            0.206        100.0
random_02                 117.662929  222853782     439412318  1.972          47288            0.257        100.0
random_03                 117.592639  222836850     437350037  1.963          44263            0.242        100.0
random_04                  25.005155   47382262      92159445  1.945          18781            0.426        100.0
small_00                    0.838976    1571480       1583065  1.007           5383            1.583        100.0
small_01                    0.841477    1576349       1591464  1.010           5278            1.540        100.0
small_02                    0.815978    1528246       1585049  1.037           5372            1.581        100.0
small_03                    0.803281    1503862       1580835  1.051           5402            1.590        100.0
small_04                    0.810178    1518462       1576862  1.038           5230            1.544        100.0
small_05                    0.828560    1552383       1590741  1.025           5399            1.586        100.0
small_06                    0.852679    1598270       1585157  0.992           5449            1.601        100.0
small_07                    0.809320    1516901       1574262  1.038           5170            1.530        100.0
small_08                    0.829533    1553828       1584038  1.019           5386            1.584        100.0
small_09                    0.834855    1564657       1582247  1.011           5442            1.601        100.0
