case                 task-clock (ms)     cycles  instructions    IPC  branch-misses  branch-miss (%)  running (%)
max (monotone_01)         229.414152          -             -      -              -                -            -
sum                      1002.661312          -             -      -              -                -            -
example_00                  0.873421    1636424       1633569  0.998           5539            1.554        100.0
hack_00                     0.837523    1569339       1616178  1.030           5428            1.538        100.0
large_small_00             14.068175   26649511      58069124  2.179           9532            0.161        100.0
large_small_01             14.094407   26699403      58080328  2.175           9543            0.162        100.0
large_small_02             16.505914   31270545      82377353  2.634          66525            0.598        100.0
large_small_03             20.688438   39199658      94779924  2.418         172428            1.502        100.0
max_random_00              29.078992   55104241     129753039  2.355          95114            0.702        100.0
max_random_01              29.153118   55246106     129969044  2.353          96130            0.707        100.0
max_random_02              29.130153   55202490     129951208  2.354          98586            0.727        100.0
med_random_00               0.944882    1773654       1781662  1.005           5886            1.583        100.0
med_random_01               0.909858    1707394       1698928  0.995           5912            1.668        100.0
med_random_02               0.897657    1684239       1752916  1.041           6314            1.714        100.0
monotone_00                30.936060   58625699     154479343  2.635          12591            0.076        100.0
monotone_01               229.414152  434824898     624674183  1.437        5243937            8.342        100.0
monotone_02               227.222065  430632476     622475364  1.445        5176967            8.247        100.0
monotone_03                29.086280   55101469     147590967  2.679          13188            0.080        100.0
near_power_of_2_00         15.319497   29008604      66380735  2.288          56499            0.800        100.0
near_power_of_2_01         16.796339   31808372      72149001  2.268          56834            0.775        100.0
near_power_of_2_02         16.792486   31813911      72080578  2.266          56659            0.776        100.0
near_power_of_2_03         15.253985   28883481      66273859  2.295          57158            0.811        100.0
near_power_of_2_04         15.208604   28811376      66369906  2.304          58003            0.823        100.0
near_power_of_2_05         16.789654   31809466      72130353  2.268          57216            0.782        100.0
near_power_of_2_06         15.201567   28798536      66246480  2.300          56481            0.803        100.0
near_power_of_2_07         15.162184   28723889      66318054  2.309          56091            0.796        100.0
near_power_of_2_08         15.217697   28828685      66363311  2.302          59636            0.844        100.0
only_first_small_00        28.905735   54777092     131106889  2.393          53789            0.393        100.0
only_first_small_01        29.513511   55914185     131240972  2.347          51350            0.375        100.0
random_00                  24.912668   47187154     108824712  2.306          80423            0.736        100.0
random_01                  24.463759   46337513     108084904  2.333          79644            0.704        100.0
random_02                  16.427051   31106293      70418143  2.264         105753            1.472        100.0
small_00                    0.846578    1587583       1625651  1.024           5369            1.511        100.0
small_01                    0.820173    1536014       1584259  1.031           5254            1.546        100.0
small_02                    0.833140    1561637       1586571  1.016           5356            1.573        100.0
small_03                    0.842824    1579232       1596505  1.011           5425            1.576        100.0
small_04                    0.827935    1551746       1585617  1.022           5371            1.578        100.0
small_05                    0.821099    1538247       1594095  1.036           5223            1.521        100.0
small_06                    0.805072    1508603       1589118  1.053           5401            1.583        100.0
small_07                    0.846414    1586094       1595426  1.006           5340            1.552        100.0
small_08                    0.820643    1537172       1587113  1.032           5337            1.567        100.0
small_slopes_00            27.982912   53014115     128371692  2.421          71016            0.529        100.0
small_slopes_01            27.408690   51920124     124092662  2.390          71211            0.553        100.0
