case                   task-clock (ms)    cycles  instructions    IPC  branch-misses  branch-miss (%)  running (%)
max (small_slopes_00)        41.980819         -             -      -              -                -            -
sum                         795.717936         -             -      -              -                -            -
example_00                    0.845513   1585233       1579465  0.996           5410            1.589        100.0
hack_00                       0.829027   1553995       1590206  1.023           5439            1.594        100.0
large_small_00               14.806200  28049131      74178866  2.645          10944            0.144        100.0
large_small_01               14.485952  27442083      71404841  2.602          10615            0.146        100.0
large_small_02               15.440311  29249720      73823211  2.524          66638            0.882        100.0
large_small_03               16.857809  31937246      83835299  2.625          66913            0.833        100.0
max_random_00                41.866253  79326052     241295544  3.042          79246            0.315        100.0
max_random_01                41.885262  79381222     241339163  3.040          78493            0.312        100.0
max_random_02                41.645185  78894311     239871727  3.040          79689            0.318        100.0
med_random_00                 0.895080   1679105       1786102  1.064           6095            1.688        100.0
med_random_01                 0.877534   1645417       1697896  1.032           5868            1.668        100.0
med_random_02                 0.880996   1652220       1706767  1.033           6127            1.742        100.0
monotone_00                  41.085739  77843311     241550483  3.103          24050            0.095        100.0
monotone_01                  36.217849  68561920     201894273  2.945          27938            0.138        100.0
monotone_02                  36.435054  69049163     201963135  2.925          27422            0.135        100.0
monotone_03                  41.190948  78064441     241486469  3.093          24235            0.096        100.0
near_power_of_2_00           21.039273  39864562     118910394  2.983          44409            0.353        100.0
near_power_of_2_01           20.998718  39786967     118303863  2.973          44078            0.353        100.0
near_power_of_2_02           21.094380  39968465     118873531  2.974          44400            0.354        100.0
near_power_of_2_03           21.087721  39957159     118878020  2.975          43374            0.345        100.0
near_power_of_2_04           20.975535  39743569     118101636  2.972          44153            0.354        100.0
near_power_of_2_05           21.060312  39903693     118900688  2.980          44387            0.353        100.0
near_power_of_2_06           21.100502  39980861     118922463  2.974          44449            0.354        100.0
near_power_of_2_07           20.992905  39775135     118058035  2.968          44402            0.356        100.0
near_power_of_2_08           21.116686  39996928     118295754  2.958          44852            0.359        100.0
only_first_small_00          40.645028  77029809     236951678  3.076          20304            0.082        100.0
only_first_small_01          40.703427  77121596     236921932  3.072          20772            0.084        100.0
random_00                    32.256189  61127583     184613931  3.020          65301            0.337        100.0
random_01                    34.371308  65137631     196382306  3.015          64106            0.312        100.0
random_02                    20.693884  39208988     119618393  3.051          65809            0.514        100.0
small_00                      0.838127   1570940       1600822  1.019           5512            1.597        100.0
small_01                      0.848763   1592114       1578891  0.992           5176            1.520        100.0
small_02                      0.809902   1517027       1596660  1.052           5395            1.566        100.0
small_03                      0.812578   1522289       1593858  1.047           5417            1.576        100.0
small_04                      0.843983   1581832       1595554  1.009           5437            1.580        100.0
small_05                      0.836563   1567338       1594631  1.017           5304            1.542        100.0
small_06                      0.819080   1534421       1589676  1.036           5151            1.503        100.0
small_07                      0.881484   1652796       1598151  0.967           5447            1.581        100.0
small_08                      0.835771   1566149       1600757  1.022           5494            1.592        100.0
small_slopes_00              41.980819  79534266     240848352  3.028          73355            0.292        100.0
small_slopes_01              41.830286  79255879     241107334  3.042          73546            0.293        100.0
