case                      task-clock (ms)     cycles  instructions    IPC  branch-misses  branch-miss (%)  running (%)
max (parabola_random_00)        73.329607          -             -      -              -                -            -
sum                            597.801315          -             -      -              -                -            -
example_00                       0.871089    1633801       1599357  0.979           5506            1.598        100.0
half_00                         39.659509   75143039     107668188  1.433         116726            0.814        100.0
hand_max_00                     62.761180  118816267     176319419  1.484          69156            0.315        100.0
max_random_00                   52.331656   99167833     152271130  1.535         502809            2.933        100.0
max_random_01                   52.065902   98562767     152109398  1.543         503805            2.944        100.0
max_random_02                   52.687347   99726596     152640290  1.531         503921            2.925        100.0
no_output_00                    16.220617   30730769      50435217  1.641         116513            1.749        100.0
parabola_random_00              73.329607  138943308     189038478  1.361        1204573            5.413        100.0
parabola_random_01              72.724955  137839647     189307979  1.373        1206344            5.403        100.0
parabola_random_02              73.297388  138786838     189145236  1.363        1205564            5.415        100.0
random_00                       37.678604   71406785     107327554  1.503         367906            2.983        100.0
random_01                       40.170640   76108303     116163568  1.526         391272            2.954        100.0
random_02                       22.205093   42074617      65491470  1.557         239042            3.074        100.0
small_00                         0.895469    1679282       1631658  0.972           5523            1.557        100.0
small_01                         0.902259    1692202       1640229  0.969           5503            1.537        100.0
