2026-10-02 lenovo / Intel(R) Core(TM) i5-10210U CPU @ 1.60GHz
Two complete passes per binary; per case minimum task-clock; all counters from that same run.
Unchanged binaries reuse their recorded passes; each section identifies its measurement batch.
Cases: 29, including examples. Units: ms. No CPU pinning.
Compiler: g++ (GCC) 16.2.1 20260819 (Red Hat 16.2.1-2); rustc 1.98.1 (48a229cea 2026-09-01)
Build host: fedora; glibc 2.43
Environment: Linux 7.2.8-200.fc44.x86_64; affinity [0, 1, 2, 3]; stack 268435456 bytes; bench_env OK.
cxx_flags.txt: -std=c++23 -DEVAL -DONLINE_JUDGE -Iinclude -O3 -fwhole-program -fno-exceptions -fno-rtti -march=x86-64-v3 -fno-pie -no-pie -nostdlib++ -static -lm -s
cpp_flags.txt: -std=c++23 -DEVAL -DONLINE_JUDGE -Iac-library -include cassert -O3 -fwhole-program -fno-exceptions -fno-rtti -march=x86-64-v3 -fno-pie -no-pie -static -lgmp -s
rust_flags.txt: -C opt-level=3 -C codegen-units=1 -C lto=fat -C panic=abort -C target-cpu=x86-64-v3 -C target-feature=+crt-static -C relocation-model=static -C link-arg=-Wl,-u,__cxa_thread_atexit_impl -C strip=symbols

solution                                max (ms)       sum (ms)
Anonymous                               1455.644457    9648.866880
MeIoN                                   1140.576532    7060.145401
Rohan_Kapri                             1136.761974    7063.998956
isaunoya                                1445.294098    9514.612871
t98slider                               1499.407676   10070.404739
main                                     323.403662    2499.883906
naive                                   1608.882657    8423.045283

submissions/graph/counting_c4/Anonymous.cpp
SHA-256: 369abab71d67e8c7bbe2c874ebea823bfdb8189f774df19067fabff2d033082d
Measured: bench/graph-polish-20261002/accepted-37 [Anonymous]
case                    task-clock (ms)      cycles  instructions    IPC  branch-misses  branch-miss (%)  running (%)
max (max_complete_00)       1455.644457           -             -      -              -                -            -
sum                         9648.866880           -             -      -              -                -            -
example_00                     0.981819     1552403       2409783  1.552           6638            1.198        100.0
example_01                     0.993493     1570518       2441044  1.554           6689            1.184        100.0
dense_00                     135.488740   216216881     510441945  2.361        1760147            1.844        100.0
dense_01                     138.205443   220565196     510203873  2.313        1760901            1.845        100.0
dense_02                     135.207454   215784327     510125721  2.364        1764657            1.850        100.0
dense_03                     134.940650   215388997     510172144  2.369        1760291            1.845        100.0
dense_04                     135.279869   215892557     510193868  2.363        1764824            1.850        100.0
large_random_simple_00       251.598799   401493150     663513886  1.653        4121107            3.023        100.0
large_random_simple_01       179.983592   287234757     482260987  1.679        3206860            3.248        100.0
large_random_simple_02        70.527623   112556116     203384210  1.807        1346909            3.247        100.0
max_complete_00             1455.644457  2323346702    4757402426  2.048        4131768            0.714        100.0
max_near_k_simple_00        1040.555239  1660790900    3379524186  2.035        4149847            0.975        100.0
max_near_k_simple_01        1234.243742  1969956266    3867657795  1.963        4128354            0.860        100.0
max_near_k_simple_02        1341.854084  2141720699    4163068230  1.944        4134822            0.806        100.0
max_near_k_simple_03        1371.402889  2188833741    4297231771  1.963        4141126            0.785        100.0
max_random_simple_00         279.191970   445519653     732409007  1.644        4502861            2.990        100.0
max_random_simple_01         279.917636   446644562     731195545  1.637        4505835            2.999        100.0
max_random_simple_02         278.552135   444507018     730798018  1.644        4508596            3.002        100.0
minimum_00                     0.967676     1528854       2418520  1.582           6630            1.184        100.0
multiplied_c4_00             150.597586   240367743     688994374  2.866        1128824            0.837        100.0
multiplied_c4_01             147.567712   235519390     694535007  2.949         940320            0.693        100.0
small_dense_simple_00        435.209396   694643780    1419404424  2.043        2041366            1.119        100.0
small_dense_simple_01         29.238082    46656712     107260046  2.299         260922            1.715        100.0
small_dense_simple_02          1.900427     3018099       5512896  1.827          23238            2.108        100.0
small_sparse_simple_00         1.752663     2782429       4839838  1.739          24621            2.370        100.0
small_sparse_simple_01         1.137011     1800442       2845988  1.581          10063            1.558        100.0
small_sparse_simple_02         1.055019     1669150       2664480  1.596           8547            1.404        100.0
star_00                      206.399498   329348372     690279862  2.096        2874301            1.995        100.0
star_01                      208.472176   332640473     697047098  2.095        2980746            2.066        100.0

submissions/graph/counting_c4/MeIoN.cpp
SHA-256: 4ae191e65b641ee7626f5aa907e6ca225cfcb87e33d4d18ef984cb9a579a47b0
Measured: bench/graph-polish-20261002/accepted-37 [MeIoN]
case                    task-clock (ms)      cycles  instructions    IPC  branch-misses  branch-miss (%)  running (%)
max (max_complete_00)       1140.576532           -             -      -              -                -            -
sum                         7060.145401           -             -      -              -                -            -
example_00                     0.987089     1560564       2453906  1.572           6758            1.189        100.0
example_01                     0.997622     1577740       2436806  1.544           6753            1.204        100.0
dense_00                      89.551271   142918609     173202643  1.212        3030349            7.255        100.0
dense_01                      89.802755   143319385     171188835  1.194        3063910            7.470        100.0
dense_02                      88.961509   141981502     175137155  1.234        2966414            7.033        100.0
dense_03                      91.720317   146372349     171980520  1.175        3180898            7.725        100.0
dense_04                      88.697297   141556836     171496427  1.212        3001346            7.304        100.0
large_random_simple_00       158.791882   253401746     223028105  0.880        3546252            7.515        100.0
large_random_simple_01       113.008813   180379764     167523573  0.929        2796392            7.850        100.0
large_random_simple_02        44.369102    70810689      72524799  1.024        1210486            7.965        100.0
max_complete_00             1140.576532  1820514948    3620211729  1.989        3728636            1.044        100.0
max_near_k_simple_00         791.061470  1262598595    2493652284  1.975        3725240            1.463        100.0
max_near_k_simple_01         957.115040  1527686050    2892535003  1.893        3708311            1.276        100.0
max_near_k_simple_02        1024.030833  1634476600    3132014247  1.916        3762632            1.205        100.0
max_near_k_simple_03        1063.451040  1697389081    3243752775  1.911        3723410            1.153        100.0
max_random_simple_00         178.130537   284228187     245544459  0.864        3844414            7.374        100.0
max_random_simple_01         177.708733   283585392     246028031  0.868        3838613            7.348        100.0
max_random_simple_02         177.505862   283257279     246457495  0.870        3819277            7.310        100.0
minimum_00                     0.972168     1536735       2405730  1.565           6590            1.190        100.0
multiplied_c4_00              86.752608   138467702     214856384  1.552        2519579            5.176        100.0
multiplied_c4_01              83.680838   133548119     214848634  1.609        2287287            4.696        100.0
small_dense_simple_00        339.523309   541925566    1028720850  1.898        1861186            1.743        100.0
small_dense_simple_01         21.721118    34658206      71682434  2.068         243677            2.902        100.0
small_dense_simple_02          1.543049     2448252       3838728  1.568          21896            2.770        100.0
small_sparse_simple_00         1.453389     2304671       3268160  1.418          22503            3.092        100.0
small_sparse_simple_01         1.050620     1661623       2593399  1.561           9357            1.568        100.0
small_sparse_simple_02         1.061615     1679738       2550421  1.518           8277            1.408        100.0
star_00                      121.089486   193202919     234257664  1.212        2625412            5.047        100.0
star_01                      124.829497   199165001     241563214  1.213        2679132            4.910        100.0

submissions/graph/counting_c4/Rohan_Kapri.cpp
SHA-256: 4ae191e65b641ee7626f5aa907e6ca225cfcb87e33d4d18ef984cb9a579a47b0
Measured: bench/graph-polish-20261002/accepted-37 [Rohan_Kapri]
case                    task-clock (ms)      cycles  instructions    IPC  branch-misses  branch-miss (%)  running (%)
max (max_complete_00)       1136.761974           -             -      -              -                -            -
sum                         7063.998956           -             -      -              -                -            -
example_00                     0.992509     1569309       2431603  1.549           6702            1.198        100.0
example_01                     1.001573     1582298       2464991  1.558           6704            1.175        100.0
dense_00                      89.444201   142765020     173169324  1.213        3023659            7.241        100.0
dense_01                      89.974198   143594687     171192634  1.192        3073396            7.494        100.0
dense_02                      88.893246   141854879     175095547  1.234        2963504            7.028        100.0
dense_03                      91.754162   146425152     172081711  1.175        3178585            7.713        100.0
dense_04                      88.735063   141596545     171516550  1.211        3002389            7.306        100.0
large_random_simple_00       160.967570   256838549     221708488  0.863        3542628            7.561        100.0
large_random_simple_01       113.091428   180480899     167542421  0.928        2791308            7.835        100.0
large_random_simple_02        44.555043    71081376      72465589  1.019        1210226            7.975        100.0
max_complete_00             1136.761974  1814433138    3620571769  1.995        3717585            1.041        100.0
max_near_k_simple_00         789.687039  1260408620    2493799884  1.979        3741978            1.469        100.0
max_near_k_simple_01         960.101779  1532403572    2892448404  1.888        3711822            1.277        100.0
max_near_k_simple_02        1021.658953  1630675831    3131130717  1.920        3770406            1.209        100.0
max_near_k_simple_03        1068.081053  1704764680    3243914448  1.903        3729953            1.155        100.0
max_random_simple_00         179.158895   285883318     246318953  0.862        3841801            7.347        100.0
max_random_simple_01         178.117244   284240844     245955545  0.865        3834243            7.339        100.0
max_random_simple_02         177.322020   282973392     246171088  0.870        3822576            7.321        100.0
minimum_00                     0.970947     1534955       2439095  1.589           6555            1.161        100.0
multiplied_c4_00              86.707446   138379944     214793997  1.552        2522351            5.185        100.0
multiplied_c4_01              83.758337   133655062     214851829  1.608        2290125            4.702        100.0
small_dense_simple_00        339.546366   541963927    1028588662  1.898        1861015            1.743        100.0
small_dense_simple_01         21.829045    34815921      71729500  2.060         245665            2.921        100.0
small_dense_simple_02          1.551265     2461362       3806837  1.547          21695            2.783        100.0
small_sparse_simple_00         1.427075     2263090       3254559  1.438          22319            3.078        100.0
small_sparse_simple_01         1.067279     1687709       2565669  1.520           9305            1.586        100.0
small_sparse_simple_02         1.050804     1661725       2545630  1.532           8269            1.408        100.0
star_00                      121.814490   194368576     233755330  1.203        2625080            5.059        100.0
star_01                      123.977952   197871833     239788929  1.212        2670097            4.932        100.0

submissions/graph/counting_c4/isaunoya.cpp
SHA-256: 3cd5a0fa01e24b6a771e43d587ace4fe923cfcaaba7b5f865d595a3d0141e164
Measured: bench/graph-polish-20261002/accepted-37 [isaunoya]
case                    task-clock (ms)      cycles  instructions    IPC  branch-misses  branch-miss (%)  running (%)
max (max_complete_00)       1445.294098           -             -      -              -                -            -
sum                         9514.612871           -             -      -              -                -            -
example_00                     0.981459     1551193       2438613  1.572           6800            1.205        100.0
example_01                     0.995033     1572825       2448285  1.557           6707            1.184        100.0
dense_00                     132.061144   210776185     512684626  2.432        1595621            1.635        100.0
dense_01                     132.024292   210708121     512664016  2.433        1589278            1.629        100.0
dense_02                     131.939311   210578898     512588328  2.434        1594833            1.635        100.0
dense_03                     131.934379   210573172     512674450  2.435        1592484            1.632        100.0
dense_04                     132.129420   210861446     512564184  2.431        1596188            1.636        100.0
large_random_simple_00       243.589572   388681367     664048573  1.708        4013800            2.946        100.0
large_random_simple_01       175.481537   280063914     485767681  1.734        3112511            3.133        100.0
large_random_simple_02        68.917733   109997997     204595612  1.860        1312030            3.149        100.0
max_complete_00             1445.294098  2306834221    4758652801  2.063        3925821            0.677        100.0
max_near_k_simple_00        1034.616675  1651254557    3379759672  2.047        3947373            0.925        100.0
max_near_k_simple_01        1227.607510  1959380514    3869589332  1.975        3913599            0.814        100.0
max_near_k_simple_02        1325.470594  2115614160    4163354075  1.968        3919563            0.763        100.0
max_near_k_simple_03        1357.710665  2166948559    4298835809  1.984        3922873            0.742        100.0
max_random_simple_00         270.927623   432302076     733593179  1.697        4398000            2.921        100.0
max_random_simple_01         271.445529   433161854     732819544  1.692        4406814            2.931        100.0
max_random_simple_02         270.691824   431947730     732424683  1.696        4402211            2.929        100.0
minimum_00                     0.975985     1542908       2390979  1.550           6395            1.162        100.0
multiplied_c4_00             150.552267   240254977     691243133  2.877        1028911            0.754        100.0
multiplied_c4_01             148.027923   236240487     696358142  2.948         863980            0.628        100.0
small_dense_simple_00        430.731568   687476766    1420892008  2.067        1894988            1.036        100.0
small_dense_simple_01         28.902681    46121106     107384402  2.328         248704            1.632        100.0
small_dense_simple_02          1.859583     2953103       5534792  1.874          22533            2.031        100.0
small_sparse_simple_00         1.763847     2800792       4864275  1.737          23886            2.285        100.0
small_sparse_simple_01         1.132778     1793199       2849617  1.589           9910            1.535        100.0
small_sparse_simple_02         1.037840     1641424       2639684  1.608           8566            1.429        100.0
star_00                      196.690153   313838203     688432989  2.194        2763378            1.923        100.0
star_01                      199.119848   317735129     694640978  2.186        2869437            1.987        100.0

submissions/graph/counting_c4/t98slider.cpp
SHA-256: f5f377bae04f6227e1a6bf06911a811f1b5383a93ca772720ef81c65ef81a1fd
Measured: bench/graph-polish-20261002/accepted-37 [t98slider]
case                    task-clock (ms)      cycles  instructions    IPC  branch-misses  branch-miss (%)  running (%)
max (max_complete_00)       1499.407676           -             -      -              -                -            -
sum                        10070.404739           -             -      -              -                -            -
example_00                     0.958233     1514903       2378032  1.570           6604            1.206        100.0
example_01                     0.992187     1568013       2418004  1.542           6681            1.193        100.0
dense_00                      93.569130   149349084     257625991  1.725        3173656            6.289        100.0
dense_01                      93.745381   149604122     255150408  1.706        3221426            6.458        100.0
dense_02                      92.619580   147832376     259227615  1.754        3103853            6.109        100.0
dense_03                      95.380813   152241266     256021652  1.682        3338693            6.669        100.0
dense_04                      93.032536   148492711     255496058  1.721        3164041            6.333        100.0
large_random_simple_00       227.640088   363168861     387397791  1.067        4443917            5.564        100.0
large_random_simple_01       157.787945   251729283     274058627  1.089        3482238            6.172        100.0
large_random_simple_02        56.113888    89560007     112136794  1.252        1566046            6.774        100.0
max_complete_00             1499.407676  2393223059    6229531906  2.603        5714906            0.395        100.0
max_near_k_simple_00        1114.731430  1779258924    4443752146  2.498        7662370            0.743        100.0
max_near_k_simple_01        1299.874994  2074763870    5056423122  2.437        7884575            0.669        100.0
max_near_k_simple_02        1415.779000  2259669155    5404912148  2.392       10522382            0.838        100.0
max_near_k_simple_03        1496.165516  2387975720    5579971040  2.337       13199056            1.019        100.0
max_random_simple_00         255.193989   407147468     433955826  1.066        4851243            5.420        100.0
max_random_simple_01         256.426724   409082392     434367408  1.062        4856292            5.422        100.0
max_random_simple_02         255.456644   407524979     433781559  1.064        4798108            5.366        100.0
minimum_00                     0.958323     1514387       2420254  1.598           6627            1.183        100.0
multiplied_c4_00             114.231410   182331412     372913107  2.045        2631775            3.577        100.0
multiplied_c4_01             111.316447   177679209     373493456  2.102        2419791            3.277        100.0
small_dense_simple_00       1029.867812  1643786429    1749973400  1.065       36397938            9.010        100.0
small_dense_simple_01         30.233464    48246079     117736350  2.440         335345            1.244        100.0
small_dense_simple_02          2.173990     3455322       4515740  1.307          51738            5.105        100.0
small_sparse_simple_00         1.597159     2533980       3695124  1.458          28691            3.481        100.0
small_sparse_simple_01         1.088003     1721615       2627922  1.526          10407            1.737        100.0
small_sparse_simple_02         1.042911     1650019       2539617  1.539           8868            1.516        100.0
star_00                      135.047185   215372540     444590878  2.064        2553382            2.778        100.0
star_01                      137.972281   220058494     454495642  2.065        2647697            2.805        100.0

src/graph/counting_c4/main.cxx
SHA-256: 84e3fc6c06ce1fa0f6cae552bbb30d2e2d377bc0ecb4f545f321646927902374
Measured: bench/graph-polish-20261002/accepted-37 [main]
case                    task-clock (ms)     cycles  instructions    IPC  branch-misses  branch-miss (%)  running (%)
max (max_complete_00)        323.403662          -             -      -              -                -            -
sum                         2499.883906          -             -      -              -                -            -
example_00                     0.801567    1263949       1737363  1.375           5484            1.421        100.0
example_01                     0.804980    1269934       1800777  1.418           5658            1.398        100.0
dense_00                      30.178574   48159712      85665528  1.779          11581            0.115        100.0
dense_01                      30.335530   48366273      85757124  1.773          12127            0.121        100.0
dense_02                      30.169367   48101716      85655278  1.781          11943            0.119        100.0
dense_03                      30.210444   48167752      85597025  1.777          11937            0.119        100.0
dense_04                      30.093702   47982128      85564739  1.783          11954            0.119        100.0
large_random_simple_00        98.318789  156845906     156110366  0.995         814802            3.721        100.0
large_random_simple_01        66.120132  105512687     116997687  1.109         746334            4.663        100.0
large_random_simple_02        26.105437   41657590      51814444  1.244         365025            5.146        100.0
max_complete_00              323.403662  516073265    1548499585  3.001         322597            0.129        100.0
max_near_k_simple_00         268.861588  429011546    1194998030  2.785         324053            0.170        100.0
max_near_k_simple_01         287.163886  458236872    1316006438  2.872         322682            0.153        100.0
max_near_k_simple_02         297.231501  474303454    1375316859  2.900         323188            0.146        100.0
max_near_k_simple_03         301.417675  481017477    1410875983  2.933         321475            0.141        100.0
max_random_simple_00         110.098664  175532319     171607660  0.978         847869            3.513        100.0
max_random_simple_01         111.599171  178017281     171303436  0.962         857846            3.565        100.0
max_random_simple_02         112.449626  179386554     172379090  0.961         852969            3.503        100.0
minimum_00                     0.815216    1285868       1738926  1.352           5346            1.385        100.0
multiplied_c4_00              46.628665   74332695     122489850  1.648          15420            0.095        100.0
multiplied_c4_01              44.250745   70538519     118632385  1.682          14409            0.090        100.0
small_dense_simple_00        106.658681  170226366     461759673  2.713         163027            0.223        100.0
small_dense_simple_01          8.404669   13400381      33825314  2.524          27757            0.527        100.0
small_dense_simple_02          1.127455    1784152       2695157  1.511           7209            1.375        100.0
small_sparse_simple_00         1.129808    1788670       2431447  1.359          11950            2.498        100.0
small_sparse_simple_01         0.913315    1442278       1972637  1.368           6901            1.599        100.0
small_sparse_simple_02         0.875579    1382776       1862341  1.347           6334            1.568        100.0
star_00                       67.093028  107025765     157239529  1.469          18200            0.078        100.0
star_01                       66.622450  106206998     157765595  1.485          17476            0.074        100.0

src/graph/counting_c4/naive.cxx
SHA-256: 623ebf0a4729d5442c086efe68887709e0684083d96765bdc234a99776cb9a57
Measured: bench/graph-polish-20261002/accepted-37 [naive]
case                    task-clock (ms)      cycles  instructions    IPC  branch-misses  branch-miss (%)  running (%)
max (max_complete_00)       1608.882657           -             -      -              -                -            -
sum                         8423.045283           -             -      -              -                -            -
example_00                     0.822967     1298892       1789434  1.378           5713            1.426        100.0
example_01                     0.808798     1276071       1790037  1.403           5716            1.427        100.0
dense_00                      29.799185    47510944      84686424  1.782          12339            0.123        100.0
dense_01                      29.860108    47591308      84704786  1.780          12883            0.129        100.0
dense_02                      29.778223    47477702      84679532  1.784          12087            0.121        100.0
dense_03                      29.861897    47610995      84885478  1.783          12181            0.121        100.0
dense_04                      29.807031    47523633      84680058  1.782          12245            0.122        100.0
large_random_simple_00       107.926998   172072183     176074271  1.023        1338004            4.915        100.0
large_random_simple_01        77.877242   124270016     133512978  1.074        1191845            5.737        100.0
large_random_simple_02        31.653602    50485639      59131639  1.171         575327            6.172        100.0
max_complete_00             1608.882657  2567894155    6956728280  2.709        1910908            0.135        100.0
max_near_k_simple_00        1091.144779  1741503213    4859800536  2.791        1882649            0.187        100.0
max_near_k_simple_01        1342.474142  2142640996    5628231338  2.627        1907285            0.165        100.0
max_near_k_simple_02        1434.799046  2290039255    6019518557  2.629        1915675            0.156        100.0
max_near_k_simple_03        1491.046198  2379817075    6220482003  2.614        1925866            0.152        100.0
max_random_simple_00         121.523876   193889116     194240973  1.002        1386591            4.614        100.0
max_random_simple_01         121.014690   192990833     194012274  1.005        1389721            4.638        100.0
max_random_simple_02         121.307207   193439355     194051335  1.003        1391667            4.643        100.0
minimum_00                     0.796183     1256327       1778749  1.416           5556            1.394        100.0
multiplied_c4_00              45.146085    71966885     121447849  1.688          15693            0.098        100.0
multiplied_c4_01              42.764237    68165698     117765045  1.728          14898            0.095        100.0
small_dense_simple_00        462.624175   738384506    1917910093  2.597        1019144            0.263        100.0
small_dense_simple_01         27.477710    43845763     125167878  2.855         124917            0.499        100.0
small_dense_simple_02          1.386556     2198631       3627884  1.650          16582            2.248        100.0
small_sparse_simple_00         1.186243     1879058       2572654  1.369          16278            3.116        100.0
small_sparse_simple_01         0.887092     1400419       1946436  1.390           7961            1.900        100.0
small_sparse_simple_02         0.843867     1331342       1892705  1.422           7154            1.741        100.0
star_00                       70.226266   111933293     186455277  1.666          18464            0.066        100.0
star_01                       69.318223   110509087     186554499  1.688          17795            0.063        100.0
