case                 task-clock (ms)     cycles  instructions    IPC  branch-misses  branch-miss (%)  running (%)
max (max_random_00)       338.379024          -             -      -              -                -            -
sum                      1433.796557          -             -      -              -                -            -
example_00                  0.846539    1587218       1607042  1.012           5424            1.567        100.0
max_random_00             338.379024  640984302    1512860878  2.360         264840            0.224        100.0
max_random_01             336.354797  636919744    1512718158  2.375         257376            0.217        100.0
max_random_02             335.765588  636059788    1512269503  2.378         261975            0.221        100.0
nm_01_00                    0.844777    1583120       1601878  1.012           5306            1.536        100.0
nm_01_01                    0.835454    1566377       1600289  1.022           5373            1.557        100.0
nm_01_02                    0.996571    1871767       2077533  1.110           6650            1.621        100.0
nm_01_03                    0.830597    1555932       1598226  1.027           5313            1.542        100.0
nm_01_04                    0.814333    1524948       1605530  1.053           5301            1.532        100.0
nm_01_05                    3.489702    6596642       9733414  1.476          21811            1.468        100.0
nm_01_06                    1.634450    3080149       3900755  1.266          10396            1.640        100.0
nm_01_07                    2.801466    5292509       9157504  1.730          16791            1.246        100.0
random_00                 337.304260  638640358    1492641548  2.337         253195            0.215        100.0
random_01                  69.207712  131081906     316345968  2.413          83286            0.316        100.0
random_02                   1.044400    1961392       2571179  1.311           6814            1.615        100.0
small_random_00             0.891509    1671868       1810101  1.083           5985            1.607        100.0
small_random_01             0.915456    1717185       1876489  1.093           6157            1.659        100.0
small_random_02             0.839922    1574135       1653338  1.050           5474            1.529        100.0
