case                      task-clock (ms)     cycles  instructions    IPC  branch-misses  branch-miss (%)  running (%)
max (killer_straight_00)       113.102841          -             -      -              -                -            -
sum                           1506.851011          -             -      -              -                -            -
example_00                       0.877410    1643886       1602691  0.975           5412            1.561        100.0
example_01                       0.864694    1622140       1599900  0.986           5435            1.582        100.0
example_02                       0.865809    1624236       1620966  0.998           5499            1.569        100.0
almost_straight_00              47.560201   89999321     164626805  1.829          18316            0.087        100.0
almost_straight_01              59.999334  113581456     232299599  2.045          21050            0.078        100.0
almost_straight_02               7.711341   14599654      27450037  1.880           9151            0.266        100.0
ascending_order_00              47.577819   90030922     164298994  1.825          18529            0.089        100.0
ascending_order_01              56.135653  106244546     194929101  1.835          20390            0.082        100.0
ascending_order_02               7.345647   13905445      23917766  1.720           9379            0.290        100.0
descending_order_00             47.334879   89595000     164323652  1.834          18857            0.090        100.0
descending_order_01             56.058552  106130329     194883346  1.836          21057            0.085        100.0
descending_order_02              7.373554   13959874      23982433  1.718           9291            0.286        100.0
killer_case_00                 110.446805  209255477     321447858  1.536         989490            2.471        100.0
killer_case_01                 112.050212  212285646     321373485  1.514         992563            2.482        100.0
killer_case_02                 111.155529  210609628     320511550  1.522         996927            2.506        100.0
killer_case_03                 111.092720  210490232     320462793  1.522         987522            2.483        100.0
killer_case_04                 112.141432  212511540     320656389  1.509         990627            2.487        100.0
killer_straight_00             113.102841  214163970     346273783  1.617         822263            1.903        100.0
max_random_00                   72.650714  137582685     225624852  1.640          22169            0.082        100.0
max_random_01                   73.611133  139402002     227236106  1.630          23743            0.087        100.0
max_random_02                   73.231032  138661890     225079856  1.623          22593            0.084        100.0
random_00                       54.974235  104053044     172744623  1.660          19371            0.095        100.0
random_01                       66.000747  124939606     205142149  1.642          20866            0.086        100.0
random_02                        7.968348   15086317      25108876  1.664           9120            0.287        100.0
small_random_00                  0.868456    1628456       1604020  0.985           5463            1.587        100.0
small_random_01                  0.795914    1490613       1631762  1.095           5289            1.484        100.0
small_random_02                  0.841676    1578012       1612637  1.022           5518            1.589        100.0
swap_random_00                  60.419538  114340106     179423228  1.569          76597            0.359        100.0
swap_random_01                  77.342642  146431178     228000559  1.557         283371            1.040        100.0
swap_random_02                   8.452144   16004360      26592017  1.662          24551            0.723        100.0
