case                      task-clock (ms)    cycles  instructions    IPC  branch-misses  branch-miss (%)  running (%)
max (overflow_killer_00)        19.890174         -             -      -              -                -            -
sum                            159.283383         -             -      -              -                -            -
example_00                       0.861931   1615906       1651919  1.022           5569            1.548        100.0
example_01                       0.854346   1601482       1593386  0.995           5160            1.509        100.0
example_02                       0.863311   1618134       1636823  1.012           5414            1.523        100.0
overflow_killer_00              19.890174  37685785      90013152  2.389         119395            1.214        100.0
random_00                        0.963804   1809053       2187518  1.209           5522            1.328        100.0
random_01                        1.132305   2127628       2952438  1.388           5853            1.181        100.0
random_02                        1.520730   2864800       5096349  1.779           6352            0.865        100.0
random_03                        1.046480   1965865       2541259  1.293           5581            1.243        100.0
random_04                        0.881719   1653058       1801255  1.090           5564            1.538        100.0
random_complete_00               6.209915  11753807      29054347  2.472          12623            0.349        100.0
random_complete_01               6.250251  11829934      29078331  2.458          12728            0.351        100.0
random_complete_02               6.254099  11836857      29056210  2.455          12853            0.355        100.0
random_complete_03               6.224447  11780857      29025251  2.464          12670            0.351        100.0
random_complete_04               6.229021  11789452      29027807  2.462          12580            0.348        100.0
random_max_00                   19.081453  36129298      90021569  2.492         108012            1.099        100.0
random_max_01                   19.189919  36358166      89988236  2.475         108568            1.105        100.0
random_max_02                   18.937394  35878868      89998367  2.508         107689            1.096        100.0
random_max_03                   19.084498  36158129      89976245  2.488         107951            1.099        100.0
random_max_04                   18.985815  35970933      90011493  2.502         107756            1.096        100.0
random_small_00                  0.900465   1688445       1832124  1.085           5596            1.486        100.0
random_small_01                  0.872298   1635672       1713043  1.047           5677            1.553        100.0
random_small_02                  1.309807   2465210       3900264  1.582           6941            1.069        100.0
random_small_03                  0.861857   1615208       1674792  1.037           5445            1.517        100.0
random_small_04                  0.877344   1644667       1819456  1.106           5621            1.530        100.0
