2026-10-01 lenovo / Intel(R) Core(TM) i5-10210U CPU @ 1.60GHz
Two complete passes; per binary/case minimum task-clock; all counters from that same run.
Cases: 31, including examples. Units: ms. No CPU pinning.
Compiler: g++ (GCC) 16.2.1 20260819 (Red Hat 16.2.1-2); rustc 1.98.1 (48a229cea 2026-09-01)
Build host: master; glibc 2.43
Environment: Linux 7.2.8-200.fc44.x86_64; affinity [0, 1, 2, 3]; stack 268435456 bytes; bench_env OK.
cxx_flags.txt: -std=c++23 -DEVAL -DONLINE_JUDGE -Iinclude -O3 -fwhole-program -fno-exceptions -fno-rtti -march=x86-64-v3 -fno-pie -no-pie -nostdlib++ -static -lm -s
cpp_flags.txt: -std=c++23 -DEVAL -DONLINE_JUDGE -Iac-library -include cassert -O3 -fwhole-program -fno-exceptions -fno-rtti -march=x86-64-v3 -fno-pie -no-pie -static -lgmp -s
rust_flags.txt: -C opt-level=3 -C codegen-units=1 -C lto=fat -C panic=abort -C target-cpu=x86-64-v3 -C target-feature=+crt-static -C relocation-model=static -C link-arg=-Wl,-u,__cxa_thread_atexit_impl -C strip=symbols

solution                                max (ms)       sum (ms)
Rohan_Kapri                              307.143192    4481.911557
chaihf                                   259.948444    3536.276170
kk2a                                     265.747078    3752.998566
qdot3                                    172.287360    2376.410122
toomer                                   182.713410    1993.201973
main                                     146.104109    1930.275465

submissions/data_structure/range_affine_range_sum_large_array/Rohan_Kapri.cpp
SHA-256: a550cb3ac72a893dbb53f6396fc1cb45689a4fab5a4dc3aca387a9e46c7d6066
case                   task-clock (ms)     cycles  instructions    IPC  branch-misses  branch-miss (%)  running (%)
max (many_query_0_00)       307.143192          -             -      -              -                -            -
sum                        4481.911557          -             -      -              -                -            -
example_00                    1.052979    1664426       2440427  1.466           6803            1.211        100.0
dense_00                     65.436233  104426947     337087890  3.228         211121            0.295        100.0
dense_01                    158.888298  253589914     583112249  2.299        3357306            3.938        100.0
dense_02                    283.337749  452243331     835442900  1.847        5521350            5.452        100.0
many_query_0_00             307.143192  490207454     953995636  1.946        5474696            4.700        100.0
many_query_0_01             306.605878  489353229     953728715  1.949        5492854            4.718        100.0
many_query_1_00             259.689964  414468213     721288611  1.740        5242420            6.049        100.0
many_query_1_01             261.219050  416936820     720548756  1.728        5253403            6.073        100.0
max_random_00               287.062572  458159367     837834138  1.829        5542398            5.456        100.0
max_random_01               286.122384  456664442     837167946  1.833        5536157            5.454        100.0
max_random_02               286.935100  457952772     838310422  1.831        5549025            5.459        100.0
near_0_and_N_00             232.571305  371189585     775182044  2.088        4557640            4.878        100.0
near_0_and_N_01             232.194191  370597504     775599049  2.093        4536225            4.851        100.0
query_0_then_1_00           282.952300  451630056     837010013  1.853        5379621            5.304        100.0
query_0_then_1_01           283.114107  451840639     837484829  1.853        5370606            5.290        100.0
random_00                    43.454571   69350047     138977480  2.004         871560            4.951        100.0
random_01                    48.348598   77162361     154429862  2.001         974004            4.980        100.0
random_02                   166.269786  265383391     499479818  1.882        3323407            5.395        100.0
random_03                    63.732299  101684678     202313112  1.990        1295302            5.058        100.0
random_04                   283.708261  452823312     830613049  1.834        5485819            5.448        100.0
small_N_00                   56.426960   90056981     271727614  3.017         208669            0.367        100.0
small_N_01                   65.095304  103881507     286568247  2.759         539186            0.940        100.0
small_N_02                   67.672612  107996101     290686972  2.692         679954            1.186        100.0
small_N_03                   72.685462  116011569     306584528  2.643         786368            1.352        100.0
small_N_04                   74.148117  118331474     310937482  2.628         823198            1.411        100.0
small_Q_00                    1.001424    1582844       2407737  1.521           6441            1.163        100.0
small_Q_01                    1.038940    1642335       2452520  1.493           6722            1.181        100.0
small_Q_02                    0.984445    1556591       2418082  1.553           6648            1.197        100.0
small_Q_03                    1.010251    1597672       2431009  1.522           6657            1.188        100.0
small_Q_04                    1.010520    1597551       2455517  1.537           6655            1.169        100.0
small_Q_05                    0.998705    1578444       2400703  1.521           6480            1.174        100.0

submissions/data_structure/range_affine_range_sum_large_array/chaihf.cpp
SHA-256: bd69e3082a81c404fab4910caa1c02c33e277a60a3663bc8f01e462b90d84f3f
case                   task-clock (ms)     cycles  instructions    IPC  branch-misses  branch-miss (%)  running (%)
max (many_query_0_01)       259.948444          -             -      -              -                -            -
sum                        3536.276170          -             -      -              -                -            -
example_00                    1.026806    1624008       2426004  1.494           6737            1.200        100.0
dense_00                     17.041814   27189803      60208895  2.214         149361            1.083        100.0
dense_01                    114.005827  181956054     244375675  1.343        3930426           13.216        100.0
dense_02                    244.520386  390243550     507028142  1.299        6364171           12.690        100.0
many_query_0_00             258.909553  413236030     561316968  1.358        6249213           12.426        100.0
many_query_0_01             259.948444  414883649     561601550  1.354        6229832           12.371        100.0
many_query_1_00             211.990599  338351729     394599936  1.166        5954654           11.597        100.0
many_query_1_01             212.091159  338503433     395862142  1.169        5968942           11.633        100.0
max_random_00               251.669083  401669055     514310420  1.280        6392493           12.652        100.0
max_random_01               250.199021  399331035     514240598  1.288        6385791           12.629        100.0
max_random_02               250.419671  399681293     515206466  1.289        6378847           12.596        100.0
near_0_and_N_00             176.892948  282317242     413471332  1.465        5096891           11.101        100.0
near_0_and_N_01             178.609747  285059418     414152416  1.453        5099390           11.087        100.0
query_0_then_1_00           235.757639  376266338     478730726  1.272        6116435           12.018        100.0
query_0_then_1_01           237.331560  378776404     478960610  1.264        6108842           11.972        100.0
random_00                    35.560775   56736241      79495560  1.401        1002892           11.761        100.0
random_01                    40.008463   63850186      88639489  1.388        1128950           12.023        100.0
random_02                   142.820020  227949869     300842935  1.320        3843140           12.899        100.0
random_03                    53.332805   85105423     117156195  1.377        1504731           12.438        100.0
random_04                   248.143306  396025198     509176713  1.286        6357782           12.733        100.0
small_N_00                   13.164119   20998720      50904838  2.424         149553            1.265        100.0
small_N_01                   18.644234   29746816      53615344  1.802         390475            3.195        100.0
small_N_02                   23.489045   37480180      58728464  1.567         480218            3.578        100.0
small_N_03                   25.649756   40930151      58795462  1.436         589292            4.443        100.0
small_N_04                   28.918250   46146840      67723792  1.468         662334            4.522        100.0
small_Q_00                    1.024448    1619484       2417949  1.493           6686            1.199        100.0
small_Q_01                    1.030911    1630026       2415918  1.482           6660            1.196        100.0
small_Q_02                    1.025159    1621281       2414267  1.489           6582            1.183        100.0
small_Q_03                    1.012873    1600641       2422351  1.513           6736            1.206        100.0
small_Q_04                    1.003913    1586825       2432969  1.533           6567            1.159        100.0
small_Q_05                    1.033836    1635522       2453885  1.500           6593            1.155        100.0

submissions/data_structure/range_affine_range_sum_large_array/kk2a.cpp
SHA-256: f93db7d6f4e0e585867f2676dd5f93ef773d8327430e7c85b6aaa8a8427659bf
case                   task-clock (ms)     cycles  instructions    IPC  branch-misses  branch-miss (%)  running (%)
max (many_query_0_01)       265.747078          -             -      -              -                -            -
sum                        3752.998566          -             -      -              -                -            -
example_00                    1.176580    1863345       3017014  1.619           6812            1.156        100.0
dense_00                     29.385230   46892127     139223518  2.969         210764            0.629        100.0
dense_01                    122.770032  195922107     385738594  1.969        3369549            7.141        100.0
dense_02                    245.767706  392263869     638121412  1.627        5522639            8.759        100.0
many_query_0_00             265.611375  423910505     726414577  1.714        5474118            7.687        100.0
many_query_0_01             265.747078  424149510     726064253  1.712        5486282            7.712        100.0
many_query_1_00             230.853168  368430198     555001033  1.506        5224568            9.393        100.0
many_query_1_01             230.306749  367583647     554410726  1.508        5237201            9.438        100.0
max_random_00               251.352949  401192424     640946200  1.598        5544045            8.738        100.0
max_random_01               250.462617  399755468     640513911  1.602        5538305            8.735        100.0
max_random_02               250.690812  400126869     641182230  1.602        5554456            8.754        100.0
near_0_and_N_00             198.781226  317241960     589280961  1.858        4593569            7.946        100.0
near_0_and_N_01             198.473653  316771673     589680659  1.862        4565840            7.888        100.0
query_0_then_1_00           249.096746  397589937     640165257  1.610        5371616            8.489        100.0
query_0_then_1_01           247.890325  395660146     640600293  1.619        5361175            8.458        100.0
random_00                    37.280857   59472677     105197329  1.769         874574            7.942        100.0
random_01                    41.575428   66330060     116615299  1.758         977576            8.026        100.0
random_02                   144.310541  230314128     378013904  1.641        3326465            8.743        100.0
random_03                    55.062208   87867250     151905567  1.729        1299850            8.235        100.0
random_04                   249.913936  398878209     635626319  1.594        5487662            8.722        100.0
small_N_00                   25.743541   41078506     113337565  2.759         210345            0.778        100.0
small_N_01                   33.689981   53764030     129628262  2.411         503350            1.797        100.0
small_N_02                   36.248767   57847952     134232677  2.320         631141            2.241        100.0
small_N_03                   41.200328   65738177     150562531  2.290         740843            2.540        100.0
small_N_04                   42.679231   68114662     155319185  2.280         776662            2.637        100.0
small_Q_00                    1.179666    1867894       3053641  1.635           6794            1.127        100.0
small_Q_01                    1.169184    1851512       3004914  1.623           6647            1.137        100.0
small_Q_02                    1.137689    1800390       3001475  1.667           6650            1.139        100.0
small_Q_03                    1.144345    1811612       3055941  1.687           6851            1.136        100.0
small_Q_04                    1.143334    1810267       3008325  1.662           6653            1.137        100.0
small_Q_05                    1.153284    1825480       3000903  1.644           6716            1.150        100.0

submissions/data_structure/range_affine_range_sum_large_array/qdot3.rs
SHA-256: acd6594321913244448f29e7ba6d01e35f6cd72f77bed6b792e678469626da95
case                   task-clock (ms)     cycles  instructions    IPC  branch-misses  branch-miss (%)  running (%)
max (many_query_0_01)       172.287360          -             -      -              -                -            -
sum                        2376.410122          -             -      -              -                -            -
example_00                    0.978383    1545592       2119251  1.371           8237            1.722        100.0
dense_00                     26.941163   42991725     121982625  2.837         124848            0.552        100.0
dense_01                     72.405684  115549087     323602397  2.801         658742            1.639        100.0
dense_02                    152.423796  243268232     526619114  2.165         994282            1.668        100.0
many_query_0_00             171.885079  274335060     614566535  2.240         937321            1.325        100.0
many_query_0_01             172.287360  274974540     614435047  2.235         935937            1.324        100.0
many_query_1_00             140.424565  224107360     442604529  1.975         819712            1.669        100.0
many_query_1_01             139.300372  222305804     442755655  1.992         821242            1.671        100.0
max_random_00               157.221099  250954733     528640514  2.107         979090            1.634        100.0
max_random_01               156.863188  250383942     528134118  2.109         978814            1.635        100.0
max_random_02               157.363116  251149220     529445397  2.108         981374            1.634        100.0
near_0_and_N_00             122.736907  195893618     486219081  2.482         927352            1.700        100.0
near_0_and_N_01             122.289468  195194068     486476072  2.492         927929            1.700        100.0
query_0_then_1_00           155.157275  247642436     528471667  2.134         877391            1.464        100.0
query_0_then_1_01           156.000535  248989697     528531131  2.123         880500            1.470        100.0
random_00                    23.241379   37084749      87138441  2.350         175644            1.695        100.0
random_01                    25.817742   41197969      96619646  2.345         194497            1.700        100.0
random_02                    87.064878  138965598     313011254  2.252         596571            1.663        100.0
random_03                    33.602219   53623977     125970281  2.349         245250            1.659        100.0
random_04                   155.381505  247987850     524459890  2.115         980466            1.648        100.0
small_N_00                   23.501367   37498889     101492139  2.707         124529            0.660        100.0
small_N_01                   25.656277   40938654     105666324  2.581         200024            1.029        100.0
small_N_02                   29.734134   47449681     124676233  2.628         248974            1.174        100.0
small_N_03                   29.373980   46874658     120131440  2.563         277212            1.336        100.0
small_N_04                   33.038222   52723823     140387292  2.663         268018            1.192        100.0
small_Q_00                    0.953434    1506831       2000401  1.328           6837            1.519        100.0
small_Q_01                    0.940962    1486812       2000466  1.345           6816            1.514        100.0
small_Q_02                    0.955105    1508206       1999770  1.326           6785            1.509        100.0
small_Q_03                    0.938467    1483049       1989464  1.341           6826            1.531        100.0
small_Q_04                    0.970997    1534898       1996989  1.301           6763            1.504        100.0
small_Q_05                    0.961464    1518458       2018812  1.330           6726            1.462        100.0

submissions/data_structure/range_affine_range_sum_large_array/toomer.rs
SHA-256: 724df04bbb64c430abd2093c50e233906bd7d719086fd2556d4383e8bd90d3c1
case                   task-clock (ms)     cycles  instructions    IPC  branch-misses  branch-miss (%)  running (%)
max (many_query_0_01)       182.713410          -             -      -              -                -            -
sum                        1993.201973          -             -      -              -                -            -
example_00                    1.012572    1600383       2025758  1.266           7378            1.626        100.0
dense_00                     19.557363   31203969      69979460  2.243         123412            1.228        100.0
dense_01                     61.111072   97535827     226267688  2.320        1361253            5.382        100.0
dense_02                    130.047031  207560523     434979822  2.096        2156643            4.648        100.0
many_query_0_00             182.191146  290813650     646743811  2.224        2243417            3.218        100.0
many_query_0_01             182.713410  291609794     646992174  2.219        2240736            3.213        100.0
many_query_1_00              79.447147  126805986     232766700  1.836        1842691            7.724        100.0
many_query_1_01              79.450852  126811299     232771172  1.836        1840870            7.718        100.0
max_random_00               133.390744  212881452     440319062  2.068        2157779            4.603        100.0
max_random_01               133.654690  213321113     438763647  2.057        2156798            4.620        100.0
max_random_02               133.885957  213688256     441338153  2.065        2159443            4.598        100.0
near_0_and_N_00             100.666992  160660833     366952461  2.284        1844349            4.650        100.0
near_0_and_N_01             100.587070  160551004     367338568  2.288        1847641            4.653        100.0
query_0_then_1_00           130.591582  208323145     439527886  2.110        2044056            4.370        100.0
query_0_then_1_01           131.378602  209671442     440013887  2.099        2044085            4.366        100.0
random_00                    20.179322   32196691      69744667  2.166         353044            4.442        100.0
random_01                    22.394104   35732375      77572678  2.171         397003            4.533        100.0
random_02                    76.197612  121600984     259923823  2.138        1306651            4.713        100.0
random_03                    29.334555   46811565     102008847  2.179         517002            4.578        100.0
random_04                   132.742777  211841265     436974748  2.063        2152622            4.627        100.0
small_N_00                   17.741299   28288236      56391627  1.993         123287            1.612        100.0
small_N_01                   20.003857   31916756      62088427  1.945         199802            2.355        100.0
small_N_02                   21.932206   34995294      69748600  1.993         244846            2.599        100.0
small_N_03                   22.819099   36394695      70382042  1.934         296360            3.090        100.0
small_N_04                   24.302606   38779099      79001118  2.037         306307            2.879        100.0
small_Q_00                    0.999894    1580090       2040602  1.291           7305            1.593        100.0
small_Q_01                    0.987034    1560140       2031112  1.302           7309            1.607        100.0
small_Q_02                    0.942802    1489213       2021891  1.358           7272            1.599        100.0
small_Q_03                    1.024105    1620061       2083047  1.286           7335            1.549        100.0
small_Q_04                    0.959301    1515485       2007852  1.325           7204            1.601        100.0
small_Q_05                    0.955170    1508577       2015403  1.336           6997            1.542        100.0

src/data_structure/range_affine_range_sum_large_array/main.cxx
SHA-256: 853b21b9ba1c2982e5e58dc06047175efa5d5ad9b8c07b16ac6db338bf20da2a
case                   task-clock (ms)     cycles  instructions    IPC  branch-misses  branch-miss (%)  running (%)
max (many_query_0_00)       146.104109          -             -      -              -                -            -
sum                        1930.275465          -             -      -              -                -            -
example_00                    0.867932    1370203       1762724  1.286           5539            1.410        100.0
dense_00                     16.428574   26210160      54644637  2.085         109117            1.408        100.0
dense_01                     63.730575  101718079     181474071  1.784        1617156            8.438        100.0
dense_02                    130.420990  208129072     354821730  1.705        2864521            8.344        100.0
many_query_0_00             146.104109  233181458     477565530  2.048        2173639            6.007        100.0
many_query_0_01             145.826136  232764486     477762280  2.053        2173852            6.007        100.0
many_query_1_00              99.588902  158873351     232904240  1.466        2873083            8.632        100.0
many_query_1_01              99.571578  158911949     232976675  1.466        2877225            8.641        100.0
max_random_00               134.489360  214652001     359496141  1.675        2882816            8.327        100.0
max_random_01               134.258727  214263841     358657740  1.674        2882762            8.327        100.0
max_random_02               134.440888  214562831     360203080  1.679        2879801            8.312        100.0
near_0_and_N_00             100.861855  160989737     297474819  1.848        2288391            7.409        100.0
near_0_and_N_01             101.088070  161311615     297684375  1.845        2286075            7.400        100.0
query_0_then_1_00           127.035918  202753868     359654281  1.774        2721779            7.880        100.0
query_0_then_1_01           127.733725  203846404     359891859  1.766        2719524            7.869        100.0
random_00                    20.494034   32699443      57378214  1.755         458559            7.656        100.0
random_01                    22.766361   36326733      63892076  1.759         514541            7.795        100.0
random_02                    76.355472  121871066     211474005  1.735        1726042            8.435        100.0
random_03                    29.843065   47623012      83748677  1.759         678767            8.062        100.0
random_04                   133.329379  212798974     356978934  1.678        2868830            8.338        100.0
small_N_00                   12.512183   19958670      36667140  1.837         108077            1.850        100.0
small_N_01                   14.431779   23022392      38772267  1.684         215274            3.499        100.0
small_N_02                   16.527568   26367896      45427083  1.723         280141            3.913        100.0
small_N_03                   17.419366   27792840      45019810  1.620         332904            4.806        100.0
small_N_04                   19.179597   30602530      51289664  1.676         358679            4.535        100.0
small_Q_00                    0.819181    1291695       1737868  1.345           5576            1.446        100.0
small_Q_01                    0.829233    1307929       1767675  1.352           5710            1.449        100.0
small_Q_02                    0.818382    1291383       1784410  1.382           5435            1.354        100.0
small_Q_03                    0.843006    1330320       1755454  1.320           5549            1.425        100.0
small_Q_04                    0.821721    1296476       1765551  1.362           5628            1.430        100.0
small_Q_05                    0.837799    1320959       1798403  1.361           5587            1.374        100.0
