case                           task-clock (ms)     cycles  instructions    IPC  branch-misses  branch-miss (%)  running (%)
max (max_less_query_types_00)       280.306166          -             -      -              -                -            -
sum                                1631.691362          -             -      -              -                -            -
example_00                            0.901482    1690560       1601434  0.947           5501            1.603        100.0
example_01                            0.888091    1665575       1616225  0.970           5561            1.597        100.0
max_less_query_types_00             280.306166  531123618     646324337  1.217        2048330            2.858        100.0
max_less_query_types_01              10.869155   20586735      29176383  1.417          12399            0.412        100.0
max_less_query_types_02              61.486489  116485652     163270325  1.402        1698401            6.367        100.0
max_less_query_types_03             275.077587  521191014     655450207  1.258        2188352            3.152        100.0
max_less_query_types_04              36.881589   69880010      96594328  1.382         909497            6.101        100.0
max_less_query_types_05             188.213446  356624509     404937119  1.135        2146088            4.410        100.0
max_random_00                       212.483896  402574468     484699237  1.204        2210373            4.095        100.0
max_random_01                       214.359204  406144031     483556686  1.191        2205653            4.097        100.0
max_random_02                       214.690728  406861177     483324462  1.188        2203650            4.088        100.0
random_00                            51.226308   97067503     156991646  1.617         823258            4.268        100.0
random_01                            20.013204   37920983      56456442  1.489         248827            3.446        100.0
random_02                            49.861382   94468131     147794956  1.564         744904            4.064        100.0
small_00                              0.946991    1776489       1795133  1.010           6560            1.799        100.0
small_01                              0.987785    1854435       1881375  1.015           7715            2.060        100.0
small_02                              1.056055    1984006       1977684  0.997           8487            2.188        100.0
small_03                              1.048471    1968049       2017167  1.025           8982            2.306        100.0
small_04                              1.120722    2094662       2112182  1.008           9494            2.353        100.0
small_05                              1.111854    2089059       2140784  1.025           9652            2.409        100.0
small_06                              1.099032    2065686       2169497  1.050           9890            2.431        100.0
small_07                              1.075246    2018621       2179357  1.080          10182            2.517        100.0
small_08                              1.167657    2195117       2256000  1.028          10660            2.540        100.0
small_09                              1.136154    2136127       2338139  1.095          10849            2.534        100.0
small_random_00                       1.977166    3729695       4646479  1.246          24560            3.548        100.0
small_random_01                       1.705502    3215049       3861357  1.201          20556            3.414        100.0
