2026-10-01 lenovo / Intel(R) Core(TM) i5-10210U CPU @ 1.60GHz
Two complete passes; per binary/case minimum task-clock; all counters from that same run.
Cases: 24, including examples. Units: ms. No CPU pinning.
Compiler: g++ (GCC) 16.2.1 20260819 (Red Hat 16.2.1-2); rustc 1.98.1 (48a229cea 2026-09-01)
Build host: master; glibc 2.43
Environment: Linux 7.2.8-200.fc44.x86_64; affinity [0, 1, 2, 3]; stack 268435456 bytes; bench_env OK.
cxx_flags.txt: -std=c++23 -DEVAL -DONLINE_JUDGE -Iinclude -O3 -fwhole-program -fno-exceptions -fno-rtti -march=x86-64-v3 -fno-pie -no-pie -nostdlib++ -static -lm -s
cpp_flags.txt: -std=c++23 -DEVAL -DONLINE_JUDGE -Iac-library -include cassert -O3 -fwhole-program -fno-exceptions -fno-rtti -march=x86-64-v3 -fno-pie -no-pie -static -lgmp -s
rust_flags.txt: -C opt-level=3 -C codegen-units=1 -C lto=fat -C panic=abort -C target-cpu=x86-64-v3 -C target-feature=+crt-static -C relocation-model=static -C link-arg=-Wl,-u,__cxa_thread_atexit_impl -C strip=symbols

solution                                max (ms)       sum (ms)
Forested                                 138.336454    1270.060505
Rohan_Kapri                               72.026671    1006.278475
adamant                                   71.958211    1006.415385
drken                                    125.719986    1139.312363
urectanc                                  94.797721     848.030587
main                                      45.576573     311.345254

submissions/polynomial/log_of_formal_power_series_sparse/Forested.cpp
SHA-256: 68e7aace6fd738b639c1dd7ed6a9ec8b10456f9a804ee310136cd0b30565be82
case                  task-clock (ms)     cycles  instructions    IPC  branch-misses  branch-miss (%)  running (%)
max (small_dense_02)       138.336454          -             -      -              -                -            -
sum                       1270.060505          -             -      -              -                -            -
example_00                   1.022576    1617004       2444695  1.512           6679            1.180        100.0
example_01                   1.019004    1611538       2455727  1.524           6755            1.189        100.0
max_random_00              117.883793  188137030     377052563  2.004          22298            0.048        100.0
max_random_01              114.942785  183466638     357466870  1.948          21682            0.048        100.0
max_random_02              102.819740  164083969     325997046  1.987          20813            0.048        100.0
max_random_03              107.442049  171479125     336919434  1.965          20640            0.047        100.0
max_random_04               95.245253  152007112     301091893  1.981          19891            0.047        100.0
min_K_00                    20.013724   31932946      67634620  2.118          11451            0.083        100.0
min_K_01                    23.363875   37280774      78767828  2.113          11848            0.073        100.0
random_00                   20.061710   32009058      67589429  2.112          11446            0.083        100.0
random_01                   32.475855   51825526     106876491  2.062          12659            0.070        100.0
random_02                   44.645561   71236018     144679111  2.031          15531            0.066        100.0
random_03                   24.983492   39850187      84281934  2.115          13129            0.083        100.0
random_04                   46.012942   73409056     151921566  2.070          16174            0.055        100.0
small_N_00                   0.989779    1565044       2457881  1.570           6706            1.172        100.0
small_N_01                   0.995984    1574522       2460797  1.563           6725            1.177        100.0
small_N_02                   1.005298    1589381       2435810  1.533           6708            1.194        100.0
small_N_03                   0.995385    1573631       2430442  1.544           6672            1.190        100.0
small_N_04                   0.999026    1579297       2429294  1.538           6611            1.180        100.0
small_dense_00             109.688935  175067774     349292768  1.995         133947            0.328        100.0
small_dense_01             120.723691  192648470     385394427  2.001         136901            0.320        100.0
small_dense_02             138.336454  220773126     457522223  2.072         134616            0.287        100.0
small_dense_03              50.858093   81169133     166601502  2.053          17616            0.052        100.0
small_dense_04              93.535501  149256292     313189040  2.098         133345            0.344        100.0

submissions/polynomial/log_of_formal_power_series_sparse/Rohan_Kapri.cpp
SHA-256: 4c02d43cf2d15cb0c3df096e665112c45e8d6d45ce9ad3c2bc0f1e4df45e1477
case                  task-clock (ms)     cycles  instructions    IPC  branch-misses  branch-miss (%)  running (%)
max (small_dense_02)        72.026671          -             -      -              -                -            -
sum                       1006.278475          -             -      -              -                -            -
example_00                  19.053743   30384617      41880545  1.378           8551            0.735        100.0
example_01                  18.999983   30314522      41893921  1.382           8590            0.736        100.0
max_random_00               63.391702  101092003     248168204  2.455          14380            0.062        100.0
max_random_01               62.420475   99523314     242211592  2.434          14256            0.063        100.0
max_random_02               61.791053   98537487     235535237  2.390          14541            0.066        100.0
max_random_03               61.595997   98225648     237224082  2.415          13872            0.063        100.0
max_random_04               60.510495   96492564     229264397  2.376          14526            0.068        100.0
min_K_00                    29.696523   47372037      76953590  1.624          10212            0.144        100.0
min_K_01                    31.642973   50497014      83203416  1.648           9526            0.117        100.0
random_00                   29.607812   47247841      76700301  1.623           9606            0.136        100.0
random_01                   36.979370   59015378     119886665  2.031          11320            0.102        100.0
random_02                   42.183232   67322646     145860369  2.167          11968            0.088        100.0
random_03                   34.077790   54366437     103453975  1.903          11022            0.130        100.0
random_04                   47.112757   75164984     159026545  2.116          12201            0.083        100.0
small_N_00                  19.002523   30318341      41880986  1.381           8485            0.728        100.0
small_N_01                  19.005799   30323859      41879578  1.381           8310            0.713        100.0
small_N_02                  18.984172   30289526      41896266  1.383           8614            0.735        100.0
small_N_03                   1.034429    1635758       2450499  1.498           7035            1.250        100.0
small_N_04                  19.031213   30363948      41877238  1.379           8463            0.727        100.0
small_dense_00              70.814113  113002609     232245825  2.055          11309            0.046        100.0
small_dense_01              71.763982  114508271     244209148  2.133          11698            0.044        100.0
small_dense_02              72.026671  114876199     265175191  2.308          10872            0.037        100.0
small_dense_03              45.267029   72219967     126341670  1.749          10545            0.069        100.0
small_dense_04              70.284639  112095423     220181804  1.964          10551            0.047        100.0

submissions/polynomial/log_of_formal_power_series_sparse/adamant.cpp
SHA-256: 4c02d43cf2d15cb0c3df096e665112c45e8d6d45ce9ad3c2bc0f1e4df45e1477
case                  task-clock (ms)     cycles  instructions    IPC  branch-misses  branch-miss (%)  running (%)
max (small_dense_02)        71.958211          -             -      -              -                -            -
sum                       1006.415385          -             -      -              -                -            -
example_00                  19.143000   30542284      42014933  1.376          10065            0.840        100.0
example_01                  19.004046   30321653      41900179  1.382           8366            0.712        100.0
max_random_00               63.362283  101045576     248139621  2.456          13166            0.056        100.0
max_random_01               62.286026   99302079     242283001  2.440          13830            0.061        100.0
max_random_02               61.752220   98461162     235592781  2.393          13483            0.061        100.0
max_random_03               61.608625   98245539     237282745  2.415          14377            0.065        100.0
max_random_04               60.525797   96517487     229271064  2.375          15153            0.071        100.0
min_K_00                    29.605413   47245009      76714540  1.624           9371            0.133        100.0
min_K_01                    31.648003   50487068      83218542  1.648           9882            0.121        100.0
random_00                   29.702659   47400091      76726582  1.619           9706            0.137        100.0
random_01                   36.969733   58982566     119834143  2.032          11367            0.103        100.0
random_02                   42.137876   67250209     145849968  2.169          11454            0.084        100.0
random_03                   34.015194   54283664     103443271  1.906          10886            0.128        100.0
random_04                   47.245926   75302569     159072921  2.112          12142            0.083        100.0
small_N_00                  19.019834   30346597      41930967  1.382           8599            0.728        100.0
small_N_01                  19.032414   30365711      41869036  1.379           8523            0.734        100.0
small_N_02                  18.992148   30301025      41888753  1.382           8441            0.723        100.0
small_N_03                   1.030244    1629221       2483031  1.524           7150            1.247        100.0
small_N_04                  19.038581   30376259      41872068  1.378           8435            0.725        100.0
small_dense_00              70.956249  113147697     232183167  2.052          11191            0.046        100.0
small_dense_01              71.754065  114410332     244206522  2.134          12014            0.045        100.0
small_dense_02              71.958211  114753101     265189685  2.311          11149            0.038        100.0
small_dense_03              45.325148   72252352     126296210  1.748          10087            0.066        100.0
small_dense_04              70.301690  112096984     220271490  1.965          11468            0.051        100.0

submissions/polynomial/log_of_formal_power_series_sparse/drken.cpp
SHA-256: 0be9fa40e588912238f6be826151d12a8a7c6ff7c4289cf6bed2816c886048ac
case                  task-clock (ms)     cycles  instructions    IPC  branch-misses  branch-miss (%)  running (%)
max (small_dense_02)       125.719986          -             -      -              -                -            -
sum                       1139.312363          -             -      -              -                -            -
example_00                   1.006028    1590786       2404640  1.512           6751            1.216        100.0
example_01                   1.022544    1616277       2421789  1.498           6744            1.208        100.0
max_random_00               80.970516  129112212     281102633  2.177          15307            0.044        100.0
max_random_01               78.816271  125698540     272324424  2.166          15626            0.046        100.0
max_random_02               75.829159  120946511     255101327  2.109          14351            0.044        100.0
max_random_03               76.846173  122568306     262273972  2.140          14261            0.042        100.0
max_random_04               73.285130  116867334     244127195  2.089          14894            0.046        100.0
min_K_00                    22.078619   35229526      65369946  1.856          10076            0.104        100.0
min_K_01                    26.398207   42124911      77173553  1.832          10478            0.092        100.0
random_00                   22.120750   35297077      65361511  1.852          10020            0.103        100.0
random_01                   29.455692   46981234      94970467  2.021          11112            0.085        100.0
random_02                   37.930509   60516165     123830315  2.046          11722            0.067        100.0
random_03                   26.151206   41729423      81889099  1.962          10065            0.083        100.0
random_04                   50.270596   80146884     150923663  1.883          12329            0.054        100.0
small_N_00                   0.988399    1562994       2447863  1.566           6787            1.194        100.0
small_N_01                   1.009823    1597159       2399837  1.503           6607            1.197        100.0
small_N_02                   0.991314    1567308       2391740  1.526           6681            1.214        100.0
small_N_03                   0.996175    1575401       2431044  1.543           6625            1.177        100.0
small_N_04                   1.009705    1596717       2438794  1.527           6650            1.174        100.0
small_dense_00             115.490801  184229349     261200476  1.418         129307            0.427        100.0
small_dense_01             119.259606  190245778     283366619  1.489         129185            0.388        100.0
small_dense_02             125.719986  200532763     320767264  1.600         130384            0.360        100.0
small_dense_03              59.142846   94290416     164711986  1.747          13768            0.057        100.0
small_dense_04             112.522308  179499715     249526862  1.390         129882            0.414        100.0

submissions/polynomial/log_of_formal_power_series_sparse/urectanc.rs
SHA-256: 278564695cf30a101432d24955a946bf1041aa2d91b56c5697f6b8eec3b03ac1
case                  task-clock (ms)     cycles  instructions    IPC  branch-misses  branch-miss (%)  running (%)
max (small_dense_02)        94.797721          -             -      -              -                -            -
sum                        848.030587          -             -      -              -                -            -
example_00                   1.129005    1787322       2311744  1.293           7033            1.346        100.0
example_01                   1.135046    1796460       2337015  1.301           6963            1.311        100.0
max_random_00               73.939852  117997825     293098515  2.484          11790            0.033        100.0
max_random_01               70.420267  112395916     276076773  2.456          11521            0.033        100.0
max_random_02               64.763447  103349537     249293993  2.412          11903            0.037        100.0
max_random_03               66.660356  106377914     258579453  2.431          11621            0.035        100.0
max_random_04               60.280097   96209645     227714161  2.367          11189            0.037        100.0
min_K_00                    14.163181   22593817      44129548  1.953           8642            0.119        100.0
min_K_01                    16.755894   26733385      52148362  1.951           8831            0.103        100.0
random_00                   14.147374   22567831      44204721  1.959           8793            0.120        100.0
random_01                   21.688903   34606856      77093845  2.228           9385            0.084        100.0
random_02                   28.244612   45072291     102263744  2.269           9471            0.065        100.0
random_03                   17.418101   27789424      58278919  2.097           8904            0.099        100.0
random_04                   31.681581   50558088     103624155  2.050          10194            0.063        100.0
small_N_00                   1.098636    1738250       2277484  1.310           6928            1.356        100.0
small_N_01                   1.109753    1755906       2305831  1.313           7020            1.354        100.0
small_N_02                   1.098058    1737874       2305075  1.326           7098            1.369        100.0
small_N_03                   1.074373    1699178       2300565  1.354           6936            1.341        100.0
small_N_04                   1.090051    1724680       2298033  1.332           6985            1.351        100.0
small_dense_00              74.619013  119063425     257192225  2.160         120396            0.412        100.0
small_dense_01              82.367959  131455930     288490738  2.195         118855            0.368        100.0
small_dense_02              94.797721  151308946     350299110  2.315         119853            0.313        100.0
small_dense_03              36.575209   58370492     110467511  1.893          10268            0.057        100.0
small_dense_04              71.772098  114553717     226175527  1.974         119926            0.457        100.0

src/polynomial/log_of_formal_power_series_sparse/main.cxx
SHA-256: bfa5e01ad19e387b5928f9703f9dea4ba20936bb2ebe9d22600a634f0e3dd55c
case                  task-clock (ms)    cycles  instructions    IPC  branch-misses  branch-miss (%)  running (%)
max (small_dense_02)        45.576573         -             -      -              -                -            -
sum                        311.345254         -             -      -              -                -            -
example_00                   0.827168   1304286       1759113  1.349           5573            1.422        100.0
example_01                   0.854967   1349296       1761629  1.306           5638            1.437        100.0
max_random_00               18.236216  29095424      60543460  2.081          10154            0.111        100.0
max_random_01               18.329925  29245526      60233824  2.060          10829            0.119        100.0
max_random_02               18.051064  28800421      60132616  2.088           9821            0.109        100.0
max_random_03               17.990652  28704213      60093048  2.094           9471            0.105        100.0
max_random_04               18.190022  29022662      60080184  2.070           9430            0.104        100.0
min_K_00                     3.095951   4926729      10009030  2.032           6647            0.392        100.0
min_K_01                     3.510455   5587902      11448498  2.049           6808            0.356        100.0
random_00                    3.098250   4930123       9962408  2.021           6747            0.402        100.0
random_01                    8.705961  13883218      28963509  2.086           7824            0.176        100.0
random_02                   10.658004  16999205      35636679  2.096           8146            0.150        100.0
random_03                    8.173845  13033755      27035723  2.074           7884            0.189        100.0
random_04                   14.786037  23588283      48595977  2.060           8931            0.122        100.0
small_N_00                   0.808396   1275151       1741981  1.366           5460            1.412        100.0
small_N_01                   0.807204   1273056       1740216  1.367           5341            1.384        100.0
small_N_02                   0.816956   1288589       1729076  1.342           5428            1.414        100.0
small_N_03                   0.846986   1336768       1780424  1.332           5582            1.394        100.0
small_N_04                   0.800914   1263050       1765695  1.398           5598            1.415        100.0
small_dense_00              36.408095  58103976     171231585  2.947          10049            0.053        100.0
small_dense_01              39.106852  62411647     192232988  3.080           9864            0.047        100.0
small_dense_02              45.576573  72718597     234317557  3.222          10366            0.041        100.0
small_dense_03               6.787083  10818038      22351721  2.066           7511            0.210        100.0
small_dense_04              34.877678  55660758     150274245  2.700           9812            0.057        100.0
