case                                 task-clock (ms)   cycles  instructions    IPC  branch-misses  branch-miss (%)  running (%)
max (large_random_06)                       2.442324        -             -      -              -                -            -
sum                                        72.126575        -             -      -              -                -            -
example_00                                  0.886095  1662326       1613401  0.971           5383            1.535        100.0
example_01                                  0.875447  1641657       1604386  0.977           5418            1.558        100.0
example_02                                  0.879340  1648787       1629242  0.988           5447            1.539        100.0
anti_ssp_00                                 1.620349  3054090       5199043  1.702          10846            1.314        100.0
empty_00                                    0.909188  1705120       1624534  0.953           5420            1.534        100.0
empty_01                                    0.843866  1581701       1610311  1.018           5175            1.483        100.0
empty_02                                    0.909056  1705375       1625868  0.953           5375            1.521        100.0
empty_03                                    0.850933  1594654       1621049  1.017           5496            1.566        100.0
goto_00                                     1.604931  3023878       3299269  1.091          25467            4.353        100.0
goto_01                                     1.507368  2839693       3219067  1.134          23958            4.212        100.0
goto_02                                     1.636726  3083992       3300197  1.070          25853            4.459        100.0
goto_03                                     1.569194  2957155       3235746  1.094          25023            4.368        100.0
goto_04                                     1.668541  3144954       3490029  1.110          27185            4.449        100.0
goto_05                                     1.567704  2953962       3236086  1.096          25198            4.406        100.0
goto_06                                     1.635201  3080050       3387353  1.100          26360            4.432        100.0
goto_07                                     1.633343  3078438       3381629  1.098          25990            4.362        100.0
goto_08                                     1.633734  3078290       3379942  1.098          25960            4.312        100.0
goto_09                                     1.631963  3075884       3368989  1.095          25515            4.307        100.0
handmade_00                                 0.873794  1638637       1635845  0.998           5628            1.586        100.0
handmade_01                                 0.947855  1778978       1645691  0.925           5717            1.605        100.0
handmade_02                                 0.894397  1677410       1646022  0.981           5669            1.589        100.0
handmade_03                                 1.557872  2934751       3173739  1.081          29977            5.324        100.0
large_random_00                             2.275126  4294187       4798896  1.118          56317            7.266        100.0
large_random_01                             2.245394  4238238       4768051  1.125          54562            7.032        100.0
large_random_02                             2.300067  4342238       4793552  1.104          55473            7.165        100.0
large_random_03                             2.235656  4160770       4864875  1.169          56471            7.195        100.0
large_random_04                             2.216534  4183307       4792401  1.146          53724            6.912        100.0
large_random_05                             2.282325  4308424       5063293  1.175          58930            7.257        100.0
large_random_06                             2.442324  4611507       5277420  1.144          62497            7.401        100.0
large_random_07                             2.223325  4195556       4848612  1.156          55914            7.138        100.0
large_random_08                             2.281553  4306979       4889598  1.135          56748            7.163        100.0
large_random_09                             2.285611  4314001       4921872  1.141          56883            7.164        100.0
near_maximum_00                             1.626595  3065813       3433791  1.120          27382            4.581        100.0
near_minimum_00                             1.984156  3743945       4409464  1.178          40595            5.534        100.0
small_random_00                             0.843200  1579871       1611372  1.020           5524            1.585        100.0
small_random_01                             0.888519  1665708       1641782  0.986           5743            1.615        100.0
small_random_02                             0.890758  1670222       1635117  0.979           5706            1.617        100.0
small_random_03                             0.827773  1550716       1635695  1.055           5363            1.503        100.0
small_random_04                             0.914005  1713887       1648068  0.962           5769            1.619        100.0
small_random_05                             0.859521  1611881       1636882  1.016           5781            1.638        100.0
small_random_06                             0.940430  1764652       1638346  0.928           5593            1.574        100.0
small_random_07                             0.879405  1648527       1642669  0.996           5472            1.529        100.0
small_random_08                             0.889581  1668330       1648004  0.988           6077            1.716        100.0
small_random_09                             0.859217  1610757       1636218  1.016           5559            1.576        100.0
small_random_possibly_infeasible_00         0.867586  1627371       1632115  1.003           5410            1.526        100.0
small_random_possibly_infeasible_01         0.833176  1561218       1623264  1.040           5453            1.552        100.0
small_random_possibly_infeasible_02         0.868778  1628229       1628095  1.000           5545            1.577        100.0
small_random_possibly_infeasible_03         0.889920  1668673       1642289  0.984           5547            1.549        100.0
small_random_possibly_infeasible_04         0.929867  1744351       1635790  0.938           5580            1.565        100.0
small_random_possibly_infeasible_05         0.864531  1620583       1643353  1.014           5461            1.524        100.0
small_random_possibly_infeasible_06         0.894025  1677143       1630452  0.972           5414            1.528        100.0
small_random_possibly_infeasible_07         0.890976  1671481       1646553  0.985           5543            1.545        100.0
small_random_possibly_infeasible_08         0.886759  1662397       1639196  0.986           5525            1.554        100.0
small_random_possibly_infeasible_09         0.872985  1636791       1648125  1.007           5615            1.565        100.0
