case                               task-clock (ms)     cycles  instructions    IPC  branch-misses  branch-miss (%)  running (%)
max (almost_line_01)                    218.562656          -             -      -              -                -            -
sum                                    2162.355187          -             -      -              -                -            -
example_00                                0.892899    1674677       1638839  0.979           5583            1.570        100.0
almost_line_00                          216.476187  409911665     320566603  0.782        1311134            3.540        100.0
almost_line_01                          218.562656  414118616     322322605  0.778        1347186            3.620        100.0
line_00                                 216.015662  409158682     332617229  0.813        1049868            2.790        100.0
line_01                                 211.810631  401059685     319000131  0.795         919223            2.557        100.0
long-path-decomposition_killer_00       115.436631  218635194     278395294  1.273          90145            0.248        100.0
max_random_00                           205.386625  388753388     293200032  0.754        2087984            5.590        100.0
max_random_01                           208.720939  395166726     293656516  0.743        2088637            5.571        100.0
max_random_02                           205.458085  389011208     292973740  0.753        2079338            5.570        100.0
random_00                               147.219863  278847050     234672873  0.842        1663998            5.579        100.0
random_01                               176.992197  335090496     256436882  0.765        1857750            5.658        100.0
random_02                                44.125358   83608419     112550966  1.346         708062            5.941        100.0
random_03                               115.951087  219552721     148044063  0.674        1212736            5.538        100.0
random_04                                74.688109  141426034     116466042  0.824         906677            5.620        100.0
small_00                                  0.975004    1830942       1860452  1.016           8237            2.185        100.0
small_01                                  0.912674    1711989       1710683  0.999           6570            1.841        100.0
small_02                                  0.874551    1639800       1716868  1.047           6501            1.825        100.0
small_03                                  0.888906    1667185       1712423  1.027           6653            1.862        100.0
small_04                                  0.967123    1815636       1931426  1.064           8549            2.241        100.0
