case                   task-clock (ms)     cycles  instructions    IPC  branch-misses  branch-miss (%)  running (%)
max (many_query_0_00)       151.354784          -             -      -              -                -            -
sum                        2434.205717          -             -      -              -                -            -
example_00                    0.866881    1625201       1613173  0.993           5455            1.555        100.0
dense_00                     60.720718  114966189     165520512  1.440         767685            3.851        100.0
dense_01                     92.440588  175023731     273941768  1.565        1417718            5.581        100.0
dense_02                    137.458500  260273371     380196765  1.461        1600577            5.227        100.0
many_query_0_00             151.354784  286732082     397637884  1.387         139122            0.485        100.0
many_query_0_01             150.184354  284531010     397576967  1.397         137827            0.481        100.0
many_query_1_00             106.904619  202495344     341938643  1.689        1373701            4.161        100.0
many_query_1_01             105.841332  200479211     340775699  1.700        1369292            4.163        100.0
max_random_00               138.103070  261631104     392785488  1.501        1539065            4.836        100.0
max_random_01               138.740320  262818910     393205028  1.496        1540060            4.826        100.0
max_random_02               138.575950  262488030     392828179  1.497        1538110            4.831        100.0
near_0_and_N_00             128.506670  243406013     363349005  1.493        1879094            6.162        100.0
near_0_and_N_01             128.856543  244102862     364584921  1.494        1877303            6.139        100.0
query_0_then_1_00           134.045997  253883051     392592953  1.546        1055297            3.326        100.0
query_0_then_1_01           132.961066  251864864     392899403  1.560        1055572            3.317        100.0
random_00                   115.924693  219571795     319146841  1.453        1485617            5.683        100.0
random_01                   116.564447  220762280     321084066  1.454        1491054            5.681        100.0
random_02                   105.821539  200400527     297710611  1.486        1274760            5.239        100.0
random_03                     6.872812   13010638      19436742  1.494          92798            4.869        100.0
random_04                    25.971980   49213969      74306613  1.510         331966            5.145        100.0
small_N_00                   58.527830  110757038     152671781  1.378         770148            3.882        100.0
small_N_01                   61.802138  116998047     158373543  1.354         969328            4.775        100.0
small_N_02                   65.274053  123549314     164951463  1.335        1158293            5.604        100.0
small_N_03                   64.724359  122557202     165950699  1.354        1111162            5.400        100.0
small_N_04                   67.160474  127175884     171234511  1.346        1220369            5.870        100.0
