case            task-clock (ms)    cycles  instructions    IPC  branch-misses  branch-miss (%)  running (%)
max (small_00)        14.059763         -             -      -              -                -            -
sum                  114.352882         -             -      -              -                -            -
example_00             0.841896   1577289       1612935  1.023           5290            1.508        100.0
carry_chain_00         3.716310   7027003      11485468  1.634          41505            2.849        100.0
carry_chain_01         4.346889   8209038      13073687  1.593          62837            4.112        100.0
carry_chain_02         3.840171   7260809      12668939  1.745          40097            2.649        100.0
carry_chain_03         4.592370   8687157      14967049  1.723          64729            3.871        100.0
large_00               3.883416   7343959      12787526  1.741           7933            0.633        100.0
large_01               3.902915   7379330      12968728  1.757           8146            0.639        100.0
large_02               3.901064   7377103      12874544  1.745           7920            0.631        100.0
large_small_00         6.440689  12178000      18295937  1.502           9038            0.448        100.0
max_max_00             5.975816  11310448      15031635  1.329           8406            0.442        100.0
max_max_01             5.913911  11192965      15088105  1.348           8320            0.434        100.0
max_max_02             5.980402  11230269      15069715  1.342           8171            0.429        100.0
max_max_03             5.917870  11200916      15062816  1.345           8408            0.439        100.0
max_max_04             5.926713  11217939      15012789  1.338           8202            0.432        100.0
max_max_05             5.903795  11173414      15094993  1.351           8404            0.439        100.0
max_max_06             5.918492  11201917      15096746  1.348           8472            0.442        100.0
max_max_07             5.938962  11241015      15010922  1.335           8151            0.429        100.0
medium_00              4.360415   8247339      14523247  1.761          65666            4.496        100.0
medium_01              4.354812   8237404      14537369  1.765          66817            4.566        100.0
medium_02              4.343715   8216644      14431809  1.756          66367            4.592        100.0
small_00              14.059763  26633756      35556387  1.335         186180            4.797        100.0
sum_zero_00            4.292496   8118955      14430183  1.777          62628            4.340        100.0
