2026-10-01 lenovo / Intel(R) Core(TM) i5-10210U CPU @ 1.60GHz
Two complete passes; per binary/case minimum task-clock; all counters from that same run.
Cases: 40, including examples. Units: ms. No CPU pinning.
Compiler: g++ (GCC) 16.2.1 20260819 (Red Hat 16.2.1-2); rustc 1.98.1 (48a229cea 2026-09-01)
Build host: master; glibc 2.43
Environment: Linux 7.2.8-200.fc44.x86_64; affinity [0, 1, 2, 3]; stack 268435456 bytes; bench_env OK.
cxx_flags.txt: -std=c++23 -DEVAL -DONLINE_JUDGE -Iinclude -O3 -fwhole-program -fno-exceptions -fno-rtti -march=x86-64-v3 -fno-pie -no-pie -nostdlib++ -static -lm -s
cpp_flags.txt: -std=c++23 -DEVAL -DONLINE_JUDGE -Iac-library -include cassert -O3 -fwhole-program -fno-exceptions -fno-rtti -march=x86-64-v3 -fno-pie -no-pie -static -lgmp -s
rust_flags.txt: -C opt-level=3 -C codegen-units=1 -C lto=fat -C panic=abort -C target-cpu=x86-64-v3 -C target-feature=+crt-static -C relocation-model=static -C link-arg=-Wl,-u,__cxa_thread_atexit_impl -C strip=symbols

solution                                max (ms)       sum (ms)
Anonymous                                175.452192    1070.072711
Forested                                 188.474106    1148.184528
MeIoN                                    166.760865    1022.534853
Rohan_Kapri                              127.772723     784.929169
adamant                                  128.041922     783.931904
main                                      51.673949     333.523462

submissions/convolution/mul_modp_convolution/Anonymous.cpp
SHA-256: 20f2abfae31a12756c0b6e05753acf58c103792b59feb8d4fc206366bba8fd73
case            task-clock (ms)     cycles  instructions    IPC  branch-misses  branch-miss (%)  running (%)
max (p_max_00)       175.452192          -             -      -              -                -            -
sum                 1070.072711          -             -      -              -                -            -
example_00             1.068378    1690456       2515223  1.488           6823            1.172        100.0
example_01             1.042932    1649432       2515749  1.525           6851            1.173        100.0
all_zero_00            1.089241    1723643       2464767  1.430           6789            1.200        100.0
all_zero_01            1.038706    1642307       2515989  1.532           6876            1.177        100.0
all_zero_02            1.041759    1648048       2479857  1.505           6895            1.208        100.0
all_zero_03            1.041621    1647013       2480174  1.506           6944            1.216        100.0
large_00               5.449925    8684645      18928335  2.180          21801            1.458        100.0
large_01              10.383182   16536302      37069249  2.242          36303            1.461        100.0
large_02              20.035027   31966454      74164211  2.320          62176            1.428        100.0
large_03              41.081915   65563574     152949986  2.333         122946            1.471        100.0
large_04              78.862241  125785709     304228996  2.419         194978            1.345        100.0
large_05             174.403967  278256333     651293636  2.341         467331            1.454        100.0
medium_00              1.151639    1822003       2703000  1.484           7316            1.258        100.0
medium_01              1.166939    1847696       2744675  1.485           7665            1.309        100.0
medium_02              1.165766    1845217       2876029  1.559           7453            1.238        100.0
medium_03              1.186796    1878948       2898800  1.543           7697            1.282        100.0
medium_04              1.343947    2130141       3363602  1.579           7963            1.291        100.0
medium_05              1.297102    2055438       3378517  1.644           8281            1.315        100.0
medium_06              1.506133    2387790       4147088  1.737           8710            1.322        100.0
medium_07              1.598023    2524395       4299732  1.703           9436            1.362        100.0
medium_08              2.013622    3199244       6075690  1.899          10242            1.348        100.0
medium_09              2.118118    3365296       6292018  1.870          11315            1.401        100.0
medium_10              3.147558    5008467      10209670  2.038          14366            1.415        100.0
medium_11              3.063334    4873541       9991084  2.050          13165            1.358        100.0
p_max_00             175.452192  279971050     652270960  2.330         468807            1.453        100.0
p_max_01             174.900116  279032667     651558543  2.335         469589            1.463        100.0
p_max_02             175.141107  279456888     651954347  2.333         470442            1.462        100.0
p_max_03             174.512926  278436448     653448008  2.347         471282            1.449        100.0
small_00               1.039446    1644050       2525823  1.536           6789            1.158        100.0
small_01               1.059490    1676395       2526122  1.507           6810            1.161        100.0
small_02               1.031381    1630822       2475913  1.518           6873            1.205        100.0
small_03               1.057490    1672498       2525779  1.510           6818            1.163        100.0
small_04               1.060454    1677322       2491913  1.486           6931            1.209        100.0
small_05               1.067088    1688090       2478223  1.468           6847            1.205        100.0
small_06               1.043823    1651047       2498736  1.513           6997            1.218        100.0
small_07               1.072808    1696199       2542033  1.499           7054            1.222        100.0
small_08               1.057984    1673583       2541714  1.519           6926            1.177        100.0
small_09               1.078866    1706498       2547428  1.493           7059            1.222        100.0
small_10               1.082299    1712894       2550782  1.489           7145            1.236        100.0
small_11               1.117370    1767917       2646675  1.497           7360            1.252        100.0

submissions/convolution/mul_modp_convolution/Forested.cpp
SHA-256: 7a0a46d1969b5a81a911aae497c3af572421b301d1c341942c1620846301536d
case            task-clock (ms)     cycles  instructions    IPC  branch-misses  branch-miss (%)  running (%)
max (p_max_03)       188.474106          -             -      -              -                -            -
sum                 1148.184528          -             -      -              -                -            -
example_00             1.015184    1605038       2487196  1.550           6723            1.163        100.0
example_01             1.021498    1615343       2479060  1.535           6747            1.170        100.0
all_zero_00            1.011176    1598661       2422780  1.516           6551            1.176        100.0
all_zero_01            1.038005    1641152       2479799  1.511           6699            1.161        100.0
all_zero_02            1.008758    1596036       2491363  1.561           6744            1.164        100.0
all_zero_03            1.055555    1668968       2493912  1.494           6757            1.166        100.0
large_00               5.976072    9524163      21418989  2.249          14367            0.756        100.0
large_01              11.094771   17694914      41230153  2.330          22501            0.700        100.0
large_02              21.852786   34868480      83354402  2.391          35700            0.604        100.0
large_03              44.686670   71302027     170857022  2.396          70436            0.601        100.0
large_04              84.790434  135308019     333557075  2.465         103878            0.514        100.0
large_05             187.299377  298922662     719349478  2.406         247908            0.538        100.0
medium_00              1.090786    1725736       2695742  1.562           6948            1.171        100.0
medium_01              1.079920    1708767       2639001  1.544           7012            1.223        100.0
medium_02              1.145836    1814394       2899505  1.598           7113            1.174        100.0
medium_03              1.154438    1827059       2899190  1.587           7131            1.201        100.0
medium_04              1.251272    1982106       3320798  1.675           7446            1.189        100.0
medium_05              1.283799    2033269       3499737  1.721           7363            1.123        100.0
medium_06              1.518186    2408592       4276736  1.776           8118            1.174        100.0
medium_07              1.545153    2450751       4381879  1.788           8272            1.186        100.0
medium_08              2.033355    3230516       6343597  1.964           8711            1.077        100.0
medium_09              2.243250    3565103       6949106  1.949           9093            1.011        100.0
medium_10              3.319540    5283990      11143159  2.109          10893            0.935        100.0
medium_11              3.089879    4916853      10414185  2.118          10294            0.978        100.0
p_max_00             188.017906  300076974     721624730  2.405         252348            0.544        100.0
p_max_01             188.311632  300465201     720983472  2.400         255048            0.552        100.0
p_max_02             188.411238  300698798     720678818  2.397         254943            0.552        100.0
p_max_03             188.474106  300715019     720732407  2.397         255682            0.554        100.0
small_00               1.013835    1602710       2424067  1.512           6633            1.186        100.0
small_01               1.048487    1658363       2434746  1.468           6792            1.215        100.0
small_02               1.027243    1624253       2427282  1.494           6599            1.183        100.0
small_03               1.003715    1587208       2426471  1.529           6678            1.194        100.0
small_04               1.026976    1624285       2486847  1.531           6680            1.157        100.0
small_05               1.015792    1606502       2452502  1.527           6816            1.208        100.0
small_06               1.026516    1623259       2497189  1.538           6854            1.184        100.0
small_07               1.037514    1640843       2495505  1.521           6825            1.180        100.0
small_08               1.017295    1608962       2475477  1.539           6800            1.208        100.0
small_09               1.025345    1621190       2519041  1.554           6912            1.190        100.0
small_10               1.064416    1683959       2550603  1.515           6996            1.222        100.0
small_11               1.056812    1672358       2559202  1.530           7039            1.228        100.0

submissions/convolution/mul_modp_convolution/MeIoN.cpp
SHA-256: 92c675984a03c43e57708e48c20a178e9575f8a43596332594071f9710d2f5b2
case            task-clock (ms)     cycles  instructions    IPC  branch-misses  branch-miss (%)  running (%)
max (p_max_02)       166.760865          -             -      -              -                -            -
sum                 1022.534853          -             -      -              -                -            -
example_00             1.072613    1697281       2501213  1.474           6782            1.168        100.0
example_01             1.056003    1670188       2442521  1.462           6774            1.208        100.0
all_zero_00            1.043537    1651080       2434320  1.474           6649            1.189        100.0
all_zero_01            1.022980    1617270       2485079  1.537           6826            1.186        100.0
all_zero_02            1.039345    1643537       2496393  1.519           6714            1.157        100.0
all_zero_03            1.044418    1652330       2509352  1.519           6905            1.185        100.0
large_00               5.408104    8617613      20950804  2.431          16440            0.876        100.0
large_01               9.859629   15723028      39840993  2.534          27172            0.867        100.0
large_02              19.624860   31311183      81768568  2.611          45070            0.766        100.0
large_03              39.510086   63055370     165167314  2.619          92269            0.808        100.0
large_04              77.233877  123273147     329696258  2.675         141586            0.693        100.0
large_05             166.001267  264936030     696056381  2.627         347886            0.777        100.0
medium_00              1.069501    1691712       2664730  1.575           7103            1.227        100.0
medium_01              1.088075    1722545       2701081  1.568           7088            1.191        100.0
medium_02              1.147557    1816687       2865926  1.578           7158            1.203        100.0
medium_03              1.154065    1825851       2960453  1.621           7109            1.151        100.0
medium_04              1.218243    1929073       3351567  1.737           7382            1.159        100.0
medium_05              1.288324    2040911       3478843  1.705           7459            1.140        100.0
medium_06              1.497209    2374588       4243975  1.787           7873            1.136        100.0
medium_07              1.521876    2414319       4398011  1.822           8135            1.130        100.0
medium_08              1.969683    3128553       6384697  2.041           8868            1.062        100.0
medium_09              2.106583    3347512       6876778  2.054           9343            1.031        100.0
medium_10              3.090225    4917483      10958944  2.229          11527            0.977        100.0
medium_11              2.961008    4711003      10354797  2.198          10875            1.001        100.0
p_max_00             166.487493  265628805     697981988  2.628         345687            0.768        100.0
p_max_01             166.690553  265986013     697979428  2.624         347059            0.771        100.0
p_max_02             166.760865  266034388     698012182  2.624         344386            0.764        100.0
p_max_03             166.126136  265051479     697974542  2.633         349186            0.775        100.0
small_00               1.045096    1653428       2435762  1.473           6730            1.203        100.0
small_01               1.019566    1611715       2495533  1.548           6836            1.179        100.0
small_02               1.028747    1627182       2489274  1.530           6645            1.149        100.0
small_03               1.028435    1625831       2441074  1.501           6672            1.191        100.0
small_04               1.025027    1621117       2459201  1.517           6845            1.210        100.0
small_05               1.019481    1612072       2502133  1.552           6851            1.181        100.0
small_06               1.018328    1610210       2476783  1.538           6888            1.212        100.0
small_07               1.031945    1631510       2463695  1.510           6744            1.191        100.0
small_08               1.041564    1647617       2532490  1.537           6845            1.174        100.0
small_09               1.033854    1635305       2496364  1.527           7008            1.229        100.0
small_10               1.070199    1693406       2605061  1.538           7022            1.191        100.0
small_11               1.078496    1706291       2565168  1.503           6992            1.215        100.0

submissions/convolution/mul_modp_convolution/Rohan_Kapri.cpp
SHA-256: b484bd15abf0a666d276993c28dc83919be2814379867e1786637e90f311003a
case            task-clock (ms)     cycles  instructions    IPC  branch-misses  branch-miss (%)  running (%)
max (large_05)       127.772723          -             -      -              -                -            -
sum                  784.929169          -             -      -              -                -            -
example_00             1.054119    1667510       2540595  1.524           7432            1.260        100.0
example_01             1.076870    1703394       2496486  1.466           7283            1.266        100.0
all_zero_00            1.064030    1683684       2504636  1.488           7433            1.290        100.0
all_zero_01            1.088333    1722124       2551517  1.482           7423            1.254        100.0
all_zero_02            1.048247    1657321       2545867  1.536           7452            1.262        100.0
all_zero_03            1.080322    1708986       2565287  1.501           7453            1.254        100.0
large_00               4.762253    7586322      14981767  1.975          13050            0.735        100.0
large_01               8.695571   13864887      28160790  2.031          17185            0.568        100.0
large_02              15.985663   25490596      54536567  2.139          25919            0.479        100.0
large_03              30.619653   48821002     102506346  2.100          45215            0.516        100.0
large_04              55.503949   88527999     185275495  2.093          65973            0.469        100.0
large_05             127.772723  203832570     416732470  2.044         149388            0.451        100.0
medium_00              1.157117    1831857       2709463  1.479           8132            1.363        100.0
medium_01              1.208480    1912906       2758782  1.442           8381            1.384        100.0
medium_02              1.205014    1907650       2843192  1.490           8040            1.314        100.0
medium_03              1.207707    1911915       2873957  1.503           8056            1.311        100.0
medium_04              1.321456    2093596       3155989  1.507           8526            1.311        100.0
medium_05              1.317972    2088541       3250411  1.556           8459            1.299        100.0
medium_06              1.442452    2287073       3704626  1.620           8734            1.250        100.0
medium_07              1.472291    2334776       3818964  1.636           8911            1.267        100.0
medium_08              1.850866    2938590       4983280  1.696           9315            1.165        100.0
medium_09              2.021273    3211076       5550638  1.729           9269            1.065        100.0
medium_10              2.835384    4510995       8343552  1.850          10688            0.932        100.0
medium_11              2.673505    4252050       7711234  1.814          10636            0.995        100.0
p_max_00             125.724327  200547523     409883754  2.044         148073            0.471        100.0
p_max_01             125.593233  200349682     408615872  2.040         146490            0.470        100.0
p_max_02             125.658803  200441249     408515302  2.038         147998            0.475        100.0
p_max_03             125.283186  199860019     408553604  2.044         146727            0.471        100.0
small_00               1.077516    1704029       2494102  1.464           7207            1.255        100.0
small_01               1.090507    1725676       2496552  1.447           7376            1.289        100.0
small_02               1.061142    1678776       2550021  1.519           7475            1.264        100.0
small_03               1.074126    1699072       2507649  1.476           7548            1.314        100.0
small_04               1.102054    1744257       2571915  1.475           7554            1.270        100.0
small_05               1.082227    1712443       2533644  1.480           7634            1.314        100.0
small_06               1.085139    1717007       2530255  1.474           7598            1.312        100.0
small_07               1.093109    1730083       2551385  1.475           7630            1.311        100.0
small_08               1.144681    1812161       2637707  1.456           7973            1.323        100.0
small_09               1.133662    1794675       2616244  1.458           7957            1.362        100.0
small_10               1.112711    1760801       2620433  1.488           7967            1.344        100.0
small_11               1.147496    1816026       2727704  1.502           8362            1.364        100.0

submissions/convolution/mul_modp_convolution/adamant.cpp
SHA-256: b484bd15abf0a666d276993c28dc83919be2814379867e1786637e90f311003a
case            task-clock (ms)     cycles  instructions    IPC  branch-misses  branch-miss (%)  running (%)
max (large_05)       128.041922          -             -      -              -                -            -
sum                  783.931904          -             -      -              -                -            -
example_00             1.116008    1766112       2581668  1.462           7625            1.276        100.0
example_01             1.077723    1704743       2488222  1.460           7354            1.288        100.0
all_zero_00            1.083128    1713604       2522234  1.472           7281            1.246        100.0
all_zero_01            1.095055    1732802       2533051  1.462           7386            1.260        100.0
all_zero_02            1.071178    1694532       2511394  1.482           7555            1.308        100.0
all_zero_03            1.092208    1728556       2499417  1.446           7451            1.301        100.0
large_00               4.777328    7610774      14926033  1.961          12987            0.738        100.0
large_01               8.688540   13854839      28195672  2.035          17603            0.581        100.0
large_02              15.902622   25369428      54527478  2.149          25802            0.477        100.0
large_03              30.553890   48758816     102309634  2.098          44395            0.510        100.0
large_04              55.558017   88627934     185663737  2.095          65649            0.464        100.0
large_05             128.041922  204242286     417209079  2.043         149152            0.450        100.0
medium_00              1.121892    1775554       2692715  1.517           8036            1.349        100.0
medium_01              1.163296    1842090       2698996  1.465           8160            1.370        100.0
medium_02              1.187001    1879291       2824334  1.503           8216            1.349        100.0
medium_03              1.208981    1914834       2926600  1.528           8097            1.278        100.0
medium_04              1.315309    2084393       3152409  1.512           8608            1.344        100.0
medium_05              1.369542    2169986       3332912  1.536           8659            1.292        100.0
medium_06              1.467587    2327880       3722472  1.599           8821            1.258        100.0
medium_07              1.492878    2366536       3892861  1.645           8753            1.209        100.0
medium_08              1.848751    2936057       5019619  1.710           9401            1.154        100.0
medium_09              2.031669    3227021       5558514  1.722           9443            1.079        100.0
medium_10              2.903724    4619353       8398121  1.818          10688            0.916        100.0
medium_11              2.663460    4236364       7750818  1.830          10380            0.956        100.0
p_max_00             124.907320  199273102     409185912  2.053         147487            0.471        100.0
p_max_01             125.462377  200130366     408737214  2.042         147064            0.472        100.0
p_max_02             125.132477  199647527     408556078  2.046         146782            0.471        100.0
p_max_03             125.463823  200176327     408575412  2.041         146799            0.471        100.0
small_00               1.085375    1716944       2488197  1.449           7444            1.299        100.0
small_01               1.078070    1705460       2550551  1.496           7344            1.242        100.0
small_02               1.073526    1698565       2513246  1.480           7520            1.302        100.0
small_03               1.086281    1718854       2512977  1.462           7532            1.304        100.0
small_04               1.086459    1718992       2520658  1.466           7663            1.330        100.0
small_05               1.077751    1705132       2523204  1.480           7535            1.306        100.0
small_06               1.092184    1727605       2524959  1.462           7676            1.334        100.0
small_07               1.076534    1702919       2554567  1.500           7820            1.344        100.0
small_08               1.093213    1729999       2595774  1.500           7833            1.316        100.0
small_09               1.106064    1750182       2578408  1.473           7950            1.371        100.0
small_10               1.138324    1801475       2604863  1.446           7936            1.351        100.0
small_11               1.140417    1804731       2686004  1.488           8157            1.340        100.0

src/convolution/mul_modp_convolution/main.cxx
SHA-256: 0b249ba563ce8597ae77c93f4e8163f8cc83ee9c8f1a0ff4473dcd34ab7ff89d
case            task-clock (ms)    cycles  instructions    IPC  branch-misses  branch-miss (%)  running (%)
max (p_max_02)        51.673949         -             -      -              -                -            -
sum                  333.523462         -             -      -              -                -            -
example_00             0.820029   1294465       1807038  1.396           5621            1.377        100.0
example_01             0.858196   1355064       1765475  1.303           5534            1.405        100.0
all_zero_00            0.818243   1290583       1764954  1.368           5410            1.374        100.0
all_zero_01            0.860760   1357091       1808516  1.333           5593            1.369        100.0
all_zero_02            0.785238   1238054       1803296  1.457           5410            1.328        100.0
all_zero_03            0.835422   1317751       1774938  1.347           5660            1.431        100.0
large_00               2.268361   3604368       6683897  1.854          10539            1.292        100.0
large_01               3.701140   5892471      11872553  2.015          14017            1.142        100.0
large_02               6.569902  10471914      22328693  2.132          21450            1.040        100.0
large_03              12.750923  20339636      44805590  2.203          37299            0.989        100.0
large_04              22.569088  36011463      81377697  2.260          55916            0.896        100.0
large_05              51.432885  82003395     180047599  2.196         125618            0.919        100.0
medium_00              0.861136   1359425       1833330  1.349           5784            1.442        100.0
medium_01              0.859527   1357005       1818440  1.340           5869            1.481        100.0
medium_02              0.892657   1409302       1871192  1.328           5976            1.492        100.0
medium_03              0.901236   1424097       1921184  1.349           5990            1.447        100.0
medium_04              0.913413   1442358       2011807  1.395           5950            1.400        100.0
medium_05              0.919918   1452796       2040888  1.405           6150            1.470        100.0
medium_06              0.978518   1546248       2198411  1.422           6169            1.450        100.0
medium_07              1.005262   1588849       2254043  1.419           6370            1.478        100.0
medium_08              1.104689   1747754       2707654  1.549           6629            1.423        100.0
medium_09              1.181073   1869695       2935505  1.570           7030            1.437        100.0
medium_10              1.506392   2389086       4036356  1.689           8091            1.388        100.0
medium_11              1.428109   2264536       3787087  1.672           7867            1.403        100.0
p_max_00              51.521667  82144219     180977307  2.203         125435            0.911        100.0
p_max_01              51.654970  82357009     180905293  2.197         125729            0.915        100.0
p_max_02              51.673949  82372529     180976719  2.197         127073            0.923        100.0
p_max_03              51.629914  82304320     180926632  2.198         126895            0.922        100.0
small_00               0.858859   1354852       1764496  1.302           5653            1.444        100.0
small_01               0.837674   1321867       1764552  1.335           5593            1.421        100.0
small_02               0.823197   1298769       1772129  1.364           5684            1.440        100.0
small_03               0.837709   1321077       1808499  1.369           5428            1.328        100.0
small_04               0.850533   1342332       1778521  1.325           5725            1.444        100.0
small_05               0.849639   1341085       1774993  1.324           5632            1.423        100.0
small_06               0.862035   1360455       1783030  1.311           5754            1.451        100.0
small_07               0.853523   1347205       1819262  1.350           5713            1.392        100.0
small_08               0.846174   1334847       1771503  1.327           5650            1.442        100.0
small_09               0.873272   1378362       1826045  1.325           5735            1.396        100.0
small_10               0.881412   1391265       1835878  1.320           5688            1.383        100.0
small_11               0.846818   1337157       1800670  1.347           5762            1.448        100.0
