2026-10-02 lenovo / Intel(R) Core(TM) i5-10210U CPU @ 1.60GHz
Two complete passes per binary; per case minimum task-clock; all counters from that same run.
Unchanged binaries reuse their recorded passes; each section identifies its measurement batch.
Cases: 35, including examples. Units: ms. No CPU pinning.
Compiler: g++ (GCC) 16.2.1 20260819 (Red Hat 16.2.1-2); rustc 1.98.1 (48a229cea 2026-09-01)
Build host: fedora; glibc 2.43
Environment: Linux 7.2.8-200.fc44.x86_64; affinity [0, 1, 2, 3]; stack 268435456 bytes; bench_env OK.
cxx_flags.txt: -std=c++23 -DEVAL -DONLINE_JUDGE -Iinclude -O3 -fwhole-program -fno-exceptions -fno-rtti -march=x86-64-v3 -fno-pie -no-pie -nostdlib++ -static -lm -s
cpp_flags.txt: -std=c++23 -DEVAL -DONLINE_JUDGE -Iac-library -include cassert -O3 -fwhole-program -fno-exceptions -fno-rtti -march=x86-64-v3 -fno-pie -no-pie -static -lgmp -s
rust_flags.txt: -C opt-level=3 -C codegen-units=1 -C lto=fat -C panic=abort -C target-cpu=x86-64-v3 -C target-feature=+crt-static -C relocation-model=static -C link-arg=-Wl,-u,__cxa_thread_atexit_impl -C strip=symbols

solution                                max (ms)       sum (ms)
Anonymous                                 58.152253     552.080405
Kiffaz11                                  90.845483     894.389914
Rohan_Kapri                               54.182340     539.780197
learningstud                              23.753556     410.021006
ymatsux                                  110.500642    1061.885248
main                                      23.512232     374.575913
naive                                     87.239013     695.020800

submissions/graph/cycle_detection/Anonymous.cpp
SHA-256: 18ccf727a68e606915243eccd7ebfe068e7f73db7981ba8b704dd5fc40521547
Measured: bench/graph-polish-20261002/accepted-37 [Anonymous]
case                 task-clock (ms)    cycles  instructions    IPC  branch-misses  branch-miss (%)  running (%)
max (long_cycle_01)        58.152253         -             -      -              -                -            -
sum                       552.080405         -             -      -              -                -            -
example_00                  1.790668   2845029       3558962  1.251           5972            0.768        100.0
example_01                  1.740874   2764605       3549926  1.284           5993            0.772        100.0
example_02                  1.789513   2841366       3556179  1.252           6082            0.782        100.0
long_cycle_00              47.520333  75842086      66426270  0.876         225750            2.575        100.0
long_cycle_01              58.152253  92811733      69915282  0.753         225355            2.412        100.0
random_00                  12.955822  20667134      45925643  2.222         242748            3.888        100.0
random_01                  26.586487  42425395      54759269  1.291         517585            6.482        100.0
random_02                   9.415429  15015553      37813298  2.518         162180            3.176        100.0
random_03                   4.065297   6474469      12023214  1.857          46409            1.846        100.0
random_04                   8.273198  13193201      19268674  1.461         201758            6.116        100.0
random_05                  13.104117  20903283      44665384  2.137         299491            4.929        100.0
random_06                  17.336472  27659878      39075224  1.413         393293            6.267        100.0
random_07                   2.442951   3885183       6046240  1.556          21127            1.692        100.0
random_08                  10.799716  17225744      35078479  2.036         275386            5.693        100.0
random_09                   5.749346   9163546      21554103  2.352          70287            2.294        100.0
random_dag_00              28.326879  45203579      59247074  1.311         680474            7.510        100.0
random_dag_01              28.407592  45332403      60904714  1.344         663403            7.070        100.0
random_dag_02              22.018754  35133425      45064838  1.283         275816            4.048        100.0
random_dag_03               4.083508   6503755      12043444  1.852          46225            1.833        100.0
random_dag_04               8.001572  12759206      19252188  1.509         199792            6.042        100.0
random_dag_05              28.274543  45120091      56745647  1.258         707833            8.194        100.0
random_dag_06              16.486445  26303154      38930407  1.480         390128            6.229        100.0
random_dag_07               2.466039   3922417       6015943  1.534          21105            1.703        100.0
random_dag_08              22.687131  36201359      44810749  1.238         602433            8.732        100.0
random_dag_09              13.044652  20808013      26700395  1.283         241636            5.793        100.0
random_dag_dense_00        19.818369  31621780      35841766  1.133         137170            2.510        100.0
random_dag_dense_01        23.622567  37695751      33603064  0.891         446650            8.688        100.0
random_dag_dense_02        18.635884  29734400      32806934  1.103         118934            2.369        100.0
random_dag_dense_03        24.038451  38342227      33962697  0.886         456560            8.788        100.0
random_dag_dense_04        23.962438  38210442      41765189  1.093         208150            3.293        100.0
random_dense_00             7.441916  11865594      29087579  2.451         135002            3.571        100.0
random_dense_01            11.544503  18413983      26782281  1.454         449929           13.092        100.0
random_dense_02             6.646218  10595177      25352459  2.393         119589            3.785        100.0
random_dense_03            11.702525  18666041      27062063  1.450         458180           13.189        100.0
random_dense_04             9.147943  14588366      33684216  2.309         206065            4.786        100.0

submissions/graph/cycle_detection/Kiffaz11.cpp
SHA-256: e1a78f9df4701640a8c4948256819ad124d2756fe59fe4f74263eadb52bc5c22
Measured: bench/graph-polish-20261002/accepted-37 [Kiffaz11]
case                 task-clock (ms)     cycles  instructions    IPC  branch-misses  branch-miss (%)  running (%)
max (long_cycle_01)        90.845483          -             -      -              -                -            -
sum                       894.389914          -             -      -              -                -            -
example_00                  0.951342    1503723       2432991  1.618           6700            1.194        100.0
example_01                  0.954037    1507604       2427903  1.610           6626            1.182        100.0
example_02                  0.970675    1534412       2456256  1.601           6686            1.175        100.0
long_cycle_00              87.802154  140124622     138378148  0.988         290349            1.034        100.0
long_cycle_01              90.845483  144983963     142863816  0.985         292704            1.010        100.0
random_00                  23.085038   36836001      93661732  2.543         292692            1.470        100.0
random_01                  49.622378   79197095     107256169  1.354         661508            2.946        100.0
random_02                  16.585194   26461182      76788007  2.902         207514            1.254        100.0
random_03                   8.098405   12912618      22228004  1.721          70452            1.372        100.0
random_04                  14.155239   22580567      34179214  1.514         288202            3.880        100.0
random_05                  22.946233   36600147      90569208  2.475         345136            1.792        100.0
random_06                  31.568392   50378541      72439280  1.438         602176            3.886        100.0
random_07                   2.885441    4590630       7986826  1.740          31332            1.721        100.0
random_08                  17.990309   28703412      69864825  2.434         301607            2.027        100.0
random_09                   9.400254   14990523      41803382  2.789          78829            0.876        100.0
random_dag_00              49.946228   79699998     110415795  1.385         908567            3.895        100.0
random_dag_01              52.762868   84210945     113609173  1.349         915065            3.806        100.0
random_dag_02              31.136631   49675300      84399448  1.699         332265            1.850        100.0
random_dag_03               7.970861   12708551      22245020  1.750          70127            1.363        100.0
random_dag_04              13.907265   22185090      34154136  1.540         281795            3.792        100.0
random_dag_05              47.087639   75138453     105467666  1.404         888986            3.994        100.0
random_dag_06              30.253266   48278982      72316506  1.498         583459            3.766        100.0
random_dag_07               2.903278    4619940       8004257  1.733          30811            1.685        100.0
random_dag_08              36.700276   58569633      82505148  1.409         749643            4.295        100.0
random_dag_09              19.102110   30478039      47894999  1.571         290037            2.846        100.0
random_dag_dense_00        27.290127   43533810      71474308  1.642         176114            1.114        100.0
random_dag_dense_01        29.498506   47073074      68079148  1.446         461197            3.033        100.0
random_dag_dense_02        23.944385   38207341      68802116  1.801         151808            0.973        100.0
random_dag_dense_03        30.153761   48119807      68878163  1.431         466115            3.030        100.0
random_dag_dense_04        33.420537   53334695      84401685  1.582         279362            1.495        100.0
random_dense_00            13.801533   22015997      64723014  2.940         172472            1.186        100.0
random_dense_01            17.921297   28591467      61301490  2.144         462439            3.319        100.0
random_dense_02            13.186578   21034938      61366168  2.917         151873            1.069        100.0
random_dense_03            18.139058   28940526      61983116  2.142         468233            3.323        100.0
random_dense_04            17.403136   27766240      76298850  2.748         277300            1.615        100.0

submissions/graph/cycle_detection/Rohan_Kapri.cpp
SHA-256: ca5b60f3599e9bba7cbf91f249288537a5f1de964df30ae1fa46ef9418803ac0
Measured: bench/graph-polish-20261002/accepted-37 [Rohan_Kapri]
case                 task-clock (ms)    cycles  instructions    IPC  branch-misses  branch-miss (%)  running (%)
max (long_cycle_01)        54.182340         -             -      -              -                -            -
sum                       539.780197         -             -      -              -                -            -
example_00                  1.767637   2807778       3572603  1.272           6147            0.788        100.0
example_01                  1.772949   2815719       3553727  1.262           5963            0.768        100.0
example_02                  1.777514   2822082       3563445  1.263           6139            0.789        100.0
long_cycle_00              43.685924  69692727      43943855  0.631           8884            0.298        100.0
long_cycle_01              54.182340  86459769      47484715  0.549           9150            0.256        100.0
random_00                  10.918501  17415208      27806563  1.597           8952            0.580        100.0
random_01                  24.655751  39328010      36359882  0.925         323369            9.993        100.0
random_02                   9.664038  15411353      25936931  1.683           6703            0.464        100.0
random_03                   4.164504   6634160      10908623  1.644          33335            1.497        100.0
random_04                   7.676819  12223129      15098546  1.235         120927            5.498        100.0
random_05                  10.712031  17084492      27330835  1.600           8271            0.541        100.0
random_06                  16.310989  26023535      28494742  1.095         283708            8.014        100.0
random_07                   2.551451   4058951       5682603  1.400          18654            1.639        100.0
random_08                   8.644581  13784856      21890248  1.588           6746            0.502        100.0
random_09                   5.950715   9484662      15022059  1.584           6585            0.585        100.0
random_dag_00              26.715444  42631986      41160744  0.965         449757           10.292        100.0
random_dag_01              26.730687  42656095      42377953  0.993         468658           10.178        100.0
random_dag_02              22.753322  36306989      33181096  0.914         122607            3.891        100.0
random_dag_03               4.166831   6637345      10884319  1.640          33039            1.487        100.0
random_dag_04               7.480932  11928003      15031914  1.260         119013            5.438        100.0
random_dag_05              25.996357  41483123      39402536  0.950         418808           10.224        100.0
random_dag_06              15.488337  24710298      28401090  1.149         279363            7.871        100.0
random_dag_07               2.555525   4065069       5661079  1.393          18788            1.663        100.0
random_dag_08              20.131933  32122858      31666731  0.986         334837            9.792        100.0
random_dag_09              12.968075  20687270      20184820  0.976         179929            8.030        100.0
random_dag_dense_00        22.632972  36098059      34285279  0.950           8706            0.281        100.0
random_dag_dense_01        22.159110  35358043      34322897  0.971           7262            0.235        100.0
random_dag_dense_02        22.699423  36220942      37229067  1.028           6865            0.210        100.0
random_dag_dense_03        22.559192  35997207      34768664  0.966           7054            0.226        100.0
random_dag_dense_04        26.931972  42977282      40227885  0.936           7862            0.222        100.0
random_dense_00            10.169787  16220975      27510381  1.696           6579            0.467        100.0
random_dense_01            10.157781  16199854      27525823  1.699           6598            0.475        100.0
random_dense_02            10.996248  17538719      29812320  1.700           6672            0.469        100.0
random_dense_03            10.293479  16416981      27883561  1.698           6637            0.474        100.0
random_dense_04            11.757046  18753951      32159230  1.715           6722            0.440        100.0

submissions/graph/cycle_detection/learningstud.cpp
SHA-256: 318205855df1aafd19724d52da6500229244eb414f83650b2d96daf5f8595ab8
Measured: bench/graph-polish-20261002/accepted-37 [learningstud]
case                 task-clock (ms)    cycles  instructions    IPC  branch-misses  branch-miss (%)  running (%)
max (long_cycle_01)        23.753556         -             -      -              -                -            -
sum                       410.021006         -             -      -              -                -            -
example_00                  2.255033   3587264       3350916  0.934           6199            0.846        100.0
example_01                  2.270073   3610615       3357733  0.930           6243            0.849        100.0
example_02                  2.255402   3587529       3372236  0.940           6320            0.852        100.0
long_cycle_00              22.059695  35114473      46685667  1.330          10027            0.222        100.0
long_cycle_01              23.753556  37819040      49906886  1.320          10212            0.202        100.0
random_00                   8.349244  13271636      27171881  2.047          15179            0.485        100.0
random_01                  18.997141  30208447      39757565  1.316         329615            6.214        100.0
random_02                   6.949531  11080725      24920088  2.249           6945            0.244        100.0
random_03                   4.930294   7813082      13046746  1.670          34274            1.093        100.0
random_04                   7.303583  11601284      17167806  1.480         123641            3.977        100.0
random_05                   8.256806  13123765      26635662  2.030          20128            0.655        100.0
random_06                  13.772503  21928699      32844085  1.498         279258            5.164        100.0
random_07                   3.055479   4863926       6022723  1.238          19417            1.469        100.0
random_08                   6.966501  11063064      21281813  1.924          22773            0.900        100.0
random_09                   4.850591   7729645      14404594  1.864           6839            0.376        100.0
random_dag_00              21.663528  34483122      47382131  1.374         456565            6.608        100.0
random_dag_01              22.274113  35456114      48876991  1.379         468233            6.421        100.0
random_dag_02              17.771639  28354893      38905267  1.372         124991            2.509        100.0
random_dag_03               4.907314   7776477      13052797  1.678          34815            1.109        100.0
random_dag_04               7.133042  11329454      17145835  1.513         122995            3.948        100.0
random_dag_05              21.081426  33553569      45304682  1.350         432700            6.693        100.0
random_dag_06              13.371149  21287222      32810071  1.541         276650            5.102        100.0
random_dag_07               3.033946   4829516       6023756  1.247          19180            1.450        100.0
random_dag_08              16.845191  26774518      36208742  1.352         353656            6.701        100.0
random_dag_09              10.763295  17167431      22735355  1.324         182000            5.575        100.0
random_dag_dense_00        19.395993  30947909      40484580  1.308           9278            0.189        100.0
random_dag_dense_01        18.937209  30215763      40486475  1.340          19056            0.389        100.0
random_dag_dense_02        19.265890  30739843      43886125  1.428          22105            0.421        100.0
random_dag_dense_03        19.252082  30690966      41027461  1.337          18867            0.380        100.0
random_dag_dense_04        22.520999  35910371      47730498  1.329          11928            0.208        100.0
random_dense_00             6.843788  10910931      25795177  2.364           7219            0.256        100.0
random_dense_01             6.950832  11081761      25721185  2.321          18116            0.650        100.0
random_dense_02             7.278048  11603199      27631565  2.381          21407            0.732        100.0
random_dense_03             6.967995  11109519      25986211  2.339          17611            0.629        100.0
random_dense_04             7.738095  12319186      30156044  2.448          10542            0.328        100.0

submissions/graph/cycle_detection/ymatsux.cpp
SHA-256: 4385a771e84c1771afa8ea5c334e57abae31d0e134c00e408f5e8136326547aa
Measured: bench/graph-polish-20261002/accepted-37 [ymatsux]
case                 task-clock (ms)     cycles  instructions    IPC  branch-misses  branch-miss (%)  running (%)
max (long_cycle_01)       110.500642          -             -      -              -                -            -
sum                      1061.885248          -             -      -              -                -            -
example_00                  2.567184    4083093       4758611  1.165           5829            0.559        100.0
example_01                  2.570941    4089482       4756862  1.163           5907            0.567        100.0
example_02                  2.595077    4128004       4728346  1.145           6003            0.583        100.0
long_cycle_00             108.181573  172590759     137086175  0.794         234956            1.142        100.0
long_cycle_01             110.500642  176262029     141515681  0.803         236529            1.085        100.0
random_00                  24.261897   38715160      94143957  2.432         234184            1.756        100.0
random_01                  61.666869   98339064     108594804  1.104         614393            3.738        100.0
random_02                  18.480029   29484833      78412213  2.659         159070            1.416        100.0
random_03                   9.740083   15533476      24576070  1.582          67571            1.218        100.0
random_04                  15.926039   25408538      36407815  1.433         280665            4.271        100.0
random_05                  24.017918   38325419      91250104  2.381         286831            2.222        100.0
random_06                  37.785753   60302535      74427772  1.234         579272            4.619        100.0
random_07                   4.488030    7149601      10292429  1.440          30471            1.380        100.0
random_08                  18.987960   30295756      70476114  2.326         262233            2.620        100.0
random_09                  11.128266   17749762      43556459  2.454          74346            1.158        100.0
random_dag_00              61.740833   98541451     112140209  1.138         842132            4.805        100.0
random_dag_01              65.240269  104128324     115687823  1.111         856026            4.667        100.0
random_dag_02              35.096162   56009413      87225929  1.557         275919            2.105        100.0
random_dag_03               9.674688   15429278      24562324  1.592          67153            1.211        100.0
random_dag_04              15.669988   24999457      36348840  1.454         272028            4.148        100.0
random_dag_05              56.899960   90814142     107451481  1.183         825282            4.961        100.0
random_dag_06              35.643422   56884520      74383066  1.308         554949            4.419        100.0
random_dag_07               4.509261    7183043      10297066  1.434          30277            1.370        100.0
random_dag_08              41.604671   66399007      84511311  1.273         708341            5.348        100.0
random_dag_09              21.485160   34282524      50283863  1.467         284466            3.588        100.0
random_dag_dense_00        31.383043   50082426      76222811  1.522         136751            1.134        100.0
random_dag_dense_01        34.045834   54332900      73603293  1.355         443828            3.737        100.0
random_dag_dense_02        30.173626   48151359      74811455  1.554         119625            0.972        100.0
random_dag_dense_03        34.852364   55619986      74127367  1.333         458514            3.842        100.0
random_dag_dense_04        40.163049   64097444      89668953  1.399         209627            1.480        100.0
random_dense_00            15.993018   25516251      68265053  2.675         134598            1.295        100.0
random_dense_01            20.013084   31932524      65142210  2.040         449618            4.464        100.0
random_dense_02            15.469255   24679097      65925596  2.671         120512            1.155        100.0
random_dense_03            20.223908   32269745      65983745  2.045         458142            4.482        100.0
random_dense_04            19.105392   30483660      80123347  2.628         207455            1.706        100.0

src/graph/cycle_detection/main.cxx
SHA-256: c58cb4ca72d4a6ea6a7cd72758fcc6d207d9a61049c35495b544f6d58c9f942e
Measured: bench/graph-polish-20261002/accepted-37 [main]
case                 task-clock (ms)    cycles  instructions    IPC  branch-misses  branch-miss (%)  running (%)
max (long_cycle_01)        23.512232         -             -      -              -                -            -
sum                       374.575913         -             -      -              -                -            -
example_00                  0.989228   1561773       1744217  1.117           5514            1.417        100.0
example_01                  0.818552   1291163       1749036  1.355           5498            1.408        100.0
example_02                  0.835878   1318333       1783438  1.353           5530            1.378        100.0
long_cycle_00              22.107505  35178371      42395597  1.205          12932            0.331        100.0
long_cycle_01              23.512232  37433972      47049238  1.257          12741            0.255        100.0
random_00                   7.673745  12236323      23499900  1.921          17024            0.727        100.0
random_01                  19.077235  30352766      37453636  1.234         334087            6.765        100.0
random_02                   5.945442   9476127      21896452  2.311           8489            0.391        100.0
random_03                   4.768281   7554102      12091258  1.601          35583            1.064        100.0
random_04                   6.962763  11099723      16527700  1.489         126812            3.933        100.0
random_05                   7.464913  11902354      22991384  1.932          21882            0.955        100.0
random_06                  13.922943  22125221      31114270  1.406         284527            5.255        100.0
random_07                   2.183866   3470639       5453497  1.571          19933            1.538        100.0
random_08                   6.230559   9932079      18253492  1.838          24330            1.293        100.0
random_09                   4.054203   6456701      12876471  1.994           7877            0.532        100.0
random_dag_00              21.315400  34011309      44859553  1.319         459598            6.902        100.0
random_dag_01              22.320529  35531121      46516132  1.309         471641            6.617        100.0
random_dag_02              16.394531  26156177      36618344  1.400         126533            2.844        100.0
random_dag_03               4.761947   7544033      12092632  1.603          35827            1.071        100.0
random_dag_04               6.841317  10906571      16412166  1.505         126633            3.955        100.0
random_dag_05              20.507612  32722280      42868739  1.310         437485            7.091        100.0
random_dag_06              13.419081  21321855      30924205  1.450         282066            5.234        100.0
random_dag_07               2.187737   3476386       5452406  1.568          19654            1.516        100.0
random_dag_08              16.271202  25959821      34041263  1.311         356128            7.108        100.0
random_dag_09              10.069046  16057690      21773043  1.356         185280            5.951        100.0
random_dag_dense_00        16.708471  26656489      37543369  1.408          10191            0.247        100.0
random_dag_dense_01        16.623359  26520261      37566981  1.417          19365            0.472        100.0
random_dag_dense_02        16.804434  26809311      40944498  1.527          23732            0.537        100.0
random_dag_dense_03        16.804734  26810453      38084293  1.421          18601            0.447        100.0
random_dag_dense_04        19.881482  31722123      44479866  1.402          12845            0.265        100.0
random_dense_00             5.142714   8195334      22367820  2.729           8045            0.402        100.0
random_dense_01             5.240087   8351230      22362284  2.678          18497            0.931        100.0
random_dense_02             5.532689   8816521      24201491  2.745          22931            1.101        100.0
random_dense_03             5.281330   8417302      22631904  2.689          17753            0.888        100.0
random_dense_04             5.920866   9436227      26378255  2.795          11214            0.484        100.0

src/graph/cycle_detection/naive.cxx
SHA-256: 21503a37990dbf065f1fab154f8d1381b72c31780375705977b17a6b735da407
Measured: bench/graph-polish-20261002/accepted-37 [naive]
case                 task-clock (ms)     cycles  instructions    IPC  branch-misses  branch-miss (%)  running (%)
max (long_cycle_00)        87.239013          -             -      -              -                -            -
sum                       695.020800          -             -      -              -                -            -
example_00                  0.759686    1197405       1756616  1.467           5371            1.371        100.0
example_01                  0.750923    1183567       1755461  1.483           5427            1.385        100.0
example_02                  0.759028    1196687       1755810  1.467           5367            1.371        100.0
long_cycle_00              87.239013  139243636      80097380  0.575          18054            0.178        100.0
long_cycle_01              46.873429   74808422      67157650  0.898          17178            0.219        100.0
random_00                  21.087950   33647536      46033847  1.368          18174            0.366        100.0
random_01                  44.796482   71476158      60971546  0.853         439167            5.661        100.0
random_02                  14.794151   23601778      37002061  1.568          13881            0.410        100.0
random_03                   8.412425   13412682      21840281  1.628          55729            1.342        100.0
random_04                  12.828870   20464253      24321241  1.188         204411            5.307        100.0
random_05                  19.692696   31420789      43823803  1.395          16131            0.351        100.0
random_06                  29.178571   46535933      47338296  1.017         481062            6.903        100.0
random_07                   2.911813    4633221       6864822  1.482          28880            2.230        100.0
random_08                  15.359315   24476869      34844206  1.424          14702            0.390        100.0
random_09                   8.897637   14188261      21375347  1.507          10631            0.469        100.0
random_dag_00              41.512020   66250644      64590860  0.975         647954            7.617        100.0
random_dag_01              44.020988   70256520      67741224  0.964         699584            7.661        100.0
random_dag_02              21.131282   33717990      46974890  1.393         127535            2.430        100.0
random_dag_03               8.370204   13346431      21840281  1.636          55968            1.348        100.0
random_dag_04              12.496834   19934602      24282070  1.218         198560            5.171        100.0
random_dag_05              38.547606   61503106      60511728  0.984         575214            7.402        100.0
random_dag_06              27.647328   44118394      47138387  1.068         458347            6.632        100.0
random_dag_07               2.871168    4555647       6890198  1.512          28684            2.199        100.0
random_dag_08              30.047043   47949579      48244898  1.006         472098            7.472        100.0
random_dag_09              16.552279   26407139      28454658  1.078         224534            6.217        100.0
random_dag_dense_00        14.168119   22602173      48135013  2.130          14167            0.280        100.0
random_dag_dense_01        13.600537   21695971      48247807  2.224          12901            0.255        100.0
random_dag_dense_02        14.678350   23416760      52774147  2.254          12471            0.227        100.0
random_dag_dense_03        13.805793   22024204      48918901  2.221          13128            0.256        100.0
random_dag_dense_04        16.608406   26497515      57117868  2.156          14986            0.251        100.0
random_dense_00            12.603625   20104602      38866349  1.933          12428            0.368        100.0
random_dense_01            12.094878   19292615      38980422  2.020          12575            0.373        100.0
random_dense_02            12.916755   20588242      42606378  2.069          12477            0.343        100.0
random_dense_03            12.236539   19519177      39547366  2.026          12500            0.365        100.0
random_dense_04            14.769057   23561708      46120357  1.957          13915            0.351        100.0
