case                 task-clock (ms)    cycles  instructions    IPC  branch-misses  branch-miss (%)  running (%)
max (max_random_00)        42.103628         -             -      -              -                -            -
sum                       356.603043         -             -      -              -                -            -
example_00                  0.863799   1620037       1600196  0.988           5461            1.591        100.0
all_zero_00                 1.270959   2390331       2522421  1.055           6267            1.245        100.0
dense_large_a_00           15.222724  28834941      29333724  1.017           9875            0.473        100.0
dense_small_a_00           12.074726  22869724      23254640  1.017           9352            0.459        100.0
max_random_00              42.103628  79774853      95896332  1.202          36242            0.452        100.0
max_random_01              42.091674  79712750      95931496  1.203          35320            0.440        100.0
max_random_02              41.749912  79124307      95870813  1.212          35459            0.442        100.0
max_random_03              41.871754  79336259      95924333  1.209          35678            0.444        100.0
max_random_04              41.773109  79149207      95921039  1.212          35571            0.443        100.0
random_00                  28.778322  54519739      64801642  1.189          26307            0.484        100.0
random_01                  31.324259  59360339      72445579  1.220          28960            0.471        100.0
random_02                  18.996670  35993021      38921899  1.081          16173            0.527        100.0
random_03                  16.778859  31788240      52170466  1.641          29194            0.536        100.0
random_04                  12.351127  23394318      21370597  0.913          10997            0.621        100.0
small_00                    0.943191   1770607       1754209  0.991           5850            1.621        100.0
small_01                    0.889480   1667960       1660678  0.996           5601            1.603        100.0
small_02                    0.942595   1768484       1687966  0.954           5573            1.554        100.0
small_03                    0.884322   1658642       1660944  1.001           5564            1.592        100.0
small_04                    0.985255   1850303       1813011  0.980           5820            1.568        100.0
small_05                    0.956145   1793618       1811425  1.010           6087            1.622        100.0
small_06                    0.957493   1797311       1790539  0.996           5976            1.635        100.0
small_07                    0.899626   1687557       1732209  1.026           5832            1.624        100.0
small_08                    0.931093   1746786       1760947  1.008           5857            1.621        100.0
small_09                    0.962321   1806412       1703220  0.943           5441            1.550        100.0
