case                  task-clock (ms)     cycles  instructions    IPC  branch-misses  branch-miss (%)  running (%)
max (almost_line_00)       115.923615          -             -      -              -                -            -
sum                       2256.141706          -             -      -              -                -            -
example_00                   0.904491    1697001       1626996  0.959           5645            1.597        100.0
example_01                   0.863749    1619897       1619064  0.999           5534            1.574        100.0
almost_line_00             115.923615  219540004     274438919  1.250        2272845            5.988        100.0
almost_line_01             114.412136  216809963     274483008  1.266        2271710            5.985        100.0
max_bival_00               101.356138  192092255     256108275  1.333        2165061            6.068        100.0
max_bival_01               101.858401  193046576     256161708  1.327        2163826            6.062        100.0
max_bival_02               102.365232  193987121     256146582  1.320        2164063            6.065        100.0
max_random_00              111.533858  211362220     266158891  1.259        2179101            5.905        100.0
max_random_01              111.622776  211541731     266110498  1.258        2178496            5.905        100.0
max_random_02              112.502782  213223369     266228431  1.249        2180007            5.904        100.0
max_random_03              112.338415  212903708     266118461  1.250        2179803            5.908        100.0
max_random_04              111.734343  211751215     266213942  1.257        2182261            5.912        100.0
max_typical_tree_00        113.653847  215395243     275405916  1.279        2288093            6.022        100.0
max_typical_tree_01         96.727733  183318794     252800988  1.379        1978098            5.609        100.0
max_typical_tree_02         97.788135  185328633     254874545  1.375        1979223            5.579        100.0
max_typical_tree_03        112.934553  214018062     263616054  1.232        2170642            5.943        100.0
min_00                       0.872081    1635019       1614168  0.987           5455            1.554        100.0
min_01                       0.875997    1642138       1592362  0.970           5342            1.556        100.0
min_02                       0.845748    1586030       1611978  1.016           5393            1.538        100.0
random_00                   68.924224  130618121     165834215  1.270        1391848            6.036        100.0
random_01                   81.762718  154944538     197606899  1.275        1642492            5.984        100.0
random_02                   26.569715   50347551      66618521  1.323         560438            5.987        100.0
random_03                   92.527467  175347529     220272740  1.256        1817812            5.948        100.0
random_04                    6.869927   13004261      17948413  1.380         147866            5.616        100.0
two_path_00                 62.206055  117881507     261500179  2.218         759619            2.079        100.0
two_path_01                 64.389530  122039179     248816846  2.039         911088            2.642        100.0
two_path_02                113.353672  214815841     275356736  1.282        2287149            6.019        100.0
two_path_03                 72.480947  137358126     269498082  1.962        1205194            3.230        100.0
two_path_04                 66.038986  125147856     249081009  1.990        1034367            2.994        100.0
weight_zero_00              79.904435  151417448     277249097  1.831         802166            1.927        100.0
