case                     task-clock (ms)     cycles  instructions    IPC  branch-misses  branch-miss (%)  running (%)
max (many_0set_00)             80.084043          -             -      -              -                -            -
sum                          1112.523141          -             -      -              -                -            -
example_00                      0.877423    1644243       1608459  0.978           5473            1.571        100.0
2_powers_00                    71.425673  135269547     154589237  1.143        1383227            5.491        100.0
c_sharp_killer_00              48.482743   91828979     130777256  1.424          41792            0.187        100.0
many_0set_00                   80.084043  151641195     150189099  0.990        2189828            8.808        100.0
many_0set_sparse_00            33.099536   62726407      67057358  1.069         757430            6.660        100.0
max_many_updates_00            70.227534  133048374     163916330  1.232         732451            2.768        100.0
max_random_00                  78.914859  149397296     159930328  1.071        1847697            7.303        100.0
max_random_01                  79.511519  150547293     159708026  1.061        1868203            7.373        100.0
max_random_02                  78.625990  148908451     157971729  1.061        1872581            7.457        100.0
py_killer_00                   54.181163  102610192     138255480  1.347         190436            0.875        100.0
py_killer_01                   54.195609  102658981     138237512  1.347         189427            0.870        100.0
random_00                      33.665226   63777963      66976103  1.050         679535            6.183        100.0
random_01                      37.223988   70423249      75170190  1.067         840073            6.925        100.0
random_02                      55.264824  104685661     109638827  1.047         925593            5.010        100.0
sparse_keys_00                 30.690223   58159066      72677138  1.250         476853            4.132        100.0
sparse_keys_01                 32.996657   62401321      81492673  1.306         542689            4.278        100.0
unordered_map_killer_00        67.592974  128002425     144551834  1.129        1256300            5.695        100.0
unordered_map_killer_01        68.196265  129178644     145022757  1.123        1275588            5.750        100.0
unordered_map_killer_02        69.782853  132186338     145588210  1.101        1359984            6.104        100.0
unordered_map_killer_03        67.484039  127819865     144549568  1.131        1263515            5.724        100.0
