2026-10-01 lenovo / Intel(R) Core(TM) i5-10210U CPU @ 1.60GHz
Two complete passes; per binary/case minimum task-clock; all counters from that same run.
Cases: 26, including examples. Units: ms. No CPU pinning.
Compiler: g++ (GCC) 16.2.1 20260819 (Red Hat 16.2.1-2); rustc 1.98.1 (48a229cea 2026-09-01)
Build host: master; glibc 2.43
Environment: Linux 7.2.8-200.fc44.x86_64; affinity [0, 1, 2, 3]; stack 268435456 bytes; bench_env OK.
cxx_flags.txt: -std=c++23 -DEVAL -DONLINE_JUDGE -Iinclude -O3 -fwhole-program -fno-exceptions -fno-rtti -march=x86-64-v3 -fno-pie -no-pie -nostdlib++ -static -lm -s
cpp_flags.txt: -std=c++23 -DEVAL -DONLINE_JUDGE -Iac-library -include cassert -O3 -fwhole-program -fno-exceptions -fno-rtti -march=x86-64-v3 -fno-pie -no-pie -static -lgmp -s
rust_flags.txt: -C opt-level=3 -C codegen-units=1 -C lto=fat -C panic=abort -C target-cpu=x86-64-v3 -C target-feature=+crt-static -C relocation-model=static -C link-arg=-Wl,-u,__cxa_thread_atexit_impl -C strip=symbols

solution                                max (ms)       sum (ms)
Anonymous                                 94.385494    1113.005404
QedDust413                               107.163856    1260.484201
Rohan_Kapri                               94.366386    1113.434583
cmk666                                   100.281501    1178.227776
rogeryoungh                               97.582526    1150.790652
main                                      80.506745     965.003752

submissions/polynomial/exp_of_formal_power_series/Anonymous.cpp
SHA-256: aaa9b6a3096569d13983315177ab3985ba8dad3fce5c2ca26f094988dbac1375
case                 task-clock (ms)     cycles  instructions    IPC  branch-misses  branch-miss (%)  running (%)
max (max_random_04)        94.385494          -             -      -              -                -            -
sum                      1113.005404          -             -      -              -                -            -
example_00                  1.077053    1704530       2462402  1.445           7094            1.254        100.0
max_all_zero_00            87.910132  140271595     282768981  2.016          19741            0.117        100.0
max_ans_zero_00            93.943401  149929933     308155532  2.055         135137            0.803        100.0
max_random_00              93.905422  149854359     308239278  2.057         136177            0.809        100.0
max_random_01              94.368632  150624748     308059289  2.045         135140            0.804        100.0
max_random_02              94.128905  150240363     308065778  2.050         134824            0.802        100.0
max_random_03              94.288759  150494783     308063728  2.047         134941            0.803        100.0
max_random_04              94.385494  150607849     308081067  2.046         134946            0.803        100.0
near_262144_00             46.673214   74489136     154365994  2.072          76817            0.879        100.0
near_262144_01             46.976720   74973385     154360048  2.059          77808            0.890        100.0
near_262144_02             51.985391   82952654     170011821  2.050          77009            0.826        100.0
random_00                  70.327040  112246815     231715490  2.064         107148            0.828        100.0
random_01                  88.008867  140415625     287344480  2.046         126195            0.806        100.0
random_02                  10.353380   16511813      33369734  2.021          24382            1.046        100.0
random_03                  81.723458  130439041     267332384  2.049         118012            0.809        100.0
random_04                  52.420477   83662340     172097040  2.057          80025            0.836        100.0
small_degree_00             1.066760    1686980       2487436  1.474           7072            1.230        100.0
small_degree_01             1.051512    1662245       2486139  1.496           7082            1.232        100.0
small_degree_02             1.045249    1653241       2505643  1.516           7109            1.225        100.0
small_degree_03             1.048936    1659108       2491503  1.502           7123            1.238        100.0
small_degree_04             1.046012    1654022       2518555  1.523           7152            1.223        100.0
small_degree_05             1.060437    1677451       2495968  1.488           7191            1.248        100.0
small_degree_06             1.069905    1691292       2492400  1.474           7138            1.240        100.0
small_degree_07             1.027689    1624451       2481525  1.528           7200            1.261        100.0
small_degree_08             1.056544    1671172       2495767  1.493           7251            1.259        100.0
small_degree_09             1.056015    1668989       2509984  1.504           7285            1.254        100.0

submissions/polynomial/exp_of_formal_power_series/QedDust413.cpp
SHA-256: ae189bf1f07cffea41b4d23fe6eabae6a528b25fb2d929c54c415933d186c157
case                   task-clock (ms)     cycles  instructions    IPC  branch-misses  branch-miss (%)  running (%)
max (max_ans_zero_00)       107.163856          -             -      -              -                -            -
sum                        1260.484201          -             -      -              -                -            -
example_00                    1.065807    1685492       2471897  1.467           7369            1.297        100.0
max_all_zero_00              97.406398  155473158     284180163  1.828          17474            0.136        100.0
max_ans_zero_00             107.163856  171012908     339423186  1.985         129350            0.730        100.0
max_random_00               106.702053  170286604     339444800  1.993         130142            0.734        100.0
max_random_01               107.052962  170823608     339457949  1.987         130855            0.738        100.0
max_random_02               106.752585  170336352     339497178  1.993         130971            0.738        100.0
max_random_03               106.793470  170431226     339842587  1.994         130533            0.732        100.0
max_random_04               106.938188  170662406     339472644  1.989         130370            0.735        100.0
near_262144_00               53.450404   85306977     170493506  1.999          73070            0.791        100.0
near_262144_01               53.405127   85235324     170505006  2.000          74099            0.802        100.0
near_262144_02               58.841555   93885995     186459790  1.986          73802            0.762        100.0
random_00                    80.401880  128296385     256021290  1.996         103565            0.758        100.0
random_01                    99.711377  159118906     316430043  1.989         121405            0.736        100.0
random_02                    11.826674   18862722      36597894  1.940          23484            0.972        100.0
random_03                    92.751658  148026780     294620154  1.990         113706            0.737        100.0
random_04                    59.521807   95000228     189352919  1.993          76767            0.768        100.0
small_degree_00               1.051510    1663543       2484060  1.493           7129            1.238        100.0
small_degree_01               1.085144    1716639       2499029  1.456           7179            1.236        100.0
small_degree_02               1.059607    1674685       2475876  1.478           7181            1.256        100.0
small_degree_03               1.059409    1675819       2460163  1.468           7145            1.261        100.0
small_degree_04               1.074666    1700612       2497351  1.469           7426            1.285        100.0
small_degree_05               1.075567    1701079       2513436  1.478           7223            1.238        100.0
small_degree_06               1.077238    1704855       2469899  1.449           7266            1.280        100.0
small_degree_07               1.046412    1654535       2492213  1.506           7260            1.258        100.0
small_degree_08               1.079181    1707520       2497675  1.463           7312            1.266        100.0
small_degree_09               1.089666    1723481       2495905  1.448           7335            1.271        100.0

submissions/polynomial/exp_of_formal_power_series/Rohan_Kapri.cpp
SHA-256: aaa9b6a3096569d13983315177ab3985ba8dad3fce5c2ca26f094988dbac1375
case                 task-clock (ms)     cycles  instructions    IPC  branch-misses  branch-miss (%)  running (%)
max (max_random_00)        94.366386          -             -      -              -                -            -
sum                      1113.434583          -             -      -              -                -            -
example_00                  1.067869    1689048       2469569  1.462           7191            1.269        100.0
max_all_zero_00            88.347969  140944531     282704640  2.006          19767            0.117        100.0
max_ans_zero_00            94.166340  150301414     308098767  2.050         134892            0.802        100.0
max_random_00              94.366386  150578160     308474758  2.049         134743            0.797        100.0
max_random_01              94.262137  150394955     308092841  2.049         136048            0.809        100.0
max_random_02              94.312299  150534114     308075149  2.047         135087            0.804        100.0
max_random_03              94.293835  150463243     308095368  2.048         135735            0.807        100.0
max_random_04              94.247915  150371902     308064820  2.049         135415            0.806        100.0
near_262144_00             46.926728   74893138     154353982  2.061          76490            0.876        100.0
near_262144_01             47.055426   75073665     154352217  2.056          78456            0.898        100.0
near_262144_02             51.800061   82672928     170027272  2.057          76781            0.823        100.0
random_00                  70.638412  112744301     231646449  2.055         107522            0.833        100.0
random_01                  87.510629  139676829     287444545  2.058         125630            0.801        100.0
random_02                  10.364894   16530026      33324645  2.016          24480            1.057        100.0
random_03                  81.317565  129764570     267334680  2.060         118447            0.812        100.0
random_04                  52.340663   83518558     172131384  2.061          80083            0.836        100.0
small_degree_00             1.044120    1650797       2487630  1.507           7158            1.245        100.0
small_degree_01             1.055198    1669316       2510153  1.504           7124            1.220        100.0
small_degree_02             1.026475    1623089       2515989  1.550           7111            1.217        100.0
small_degree_03             1.036389    1638903       2492706  1.521           7171            1.245        100.0
small_degree_04             1.035276    1636720       2498349  1.526           7224            1.252        100.0
small_degree_05             1.050250    1660904       2501566  1.506           7127            1.229        100.0
small_degree_06             1.059311    1675338       2507729  1.497           7167            1.234        100.0
small_degree_07             1.053287    1664746       2496569  1.500           7225            1.254        100.0
small_degree_08             1.020614    1613500       2478156  1.536           7095            1.244        100.0
small_degree_09             1.034535    1636095       2497666  1.527           7174            1.245        100.0

submissions/polynomial/exp_of_formal_power_series/cmk666.cpp
SHA-256: 8b1b083f1aec3f79b13c0e45a609599f03cac3bfa8950191c7114f2fd149ffa2
case                 task-clock (ms)     cycles  instructions    IPC  branch-misses  branch-miss (%)  running (%)
max (max_random_00)       100.281501          -             -      -              -                -            -
sum                      1178.227776          -             -      -              -                -            -
example_00                  1.091207    1726477       2523904  1.462           6922            1.195        100.0
max_all_zero_00            94.489766  150759111     316746079  2.101          40256            0.198        100.0
max_ans_zero_00           100.037096  159654751     340703161  2.134         166321            0.771        100.0
max_random_00             100.281501  160062430     341385610  2.133         167136            0.768        100.0
max_random_01              99.963199  159494660     341425967  2.141         168472            0.774        100.0
max_random_02              99.785248  159254239     340632340  2.139         162065            0.751        100.0
max_random_03              99.873358  159368486     340951078  2.139         166754            0.770        100.0
max_random_04             100.218720  159919167     340535189  2.129         163943            0.761        100.0
near_262144_00             48.241544   76992214     167846046  2.180          89671            0.797        100.0
near_262144_01             47.942114   76515407     167973580  2.195          90847            0.806        100.0
near_262144_02             54.691197   87260713     188786278  2.163          94772            0.774        100.0
random_00                  75.315009  120165749     257772374  2.145         128152            0.760        100.0
random_01                  93.501173  149195254     317841875  2.130         155206            0.770        100.0
random_02                  10.214865   16290595      35371057  2.171          26390            0.932        100.0
random_03                  86.215569  137609410     295961162  2.151         140839            0.747        100.0
random_04                  55.643579   88808945     191412015  2.155          94898            0.757        100.0
small_degree_00             1.036335    1639197       2486950  1.517           6797            1.181        100.0
small_degree_01             1.050889    1661816       2515595  1.514           6660            1.144        100.0
small_degree_02             1.067896    1689076       2534664  1.501           6864            1.168        100.0
small_degree_03             1.094943    1732278       2544088  1.469           7101            1.205        100.0
small_degree_04             1.078698    1706715       2559571  1.500           6905            1.165        100.0
small_degree_05             1.085813    1717286       2517205  1.466           6876            1.189        100.0
small_degree_06             1.083152    1713059       2529078  1.476           6880            1.181        100.0
small_degree_07             1.057251    1672883       2516245  1.504           6853            1.186        100.0
small_degree_08             1.086271    1718061       2564251  1.493           7056            1.189        100.0
small_degree_09             1.081383    1711115       2565134  1.499           7014            1.182        100.0

submissions/polynomial/exp_of_formal_power_series/rogeryoungh.cpp
SHA-256: 2df1d607fb81650a60a76ed511bb72ecaf67e02b0ababff290442a1dd416e320
case                 task-clock (ms)     cycles  instructions    IPC  branch-misses  branch-miss (%)  running (%)
max (max_random_03)        97.582526          -             -      -              -                -            -
sum                      1150.790652          -             -      -              -                -            -
example_00                  0.876073    1383332       1901883  1.375           5974            1.405        100.0
max_all_zero_00            90.364239  144232654     272264340  1.888          17892            0.100        100.0
max_ans_zero_00            96.967808  154746185     300544140  1.942         150368            0.698        100.0
max_random_00              97.434771  155490508     300339221  1.932         150089            0.698        100.0
max_random_01              97.161649  155052146     300534249  1.938         150213            0.697        100.0
max_random_02              97.430740  155483222     300373206  1.932         150820            0.702        100.0
max_random_03              97.582526  155706962     300344449  1.929         150513            0.700        100.0
max_random_04              97.213492  155165693     300428951  1.936         149608            0.695        100.0
near_262144_00             46.955126   74922540     147386335  1.967          83921            0.746        100.0
near_262144_01             46.923474   74888480     147094958  1.964          84433            0.754        100.0
near_262144_02             56.164386   89639859     171558134  1.914          84365            0.664        100.0
random_00                  74.423202  118786273     229353030  1.931         118665            0.692        100.0
random_01                  91.094123  145397523     281076916  1.933         137935            0.685        100.0
random_02                   9.609850   15325152      31301964  2.043          24398            0.875        100.0
random_03                  85.055986  135721892     262865509  1.937         131254            0.691        100.0
random_04                  56.755477   90583920     173395593  1.914          88759            0.680        100.0
small_degree_00             0.846783    1336250       1924275  1.440           5897            1.359        100.0
small_degree_01             0.877851    1385486       1922659  1.388           5931            1.368        100.0
small_degree_02             0.869902    1373699       1923420  1.400           6071            1.400        100.0
small_degree_03             0.879992    1388780       1907251  1.373           5868            1.371        100.0
small_degree_04             0.873639    1379384       1923785  1.395           5930            1.365        100.0
small_degree_05             0.883669    1395774       1929138  1.382           5975            1.374        100.0
small_degree_06             0.884555    1396202       1915446  1.372           5964            1.387        100.0
small_degree_07             0.890478    1406168       1941608  1.381           6029            1.371        100.0
small_degree_08             0.869676    1372693       1943917  1.416           5776            1.308        100.0
small_degree_09             0.901185    1422561       1919765  1.350           6031            1.401        100.0

src/polynomial/exp_of_formal_power_series/main.cxx
SHA-256: f194ec88ec18b79ca0783cde52c5947507d02dbac50a0cf0148563e7b2c98c8b
case                 task-clock (ms)     cycles  instructions    IPC  branch-misses  branch-miss (%)  running (%)
max (max_random_04)        80.506745          -             -      -              -                -            -
sum                       965.003752          -             -      -              -                -            -
example_00                  0.852343    1344903       1770376  1.316           5617            1.424        100.0
max_all_zero_00             6.752449   10762398      26869941  2.497           7361            0.156        100.0
max_ans_zero_00            80.356130  128255752     318086455  2.480          77642            0.615        100.0
max_random_00              80.280429  128118694     318165064  2.483          78430            0.620        100.0
max_random_01              80.468381  128418127     318117850  2.477          78314            0.620        100.0
max_random_02              80.217799  128036080     318174394  2.485          78012            0.616        100.0
max_random_03              80.247772  128083708     318159722  2.484          78294            0.619        100.0
max_random_04              80.506745  128464192     318112176  2.476          78608            0.622        100.0
near_262144_00             39.905891   63685812     156719260  2.461          45190            0.667        100.0
near_262144_01             39.934629   63715412     156720895  2.460          46216            0.683        100.0
near_262144_02             71.894254  114722044     285955318  2.493          51863            0.553        100.0
random_00                  76.360407  121878424     303189235  2.488          65209            0.587        100.0
random_01                  79.219950  126413051     313119360  2.477          74344            0.613        100.0
random_02                   9.700804   15469926      36481705  2.358          17161            0.907        100.0
random_03                  77.702202  124019769     308602033  2.488          69786            0.597        100.0
random_04                  72.275109  115338765     288004483  2.497          53555            0.558        100.0
small_degree_00             0.849973    1341941       1800837  1.342           5572            1.368        100.0
small_degree_01             0.838250    1322535       1787230  1.351           5544            1.372        100.0
small_degree_02             0.826901    1304822       1763558  1.352           5439            1.384        100.0
small_degree_03             0.859137    1355767       1783841  1.316           5663            1.418        100.0
small_degree_04             0.841048    1327170       1769957  1.334           5606            1.422        100.0
small_degree_05             0.842879    1329729       1754914  1.320           5514            1.410        100.0
small_degree_06             0.825799    1301922       1804282  1.386           5565            1.365        100.0
small_degree_07             0.824543    1300822       1765698  1.357           5581            1.418        100.0
small_degree_08             0.804187    1267492       1778125  1.403           5500            1.381        100.0
small_degree_09             0.815741    1287497       1786379  1.387           5653            1.414        100.0
