case                 task-clock (ms)     cycles  instructions    IPC  branch-misses  branch-miss (%)  running (%)
max (max_random_02)       288.095040          -             -      -              -                -            -
sum                      1344.692544          -             -      -              -                -            -
example_00                  0.865662    1622708       1596465  0.984           5562            1.617        100.0
max_random_00             287.381773  544458614     513760615  0.944        2451671            4.465        100.0
max_random_01             287.057222  543884592     513739535  0.945        2451341            4.465        100.0
max_random_02             288.095040  545827948     513858704  0.941        2449602            4.467        100.0
random_00                 181.104737  343068231     352348742  1.027        1695056            4.460        100.0
random_01                 200.098067  379159171     383728923  1.012        1833691            4.489        100.0
random_02                  94.544737  179122094     211293246  1.180        1016840            4.295        100.0
small_00                    0.919958    1725403       1639410  0.950           5749            1.625        100.0
small_01                    0.878813    1648278       1643331  0.997           5859            1.653        100.0
small_02                    0.929517    1742780       1656644  0.951           5786            1.606        100.0
small_NQ_00                 0.909610    1706012       1829373  1.072           6638            1.790        100.0
small_NQ_01                 0.929377    1743855       1840974  1.056           6765            1.813        100.0
small_NQ_02                 0.978031    1835231       1867371  1.018           6925            1.816        100.0
