case                 task-clock (ms)     cycles  instructions    IPC  branch-misses  branch-miss (%)  running (%)
max (max_random_01)        65.751886          -             -      -              -                -            -
sum                       418.080023          -             -      -              -                -            -
example_00                  0.839107    1572309       1574745  1.002           5367            1.587        100.0
hack_00                     0.889074    1667153       1598845  0.959           5330            1.547        100.0
line_00                    47.796534   90467506     104797757  1.158          68227            0.595        100.0
max_random_00              64.798438  122606057      78930597  0.644         497530            5.092        100.0
max_random_01              65.751886  124428499      78935595  0.634         498368            5.100        100.0
random_00                  45.990240   86987758      61880709  0.711         388434            5.045        100.0
random_01                  58.512014  110725983      73164181  0.661         458954            5.063        100.0
random_02                   5.816548   11008284       9919947  0.901          59464            4.355        100.0
random_03                  51.776188   97957981      68159039  0.696         427560            5.042        100.0
random_04                  30.153202   57141330      44481474  0.778         277358            4.975        100.0
small_random_00             0.899363    1687389       1606093  0.952           5400            1.563        100.0
small_random_01             0.902402    1691463       1628589  0.963           5565            1.576        100.0
small_random_02             0.878628    1647723       1610418  0.977           5488            1.587        100.0
small_random_03             0.857013    1606402       1627116  1.013           5422            1.537        100.0
small_random_04             0.868861    1628466       1600165  0.983           5462            1.585        100.0
uni_00                     41.350525   78230196      79401998  1.015          69959            0.686        100.0
