case                 task-clock (ms)     cycles  instructions    IPC  branch-misses  branch-miss (%)  running (%)
max (max_random_00)       163.655909          -             -      -              -                -            -
sum                      1064.526293          -             -      -              -                -            -
example_00                  0.869716    1631046       1657101  1.016           5665            1.568        100.0
example_01                  0.894768    1677543       1601668  0.955           5399            1.570        100.0
example_02                  0.866438    1624351       1661235  1.023           5618            1.550        100.0
abnormal_random_00          2.130449    4020512       7044868  1.752          15297            2.060        100.0
abnormal_random_01          2.147556    4052459       6914434  1.706          15204            2.153        100.0
abnormal_random_02          2.155678    4068809       6978294  1.715          15496            2.115        100.0
abnormal_random_03          2.175273    4104290       7005415  1.707          14879            2.058        100.0
abnormal_random_04          2.131854    4022795       6861869  1.706          15328            2.219        100.0
max_random_00             163.655909  310174250     770369106  2.484         350835            0.709        100.0
max_random_01             163.512118  309915570     770366849  2.486         349277            0.706        100.0
max_random_02             162.962537  308860979     770399593  2.494         348914            0.705        100.0
max_random_03             163.067896  309060300     770398119  2.493         348244            0.704        100.0
max_random_04             163.148901  309197219     770440046  2.492         348786            0.705        100.0
random_00                  33.881218   64206795     157416689  2.452          89381            0.818        100.0
random_01                  26.992585   51148932     124785151  2.440          48409            0.597        100.0
random_02                  26.894499   50936726     125332586  2.461          88088            1.006        100.0
random_03                  76.134118  144301071     363394825  2.518         187728            0.764        100.0
random_04                  70.904780  134361606     326295264  2.428         138388            0.641        100.0
