case                task-clock (ms)     cycles  instructions    IPC  branch-misses  branch-miss (%)  running (%)
max (almost_t0_00)       324.916839          -             -      -              -                -            -
sum                     1753.868998          -             -      -              -                -            -
example_00                 0.874847    1640104       1599185  0.975           5512            1.599        100.0
almost_t0_00             324.916839  615840078     761841059  1.237       11952304           11.871        100.0
almost_t1_00             116.890899  221557370     313166730  1.413        3448212            8.702        100.0
max_random_00            230.683997  437198150     525472409  1.202        8189615           11.780        100.0
max_random_01            231.166937  438116476     526362181  1.201        8196681           11.771        100.0
max_random_02            231.403564  438577349     526974713  1.202        8199493           11.767        100.0
nq_01_00                   0.828481    1552022       1577070  1.016           5234            1.538        100.0
nq_01_01                   0.896797    1682035       1592127  0.947           5420            1.578        100.0
nq_01_02                   3.155717    5963829       9756348  1.636          84173            7.610        100.0
nq_01_03                   0.898306    1684453       1601122  0.951           5633            1.632        100.0
nq_01_04                   0.850239    1593673       1595272  1.001           5340            1.553        100.0
nq_01_05                   3.291003    6221107       8510962  1.368          79339            7.940        100.0
nq_01_06                   2.694811    5090071       7417183  1.457          20827            1.797        100.0
nq_01_07                   3.102776    5863261       8791677  1.499          24306            1.803        100.0
random_00                203.965783  386558360     470049356  1.216        7480067           12.074        100.0
random_01                144.861414  274529852     331204594  1.206        5138032           11.709        100.0
random_02                211.707467  401231266     485060073  1.209        7644254           11.944        100.0
small_random_00           16.928445   32071279      61037679  1.903         543247            8.926        100.0
small_random_01           10.302428   19509534      31495238  1.614         343153           10.417        100.0
small_random_02           14.448248   27369880      46086439  1.684         492770           10.685        100.0
