2026-10-01 lenovo / Intel(R) Core(TM) i5-10210U CPU @ 1.60GHz
Two complete passes; per binary/case minimum task-clock; all counters from that same run.
Cases: 25, including examples. Units: ms. No CPU pinning.
Compiler: g++ (GCC) 16.2.1 20260819 (Red Hat 16.2.1-2); rustc 1.98.1 (48a229cea 2026-09-01)
Build host: master; glibc 2.43
Environment: Linux 7.2.8-200.fc44.x86_64; affinity [0, 1, 2, 3]; stack 268435456 bytes; bench_env OK.
cxx_flags.txt: -std=c++23 -DEVAL -DONLINE_JUDGE -Iinclude -O3 -fwhole-program -fno-exceptions -fno-rtti -march=x86-64-v3 -fno-pie -no-pie -nostdlib++ -static -lm -s
cpp_flags.txt: -std=c++23 -DEVAL -DONLINE_JUDGE -Iac-library -include cassert -O3 -fwhole-program -fno-exceptions -fno-rtti -march=x86-64-v3 -fno-pie -no-pie -static -lgmp -s
rust_flags.txt: -C opt-level=3 -C codegen-units=1 -C lto=fat -C panic=abort -C target-cpu=x86-64-v3 -C target-feature=+crt-static -C relocation-model=static -C link-arg=-Wl,-u,__cxa_thread_atexit_impl -C strip=symbols

solution                                max (ms)       sum (ms)
Rohan_Kapri                               69.599174    1074.038722
Taiki0715                                 77.416336    1260.428406
chaihf                                    69.244862    1074.260110
toomer                                    79.208734    1249.812926
urectanc                                 104.927393    1361.756171
main                                      62.919824     961.244642

submissions/data_structure/point_set_range_frequency/Rohan_Kapri.cpp
SHA-256: fb5ee8179ccf2d7a556c571b4f509d5690de84d4bfe4c2db80655b96db88ad10
case             task-clock (ms)     cycles  instructions    IPC  branch-misses  branch-miss (%)  running (%)
max (max_06)           69.599174          -             -      -              -                -            -
sum                  1074.038722          -             -      -              -                -            -
example_00              1.019828    1613222       2394437  1.484           6549            1.188        100.0
many_query_0_00        49.951207   79605939     148676898  1.868         480067            1.978        100.0
many_query_0_01        56.107226   89437126     148296611  1.658         852450            3.520        100.0
many_query_0_02        58.094986   92621175     142949529  1.543         838940            3.559        100.0
many_query_0_03        64.476580  102865821     112409005  1.093         579520            2.963        100.0
many_query_1_00        43.040245   68606004     131876290  1.922         578297            2.606        100.0
many_query_1_01        47.541789   75790892     130907601  1.727         871172            3.907        100.0
many_query_1_02        51.405599   81959071     131122276  1.600         942414            4.220        100.0
many_query_1_03        59.632031   95128838     122348329  1.286        1065158            5.117        100.0
max_00                 48.800264   77774133     140523046  1.807         656213            2.820        100.0
max_01                 48.882181   77930806     140456944  1.802         732040            3.145        100.0
max_02                 51.011044   81328054     141689195  1.742         882046            3.735        100.0
max_03                 54.097254   86255555     139869206  1.622        1046517            4.492        100.0
max_04                 58.338425   93025946     140011657  1.505        1123184            4.816        100.0
max_05                 63.990758  102115804     141096882  1.382        1186237            5.050        100.0
max_06                 69.599174  110984457     126572826  1.140        1173827            5.444        100.0
max_07                 59.371928   94701497     114344154  1.207         759020            3.788        100.0
medium_00              26.293707   41897612      70477181  1.682         450215            3.587        100.0
medium_01              26.727908   42608453      68633380  1.611         528328            4.311        100.0
medium_02              26.472543   42199832      67751086  1.605         513685            4.225        100.0
medium_03              28.523083   45473823      68483987  1.506         619288            5.053        100.0
medium_04              29.419692   46825408      70167745  1.498         573861            4.567        100.0
small_n_00              7.233914   11531219      29363617  2.546           9106            0.144        100.0
small_n_01             21.988866   35043748      63141411  1.802         240501            2.090        100.0
small_n_02             22.018490   35091023      63259635  1.803         244121            2.120        100.0

submissions/data_structure/point_set_range_frequency/Taiki0715.cpp
SHA-256: c6ebf97a1c3400c43934b600559423a1cfabc46e2761210d148b26943cea7e4d
case             task-clock (ms)     cycles  instructions    IPC  branch-misses  branch-miss (%)  running (%)
max (max_06)           77.416336          -             -      -              -                -            -
sum                  1260.428406          -             -      -              -                -            -
example_00              0.870187    1374503       1911467  1.391           5886            1.366        100.0
many_query_0_00        56.183333   89585474     188994534  2.110         606006            1.987        100.0
many_query_0_01        62.921928  100342420     187435123  1.868        1059764            3.500        100.0
many_query_0_02        62.495868   99631038     175962027  1.766         990194            3.473        100.0
many_query_0_03        68.917299  109996385     151668193  1.379         607587            2.412        100.0
many_query_1_00        54.109731   86360476     201978328  2.339         614661            1.888        100.0
many_query_1_01        60.284404   96132101     198287813  2.063         985681            3.011        100.0
many_query_1_02        64.075165  102267882     198696919  1.943        1044910            3.196        100.0
many_query_1_03        71.410319  113975856     178636160  1.567        1087683            3.759        100.0
max_00                 59.344756   94715754     195932317  2.069         789744            2.506        100.0
max_01                 59.818860   95388120     195486579  2.049         910168            2.889        100.0
max_02                 62.140757   99095391     193657063  1.954        1103837            3.515        100.0
max_03                 66.289362  105717650     193744999  1.833        1315972            4.160        100.0
max_04                 70.029627  111772435     193881054  1.735        1370139            4.335        100.0
max_05                 75.005579  119698479     192808067  1.611        1395244            4.445        100.0
max_06                 77.416336  123563175     171124314  1.385        1219332            4.364        100.0
max_07                 66.262013  105758411     156471306  1.480         734596            2.826        100.0
medium_00              31.113343   49651481      95089334  1.915         595246            3.633        100.0
medium_01              32.586671   52003613      93087070  1.790         746658            4.653        100.0
medium_02              32.334697   51600855      90361229  1.751         766257            4.900        100.0
medium_03              33.258760   53076092      90580209  1.707         850093            5.525        100.0
medium_04              33.443386   53371251      91122636  1.707         807556            5.304        100.0
small_n_00             10.914505   17407308      58049069  3.335           7887            0.076        100.0
small_n_01             24.473143   39051866      82440397  2.111         339122            2.432        100.0
small_n_02             24.728377   39459431      82401959  2.088         355189            2.544        100.0

submissions/data_structure/point_set_range_frequency/chaihf.cpp
SHA-256: ed4b6e9226ccae9c382a0782a1a835c979ec0a52425635f2e90175f916cee3f3
case             task-clock (ms)     cycles  instructions    IPC  branch-misses  branch-miss (%)  running (%)
max (max_06)           69.244862          -             -      -              -                -            -
sum                  1074.260110          -             -      -              -                -            -
example_00              1.009441    1596393       2425905  1.520           6619            1.183        100.0
many_query_0_00        49.825341   79406546     148585188  1.871         478669            1.974        100.0
many_query_0_01        56.099738   89452179     148278604  1.658         852932            3.523        100.0
many_query_0_02        58.250465   92868484     142971258  1.540         839747            3.562        100.0
many_query_0_03        64.585406  103038323     112421974  1.091         580824            2.969        100.0
many_query_1_00        42.906008   68390903     131899984  1.929         578194            2.605        100.0
many_query_1_01        47.659906   75980780     130829439  1.722         871047            3.912        100.0
many_query_1_02        51.404613   82042034     131155511  1.599         943105            4.221        100.0
many_query_1_03        59.717857   95285200     122325284  1.284        1065042            5.117        100.0
max_00                 49.003628   78092940     140534419  1.800         655931            2.818        100.0
max_01                 48.972930   78057965     140478445  1.800         733518            3.151        100.0
max_02                 50.978689   81277482     141626972  1.743         882370            3.740        100.0
max_03                 54.137220   86306513     139895710  1.621        1047470            4.495        100.0
max_04                 58.219857   92790597     140065683  1.509        1122401            4.808        100.0
max_05                 64.098561  102259394     141097884  1.380        1187513            5.055        100.0
max_06                 69.244862  110435750     126574635  1.146        1173309            5.441        100.0
max_07                 59.586789   95059042     114315286  1.203         757827            3.786        100.0
medium_00              26.286058   41902808      70473312  1.682         450185            3.587        100.0
medium_01              26.723550   42599968      68636699  1.611         528726            4.314        100.0
medium_02              26.416926   42111460      67712558  1.608         512309            4.217        100.0
medium_03              28.614531   45562143      68551925  1.505         620326            5.052        100.0
medium_04              29.294673   46705442      70140355  1.502         573036            4.563        100.0
small_n_00              7.223503   11515012      29350428  2.549           9312            0.148        100.0
small_n_01             21.958791   34995693      62715864  1.792         239132            2.098        100.0
small_n_02             22.040767   35125618      63246330  1.801         243770            2.117        100.0

submissions/data_structure/point_set_range_frequency/toomer.rs
SHA-256: 56e9c8d4516fedfcef3a72236fd4c0331aa264c5d11edcb59e7bdc7319bd3bf4
case             task-clock (ms)     cycles  instructions    IPC  branch-misses  branch-miss (%)  running (%)
max (max_05)           79.208734          -             -      -              -                -            -
sum                  1249.812926          -             -      -              -                -            -
example_00              0.987930    1561496       2041165  1.307           7478            1.628        100.0
many_query_0_00        57.246017   91282197     183682425  2.012         541065            1.515        100.0
many_query_0_01        66.358496  105793735     183918627  1.738         986398            2.754        100.0
many_query_0_02        68.801952  109697288     176069880  1.605        1051744            3.094        100.0
many_query_0_03        49.500637   79003437     116546400  1.475         215225            1.087        100.0
many_query_1_00        52.887130   84302539     171831946  2.038         507858            1.523        100.0
many_query_1_01        59.557378   94953734     169467268  1.785         810224            2.468        100.0
many_query_1_02        64.221900  102502581     171395903  1.672         874239            2.632        100.0
many_query_1_03        69.872931  111410522     150327936  1.349         994715            3.582        100.0
max_00                 57.666411   91952063     177865910  1.934         555130            1.606        100.0
max_01                 59.517127   94907388     177682285  1.872         743699            2.154        100.0
max_02                 62.890514  100290906     176890570  1.764         929749            2.719        100.0
max_03                 67.012751  106872954     176640295  1.653        1104949            3.222        100.0
max_04                 72.441393  115604714     178451014  1.544        1189187            3.429        100.0
max_05                 79.208734  126407737     179511445  1.420        1223843            3.508        100.0
max_06                 73.157382  116690837     145448040  1.246        1148111            4.331        100.0
max_07                 59.201833   94488141     133121273  1.409         399760            1.800        100.0
medium_00              30.790442   49136132      79934022  1.627         408275            3.023        100.0
medium_01              31.449222   50187631      77968829  1.554         505485            3.904        100.0
medium_02              31.446890   50183713      76584883  1.526         484157            3.875        100.0
medium_03              32.601153   52007641      77849546  1.497         566359            4.380        100.0
medium_04              34.072611   54346615      79464169  1.462         599075            4.480        100.0
small_n_00             12.711568   20275729      35571701  1.754          10306            0.219        100.0
small_n_01             27.863558   44463727      73126874  1.645         273675            2.288        100.0
small_n_02             28.346966   45235891      73350561  1.622         303114            2.541        100.0

submissions/data_structure/point_set_range_frequency/urectanc.rs
SHA-256: b5e3113a4512eeb24c2f9920bb7e5fe7be929b78645fce9a3a7069262335645e
case             task-clock (ms)     cycles  instructions    IPC  branch-misses  branch-miss (%)  running (%)
max (max_07)          104.927393          -             -      -              -                -            -
sum                  1361.756171          -             -      -              -                -            -
example_00              1.117765    1768960       2296799  1.298           7294            1.412        100.0
many_query_0_00        57.687786   91959875     169509591  1.843         650241            1.784        100.0
many_query_0_01        64.663430  103104059     169009657  1.639        1099568            3.025        100.0
many_query_0_02        68.119849  108639071     169726261  1.562        1156361            3.168        100.0
many_query_0_03       102.393461  163333558     201612170  1.234        1190950            2.804        100.0
many_query_1_00        52.811284   84184659     169777233  2.017         586796            1.726        100.0
many_query_1_01        57.862221   92332493     167805428  1.817         900395            2.650        100.0
many_query_1_02        60.613795   96657179     167968422  1.738         961994            2.830        100.0
many_query_1_03        92.778903  147989621     200073380  1.352        1225482            3.061        100.0
max_00                 57.051587   90970114     169525750  1.864         671397            1.909        100.0
max_01                 58.743161   93670745     170281293  1.818         846095            2.393        100.0
max_02                 61.778643   98490833     172795496  1.754        1020384            2.847        100.0
max_03                 63.998231  102028018     168523995  1.652        1199163            3.409        100.0
max_04                 67.760894  108047620     168905491  1.563        1284280            3.644        100.0
max_05                 75.176661  119875502     170474881  1.422        1320574            3.715        100.0
max_06                101.916543  162561985     200565934  1.234        1401904            3.404        100.0
max_07                104.927393  167393178     232278847  1.388         952186            2.021        100.0
medium_00              28.170645   44954103      77963745  1.734         462614            2.953        100.0
medium_01              29.644463   47307072      76130777  1.609         631289            4.137        100.0
medium_02              29.316886   46783519      76084918  1.626         613893            4.045        100.0
medium_03              30.432346   48563496      76146186  1.568         691972            4.530        100.0
medium_04              31.486256   50235602      77955874  1.552         675717            4.316        100.0
small_n_00             16.905133   26970611      67809435  2.514          11081            0.083        100.0
small_n_01             22.993048   36687754      69263234  1.888         237067            1.677        100.0
small_n_02             23.405787   37348277      70310904  1.883         252712            1.765        100.0

src/data_structure/point_set_range_frequency/main.cxx
SHA-256: 4dccd457a8d2e6980af678cdcea92b940da4dc90579566cf250e4fa1e5df67e5
case             task-clock (ms)     cycles  instructions    IPC  branch-misses  branch-miss (%)  running (%)
max (max_06)           62.919824          -             -      -              -                -            -
sum                   961.244642          -             -      -              -                -            -
example_00              0.826632    1303843       1759511  1.349           5644            1.439        100.0
many_query_0_00        49.299232   78680471     159599049  2.028         157722            0.800        100.0
many_query_0_01        50.662142   80802174     159679403  1.976         263728            1.333        100.0
many_query_0_02        50.776163   81006892     151163728  1.866         246590            1.286        100.0
many_query_0_03        58.955707   94094492      96774474  1.028         407270            2.545        100.0
many_query_1_00        38.646423   61660565     131380187  2.131          60090            0.371        100.0
many_query_1_01        37.638929   60067570     127053350  2.115          67965            0.425        100.0
many_query_1_02        40.017902   63865594     127434479  1.995          74005            0.461        100.0
many_query_1_03        54.829543   87509313     114212399  1.305         426661            2.798        100.0
max_00                 46.611020   74389438     145869595  1.961         222746            1.237        100.0
max_01                 46.645532   74414477     146328521  1.966         308042            1.696        100.0
max_02                 48.583895   77539269     147053899  1.897         448709            2.433        100.0
max_03                 46.513733   74234648     143532101  1.933         360244            2.010        100.0
max_04                 48.906544   78054947     143487949  1.838         367935            2.057        100.0
max_05                 54.779731   87410999     144455899  1.653         426589            2.369        100.0
max_06                 62.919824  100405624     117107804  1.166         679744            4.060        100.0
max_07                 52.813496   84206257      94762924  1.125         480121            3.151        100.0
medium_00              22.314081   35604988      63959754  1.796         209901            2.299        100.0
medium_01              22.945322   36613501      63737811  1.741         284290            3.127        100.0
medium_02              24.215111   38639360      64538983  1.670         354859            3.817        100.0
medium_03              23.838834   38039415      63496225  1.669         334568            3.698        100.0
medium_04              24.230360   38663445      63688279  1.647         306944            3.378        100.0
small_n_00              9.805884   15637782      28657471  1.833           8415            0.214        100.0
small_n_01             22.008718   35118661      63301503  1.803         234868            2.607        100.0
small_n_02             22.459884   35838029      63944745  1.784         248215            2.712        100.0
