case                    task-clock (ms)      cycles  instructions    IPC  branch-misses  branch-miss (%)  running (%)
max (random_02)             1082.496888           -             -      -              -                -            -
sum                        20480.703076           -             -      -              -                -            -
example_00                     0.827133     1549375       1594861  1.029           5348            1.562        100.0
example_01                     0.808684     1515511       1638624  1.081           5334            1.496        100.0
all_same_00                  921.135870  1745575445    3627197820  2.078         139265            0.252        100.0
all_same_01                  918.309674  1740317829    3590826608  2.063         115624            0.244        100.0
all_same_02                  910.327863  1725211157    3564195684  2.066         101261            0.241        100.0
fft_killer_00                912.677726  1729682043    3564194383  2.061         102252            0.243        100.0
fft_killer_01                908.866656  1722446737    3564552666  2.069         104073            0.247        100.0
fft_killer_02                912.288826  1728907405    3564162378  2.062         104415            0.249        100.0
fft_killer_03                909.831398  1724300742    3564193479  2.067          99327            0.236        100.0
fft_killer_04                908.176141  1721171408    3564575381  2.071         103880            0.247        100.0
fft_killer_05                907.495099  1719816492    3564568961  2.073         105172            0.250        100.0
fft_killer_06                907.520765  1719877011    3564493410  2.073         109610            0.261        100.0
fft_killer_07                910.191482  1724982666    3564838306  2.067         102864            0.244        100.0
fft_killer_08                909.172947  1723014553    3564490813  2.069         105593            0.251        100.0
fft_killer_09                912.008309  1728342540    3564879934  2.063         101615            0.241        100.0
max_ans_zero_00              910.774827  1726021897    3571960249  2.069         154578            0.354        100.0
max_random_00                944.666453  1790264407    3645300193  2.036         236896            0.399        100.0
max_random_01                904.561567  1714284518    3565122728  2.080         150485            0.357        100.0
medium_00                      1.343736     2529434       3283209  1.298           7835            1.666        100.0
medium_01                      1.126559     2117218       2506019  1.184           6633            1.602        100.0
medium_02                      1.307268     2460437       3184882  1.294           7581            1.637        100.0
medium_all_zero_00             1.305189     2456306       3109048  1.266           6272            1.348        100.0
medium_all_zero_01             1.055861     1984346       2409329  1.214           5727            1.380        100.0
medium_all_zero_02             1.301149     2447909       3040482  1.242           6520            1.419        100.0
medium_pre_suf_zero_00         0.911546     1709926       1831544  1.071           5873            1.618        100.0
medium_pre_suf_zero_01         0.914169     1715166       1849077  1.078           6103            1.652        100.0
medium_pre_suf_zero_02         0.898260     1684186       1799732  1.069           5636            1.557        100.0
medium_pre_suf_zero_03         0.889317     1668291       1832687  1.099           5601            1.499        100.0
medium_pre_suf_zero_04         0.889378     1667938       1832508  1.099           5937            1.634        100.0
random_00                    417.844085   791756201    1644514911  2.077          78431            0.362        100.0
random_01                    447.151878   847368904    1755910001  2.072          89544            0.380        100.0
random_02                   1082.496888  2051464461    3851822021  1.878         938119            0.660        100.0
signed_overflow_00             0.861860     1616361       1638276  1.014           5600            1.586        100.0
small_00                       0.890642     1670351       1630016  0.976           5399            1.517        100.0
small_01                       0.855012     1602635       1644393  1.026           5530            1.547        100.0
small_02                       0.857689     1608314       1650657  1.026           5562            1.544        100.0
small_03                       0.850533     1594788       1640953  1.029           5478            1.535        100.0
small_04                       0.874467     1639539       1648856  1.006           5436            1.509        100.0
small_05                       0.844465     1582913       1630658  1.030           5500            1.557        100.0
small_06                       0.868406     1628976       1653517  1.015           5513            1.527        100.0
small_07                       0.838873     1572707       1644572  1.046           5496            1.537        100.0
small_08                       0.834748     1564471       1649611  1.054           5436            1.509        100.0
small_09                       0.845617     1585201       1640119  1.035           5376            1.507        100.0
small_10                       0.874330     1639572       1654291  1.009           5565            1.542        100.0
small_11                       0.842710     1580084       1644515  1.041           5461            1.528        100.0
small_12                       0.842343     1578582       1647906  1.044           5427            1.508        100.0
small_13                       0.840923     1576752       1639377  1.040           5400            1.514        100.0
small_14                       0.846392     1586968       1655867  1.043           5488            1.520        100.0
small_15                       0.850608     1595030       1644128  1.031           5504            1.540        100.0
small_and_large_00           889.481757  1685709863    3278080391  1.945         440636            0.552        100.0
small_and_large_01           947.485806  1795472884    3392111478  1.889         657242            0.627        100.0
small_and_large_02          1047.649256  1985327383    3605861398  1.816         924779            0.616        100.0
small_and_large_03          1011.623179  1917174418    3531436149  1.842         748275            0.564        100.0
unsigned_overflow_00           0.866757     1624440       1649135  1.015           5449            1.517        100.0
