case                                task-clock (ms)    cycles  instructions    IPC  branch-misses  branch-miss (%)  running (%)
max (irreducible_2_03)                    24.468107         -             -      -              -                -            -
sum                                      235.563831         -             -      -              -                -            -
example_00                                 0.907647   1703172       1585265  0.931           5276            1.543        100.0
example_01                                 0.925631   1736552       1653788  0.952           5628            1.569        100.0
example_02                                 0.911178   1708765       1638168  0.959           5664            1.608        100.0
example_03                                 0.903538   1694878       1661025  0.980           5796            1.611        100.0
all_linear_00                              0.933271   1750065       1726987  0.987           6264            1.726        100.0
all_linear_01                              1.036138   1946063       2041370  1.049           7343            1.825        100.0
all_linear_02                              1.058906   1989356       2296557  1.154           6888            1.636        100.0
all_linear_03                              0.936594   1757120       1844885  1.050           5781            1.490        100.0
all_linear_04                              0.910320   1707785       1708324  1.000           5930            1.630        100.0
constant_00                                0.841154   1578110       1599217  1.013           5382            1.561        100.0
irreducible_1_00                           1.203881   2264366       2865749  1.266           6864            1.390        100.0
irreducible_1_01                           4.307069   8147204      17033819  2.091          10973            0.766        100.0
irreducible_1_02                           4.263454   8063670      17018512  2.111          11609            0.812        100.0
irreducible_1_03                           1.221466   2296727       2862075  1.246           6789            1.376        100.0
irreducible_1_04                           4.290828   8115924      17026723  2.098          10846            0.756        100.0
irreducible_2_00                           9.050467  17137879      45901258  2.678          21375            0.668        100.0
irreducible_2_01                          13.036390  24693291      61997827  2.511          28085            0.658        100.0
irreducible_2_02                          17.555422  33259825      89864415  2.702          35235            0.591        100.0
irreducible_2_03                          24.468107  46339281     153249652  3.307          53662            0.560        100.0
irreducible_2_04                          17.561752  33272244      89879121  2.701          35552            0.596        100.0
irreducible_3_00                           7.783410  14736121      38611982  2.620          20311            0.755        100.0
irreducible_3_01                          11.763198  22279146      55144930  2.475          24595            0.648        100.0
irreducible_3_02                          11.793402  22336531      55151866  2.469          24930            0.657        100.0
irreducible_3_03                           9.870120  18692085      52031302  2.784          20874            0.595        100.0
irreducible_3_04                          11.794230  22338730      55119952  2.467          25021            0.659        100.0
large_p2_00                                1.400735   2637364       4112368  1.559          12355            1.940        100.0
large_p2_01                                1.462762   2755817       4633003  1.681          13617            1.992        100.0
large_p2_02                                1.462031   2753090       4581587  1.664          13026            1.905        100.0
multiplicity_multiple_of_p_00              0.893240   1675478       1617746  0.966           5344            1.532        100.0
multiplicity_multiple_of_p_01              0.893105   1674563       1655546  0.989           5717            1.596        100.0
multiplicity_multiple_of_p_02              0.909338   1705621       1638200  0.960           5848            1.663        100.0
multiplicity_multiple_of_p_03              0.914242   1714346       1672368  0.976           5848            1.618        100.0
multiplicity_multiple_of_p_04              0.936687   1757896       1651667  0.940           5633            1.572        100.0
random_coeff_00                            1.133489   2130965       2550146  1.197           7788            1.795        100.0
random_coeff_01                            1.015469   1906856       1998180  1.048           6988            1.802        100.0
random_coeff_02                            0.972163   1824482       1819299  0.997           6478            1.753        100.0
random_coeff_03                            1.410201   2654806       4040802  1.522          13040            2.083        100.0
random_coeff_04                            1.122934   2110532       2403099  1.139           7470            1.779        100.0
same_degree_00                             1.678484   3162945       5211517  1.648           8103            1.304        100.0
same_degree_01                             3.057845   5778055      12595939  2.180          13135            1.204        100.0
same_degree_02                             3.941425   7452864      17224507  2.311          15302            1.098        100.0
same_degree_03                             7.627618  14441138      31372854  2.172          18257            0.728        100.0
same_degree_04                             3.162597   5975275      12456052  2.085          14319            1.293        100.0
small_factors_00                           1.115827   2097289       2336915  1.114           7002            1.640        100.0
small_factors_01                           1.481804   2790453       3645791  1.307           8876            1.605        100.0
small_factors_02                           1.184100   2226946       2752275  1.236           7622            1.645        100.0
small_factors_03                           0.961914   1805915       1846823  1.023           6599            1.742        100.0
small_factors_04                           1.078159   2025442       2188145  1.080           6857            1.646        100.0
small_factors_05                           1.552005   2923927       4040935  1.382           8725            1.485        100.0
small_factors_06                           1.490488   2808187       3873240  1.379           8498            1.474        100.0
small_factors_07                           1.363326   2567237       3251862  1.267           8170            1.605        100.0
square_free_00                             1.728034   3258303       5263452  1.615           9329            1.495        100.0
square_free_01                             1.019334   1914085       1980601  1.035           7037            1.831        100.0
square_free_02                             0.904584   1696820       1737316  1.024           6203            1.692        100.0
square_free_03                             4.775202   9034274      19524632  2.161          14498            0.900        100.0
square_free_04                             1.398436   2633208       3950925  1.500           9341            1.756        100.0
square_free_consecutive_degrees_00         4.482453   8478844      18250252  2.152          13169            0.906        100.0
square_free_consecutive_degrees_01         3.532281   6677791      14186774  2.124          10511            0.884        100.0
square_free_consecutive_degrees_02         3.561992   6733893      14184628  2.106          11100            0.933        100.0
square_free_sparse_degrees_00              2.280751   4305176       7556065  1.755           9721            1.254        100.0
square_free_sparse_degrees_01              1.739007   3278584       5507924  1.680           8692            1.366        100.0
square_free_sparse_degrees_02              1.723185   3249189       5500381  1.693           8487            1.338        100.0
zero_derivative_00                         1.010132   1896343       1985644  1.047           7282            1.817        100.0
zero_derivative_01                         0.952966   1789029       1810808  1.012           6433            1.721        100.0
zero_derivative_02                         0.915700   1718132       1674129  0.974           5832            1.612        100.0
zero_derivative_03                         1.049694   1971371       2260971  1.147           8318            1.930        100.0
zero_derivative_04                         0.940519   1764365       1727897  0.979           6167            1.672        100.0
