case                   task-clock (ms)     cycles  instructions    IPC  branch-misses  branch-miss (%)  running (%)
max (near_prime_01)          56.914873          -             -      -              -                -            -
sum                         530.222447          -             -      -              -                -            -
example_00                    0.847640    1589289       1577704  0.993           5487            1.619        100.0
all_zero_00                   0.837641    1570222       1621728  1.033           5445            1.538        100.0
max_random_00                54.201215  102530435     202895006  1.979         240785            1.190        100.0
max_random_01                54.170087  102520936     202906706  1.979         240892            1.191        100.0
near_prime_00                54.663714  103406163     202861031  1.962         241067            1.192        100.0
near_prime_01                56.914873  107710737     203114434  1.886         241639            1.191        100.0
near_prime_02                56.687195  107322606     202913828  1.891         241017            1.191        100.0
near_prime_squared_00        55.279682  104613534     201716089  1.928         239347            1.190        100.0
near_prime_squared_01        53.748312  101733172     202029534  1.986         239679            1.187        100.0
near_prime_squared_02        55.437964  104907525     201757419  1.923         240816            1.196        100.0
random_00                    19.641897   37201838      79793750  2.145          99474            1.225        100.0
random_01                    24.186926   45830518      94565487  2.063         116208            1.212        100.0
random_02                    30.015577   56866615     117630802  2.069         143341            1.209        100.0
small_00                      0.850409    1594256       1619027  1.016           5338            1.509        100.0
small_01                      0.863089    1618321       1617540  1.000           5300            1.507        100.0
small_02                      0.862555    1617151       1630724  1.008           5447            1.531        100.0
small_03                      0.828790    1552763       1617184  1.041           5444            1.547        100.0
small_04                      0.868648    1628935       1627192  0.999           5496            1.547        100.0
small_05                      0.841086    1575859       1624158  1.031           5543            1.570        100.0
small_06                      0.841155    1575911       1630897  1.035           5495            1.544        100.0
small_07                      0.898931    1686972       1618078  0.959           5501            1.563        100.0
small_08                      0.840156    1574221       1628669  1.035           5523            1.553        100.0
small_09                      0.831108    1556509       1617502  1.039           5314            1.511        100.0
small_10                      0.837903    1569711       1626292  1.036           5439            1.532        100.0
small_11                      0.883383    1656631       1621139  0.979           5490            1.557        100.0
small_12                      0.825159    1546002       1590051  1.028           5410            1.585        100.0
small_13                      0.869091    1629588       1627783  0.999           5464            1.538        100.0
small_14                      0.817359    1531903       1596447  1.042           5415            1.583        100.0
small_15                      0.830902    1557105       1628796  1.046           5476            1.540        100.0
