2026-10-02 lenovo / Intel(R) Core(TM) i5-10210U CPU @ 1.60GHz
Two complete passes per binary; per case minimum task-clock; all counters from that same run.
Unchanged binaries reuse their recorded passes; each section identifies its measurement batch.
Cases: 72, including examples. Units: ms. No CPU pinning.
Compiler: g++ (GCC) 16.2.1 20260819 (Red Hat 16.2.1-2); rustc 1.98.1 (48a229cea 2026-09-01)
Build host: fedora; glibc 2.43
Environment: Linux 7.2.8-200.fc44.x86_64; affinity [0, 1, 2, 3]; stack 268435456 bytes; bench_env OK.
cxx_flags.txt: -std=c++23 -DEVAL -DONLINE_JUDGE -Iinclude -O3 -fwhole-program -fno-exceptions -fno-rtti -march=x86-64-v3 -fno-pie -no-pie -nostdlib++ -static -lm -s
cpp_flags.txt: -std=c++23 -DEVAL -DONLINE_JUDGE -Iac-library -include cassert -O3 -fwhole-program -fno-exceptions -fno-rtti -march=x86-64-v3 -fno-pie -no-pie -static -lgmp -s
rust_flags.txt: -C opt-level=3 -C codegen-units=1 -C lto=fat -C panic=abort -C target-cpu=x86-64-v3 -C target-feature=+crt-static -C relocation-model=static -C link-arg=-Wl,-u,__cxa_thread_atexit_impl -C strip=symbols

solution                                max (ms)       sum (ms)
Anonymous                                357.859832    8271.005830
Taiki0715                                433.453425   10786.213196
adamant                                  257.051947    7851.699759
tatano                                   425.893856    9654.699184
urectanc                                 373.615209   10504.720786
main                                     197.974841    3784.081447

submissions/string/aho_corasick/Anonymous.cpp
SHA-256: 311a4e43ff93255fd5e8e1e6b2551d647dc1d1f25767703a930191ce2fcf3aaa
Measured: bench/string-polish-20261002/first [Anonymous]
case              task-clock (ms)     cycles  instructions    IPC  branch-misses  branch-miss (%)  running (%)
max (random_19)        357.859832          -             -      -              -                -            -
sum                   8271.005830          -             -      -              -                -            -
example_00              23.457801   37430185      32098301  0.858           8522            0.125        100.0
example_01              23.042274   36765894      30768179  0.837           8111            0.125        100.0
example_02              22.960479   36635583      30758822  0.840           8298            0.127        100.0
example_03              23.034769   36754509      30767033  0.837           8115            0.125        100.0
almost_single_00       118.442627  189037118     295213912  1.562          22782            0.040        100.0
almost_single_01       116.550439  185929909     309270991  1.663          20316            0.035        100.0
almost_single_02       113.702584  181384182     291993442  1.610          24854            0.044        100.0
almost_single_03       106.804728  170390380     244153074  1.433          20315            0.044        100.0
almost_single_04       118.729222  189387924     292926230  1.547          20190            0.036        100.0
almost_single_05       118.778284  189467427     311530268  1.644          22356            0.038        100.0
almost_single_06       113.433562  180941375     298052866  1.647          36385            0.064        100.0
almost_single_07       100.173169  159806094     222921730  1.395          15361            0.037        100.0
bfs_00                  35.895999   57283855      47548851  0.830          12418            0.140        100.0
bfs_01                  57.329609   91499972      74857126  0.818         115205            0.819        100.0
bfs_02                  73.199779  116821065     102349305  0.876         263338            1.361        100.0
bfs_03                  64.640522  103170483     130074917  1.261         223306            0.912        100.0
fibonacci_00           130.112340  207594794     305256290  1.470          18465            0.032        100.0
fibonacci_01           127.253726  203022547     301495240  1.485          17678            0.031        100.0
fibonacci_02           125.973536  200958919     302383431  1.505          20536            0.036        100.0
fibonacci_03           136.545474  217849097     297125874  1.364          19924            0.036        100.0
fibonacci_04           128.445596  204908615     301440881  1.471          19141            0.034        100.0
fibonacci_05           127.850779  203957705     302124884  1.481          19788            0.035        100.0
fibonacci_06           125.174348  199715765     301135755  1.508          19157            0.034        100.0
fibonacci_07           137.385064  219176617     296882829  1.355          20148            0.036        100.0
fibonacci_08           129.434931  206515496     301053683  1.458          19397            0.034        100.0
fibonacci_09           128.419396  204865937     301738840  1.473          19401            0.034        100.0
fibonacci_10           124.941072  199325110     301835824  1.514          18334            0.032        100.0
fibonacci_11           136.253041  217398455     295408833  1.359          19603            0.035        100.0
fibonacci_12           128.862757  205570627     308888733  1.503          24078            0.041        100.0
fibonacci_13           126.920918  202461788     302266997  1.493          18204            0.032        100.0
fibonacci_14           124.853093  199159906     302034182  1.517          19359            0.034        100.0
fibonacci_15           137.770531  219804513     297759168  1.355          20844            0.037        100.0
random_00               64.292531  102614481     192600439  1.877          16494            0.040        100.0
random_01               64.494066  102923793     146056288  1.419         681253            2.221        100.0
random_02              204.077679  325703748     204150191  0.627        1003790            2.579        100.0
random_03              331.942106  529802040     249627130  0.471         730405            1.542        100.0
random_04              124.340895  198416670     282810547  1.425         291582            0.539        100.0
random_05              121.041716  193156578     279482325  1.447          66209            0.124        100.0
random_06              135.592266  216388319     303620351  1.403         941728            1.639        100.0
random_07              152.859427  243947221     308284516  1.264        1047969            1.793        100.0
random_08               71.363692  113901679     194741013  1.710         459082            1.101        100.0
random_09               59.131151   94374352     144843568  1.535         346483            1.145        100.0
random_10               92.468441  147546592     117578182  0.797         672802            2.981        100.0
random_11              354.044218  565077359     299069720  0.529        1089540            1.921        100.0
random_12              127.874038  204109156     285588724  1.399         534183            0.977        100.0
random_13              131.687478  210195475     290856000  1.384         816239            1.464        100.0
random_14              132.693442  211801446     288697778  1.363        1130943            2.052        100.0
random_15              148.148065  236437716     305510088  1.292         743790            1.288        100.0
random_16               63.996811  102129642     192559939  1.885          18591            0.045        100.0
random_17               64.864057  103514728     147917162  1.429         717924            2.325        100.0
random_18               40.848011   65177208      74381179  1.141         357024            2.459        100.0
random_19              357.859832  571188903     285168993  0.499         984074            1.820        100.0
random_20              119.729639  191004951     282536463  1.479          62163            0.115        100.0
random_21              126.891725  202526144     285129068  1.408         636288            1.167        100.0
random_22              133.587814  213189955     304352897  1.428        1028730            1.771        100.0
random_23              140.234007  223822134     308359340  1.378         684219            1.160        100.0
short_period_00        123.532158  197066661     302673418  1.536          19149            0.034        100.0
short_period_01         86.533685  138074618     183992963  1.333          14557            0.042        100.0
short_period_02        103.084748  164410334     239606021  1.457          16984            0.038        100.0
short_period_03         48.350748   77167047      71598271  0.928          10715            0.080        100.0
short_period_04        124.752789  198997677     305086963  1.533          19796            0.034        100.0
short_period_05        122.366498  195215301     303811711  1.556          18878            0.033        100.0
short_period_06         72.871993  116266521     141989542  1.221          12862            0.048        100.0
short_period_07         49.651064   79243565      74414502  0.939          10801            0.078        100.0
short_period_08        123.533293  197065316     302476954  1.535          17841            0.031        100.0
short_period_09        121.336824  193549989     301103574  1.556          19505            0.035        100.0
short_period_10         81.597897  130070752     174212743  1.339          14886            0.046        100.0
short_period_11         62.933533  100403382     113510938  1.131          11931            0.056        100.0
short_period_12        123.776184  197465371     303180977  1.535          17637            0.031        100.0
short_period_13        122.515146  195432492     302424112  1.547          19952            0.035        100.0
short_period_14        117.992402  188231010     299052654  1.589          19295            0.034        100.0
short_period_15        115.741312  184639477     251834248  1.364          16696            0.035        100.0

submissions/string/aho_corasick/Taiki0715.cpp
SHA-256: 7822b31082d5ff2c1abfe841fd25a3560e8c405c15a91b46e104b4e18c52bb74
Measured: bench/string-polish-20261002/first [Taiki0715]
case              task-clock (ms)     cycles  instructions    IPC  branch-misses  branch-miss (%)  running (%)
max (random_11)        433.453425          -             -      -              -                -            -
sum                  10786.213196          -             -      -              -                -            -
example_00               7.000073   11116128      13854744  1.246           7730            0.206        100.0
example_01               6.935936   11013214      13862807  1.259           7785            0.207        100.0
example_02               6.921296   10990780      13863839  1.261           7878            0.210        100.0
example_03               6.943839   11026128      13828324  1.254           7578            0.202        100.0
almost_single_00       176.911248  282267708     731414916  2.591          49420            0.032        100.0
almost_single_01       176.827766  282121744     757920637  2.687          43139            0.028        100.0
almost_single_02       170.796077  272496540     728557150  2.674          37992            0.025        100.0
almost_single_03       144.808574  230955175     590763348  2.558          30347            0.025        100.0
almost_single_04       177.478652  283161951     729382027  2.576          48211            0.031        100.0
almost_single_05       178.583616  284929220     758346809  2.662          43016            0.028        100.0
almost_single_06       167.496108  267253805     718390156  2.688          37001            0.025        100.0
almost_single_07       132.411916  211184149     535059400  2.534          27980            0.026        100.0
bfs_00                  22.897749   36480893      61224553  1.678          12407            0.103        100.0
bfs_01                  55.139424   87945580     105286705  1.197         209690            0.973        100.0
bfs_02                  79.303592  126501557     144031639  1.139         479435            1.597        100.0
bfs_03                  84.525802  134750755     177805115  1.320         646155            1.711        100.0
fibonacci_00           181.256723  289219220     746975166  2.583          46606            0.031        100.0
fibonacci_01           180.546043  288045061     750470062  2.605          42948            0.028        100.0
fibonacci_02           178.741889  285180824     748893521  2.626          37052            0.024        100.0
fibonacci_03           184.705391  294674458     735456150  2.496          39087            0.026        100.0
fibonacci_04           181.564950  289691630     747191451  2.579          46048            0.030        100.0
fibonacci_05           180.145313  287463896     749481786  2.607          39321            0.026        100.0
fibonacci_06           178.257886  284421785     746696256  2.625          39124            0.026        100.0
fibonacci_07           184.591127  294503908     730840336  2.482          38959            0.026        100.0
fibonacci_08           181.676731  289865391     747462301  2.579          43584            0.029        100.0
fibonacci_09           179.658696  286647219     749989065  2.616          42506            0.028        100.0
fibonacci_10           178.630995  285028508     748239947  2.625          40051            0.026        100.0
fibonacci_11           184.176166  293881172     729062066  2.481          36684            0.025        100.0
fibonacci_12           181.630523  289803230     747503680  2.579          43491            0.029        100.0
fibonacci_13           180.758058  288424501     750466979  2.602          41267            0.027        100.0
fibonacci_14           178.173587  284289995     748326732  2.632          43081            0.028        100.0
fibonacci_15           184.941549  295089093     732869488  2.484          37225            0.025        100.0
random_00               36.389307   58030293     156554928  2.698          10157            0.025        100.0
random_01               42.560813   67881150     127396284  1.877         676538            2.187        100.0
random_02              269.350162  429733104     385186293  0.896        1515323            1.902        100.0
random_03              358.481858  572073998     576497187  1.008         814277            0.695        100.0
random_04              184.032499  293631281     699710677  2.383         581919            0.400        100.0
random_05              169.931529  271119490     690609909  2.547         138944            0.097        100.0
random_06              193.105057  308183401     747805732  2.426         953731            0.624        100.0
random_07              205.244819  327570786     750639651  2.292        1027739            0.671        100.0
random_08               45.927761   73254829     163179094  2.228         378480            0.931        100.0
random_09               35.432864   56502878     124037193  2.195         343878            1.124        100.0
random_10               97.559521  155560762     175518752  1.128         964933            2.613        100.0
random_11              433.453425  691814736     705957270  1.020        1149589            0.795        100.0
random_12              194.273684  309970323     713271947  2.301         947395            0.633        100.0
random_13              193.092508  308102710     713919968  2.317        1182880            0.801        100.0
random_14              190.023433  303167091     711782405  2.348        1204872            0.821        100.0
random_15              200.630714  320186978     749291552  2.340         759508            0.498        100.0
random_16               36.584155   58340523     156555819  2.683          10235            0.026        100.0
random_17               43.726806   69743687     128730868  1.846         746628            2.391        100.0
random_18               28.549927   45515854      78932544  1.734         395332            2.279        100.0
random_19              423.675046  676184048     670776079  0.992        1050272            0.768        100.0
random_20              172.857129  275785238     691768748  2.508         127339            0.089        100.0
random_21              191.342450  305320721     710927643  2.328        1085293            0.730        100.0
random_22              193.295401  308405678     746840994  2.422        1008990            0.657        100.0
random_23              198.974410  317520537     750103656  2.362         660139            0.430        100.0
short_period_00        182.724213  291543314     751222358  2.577          44571            0.029        100.0
short_period_01        107.783281  171868758     429882092  2.501          27931            0.032        100.0
short_period_02        139.400443  222395463     582956711  2.621          32875            0.028        100.0
short_period_03         36.494666   58197612     124059436  2.132          12922            0.051        100.0
short_period_04        182.566507  291312663     751158262  2.579          44054            0.029        100.0
short_period_05        178.769884  285234143     750314589  2.631          42868            0.028        100.0
short_period_06         79.829611  127247643     315127246  2.476          21262            0.033        100.0
short_period_07         38.075491   60722075     131743102  2.170          13096            0.049        100.0
short_period_08        182.862319  291758565     751627644  2.576          46138            0.030        100.0
short_period_09        177.430259  283088155     750401616  2.651          38874            0.026        100.0
short_period_10         98.692224  157272435     403843632  2.568          26095            0.032        100.0
short_period_11         61.672482   98358784     238425468  2.424          17418            0.036        100.0
short_period_12        183.074472  292120862     752310520  2.575          51022            0.033        100.0
short_period_13        178.253633  284405144     749832335  2.636          40523            0.027        100.0
short_period_14        173.332067  276535763     741465763  2.681          40783            0.027        100.0
short_period_15        152.319071  243003002     613728673  2.526          32801            0.026        100.0

submissions/string/aho_corasick/adamant.cpp
SHA-256: 9b5e14c38a9424ac08da5985ce86b9fd63849f579e121fe8a76d182c4b7be235
Measured: bench/string-polish-20261002/first [adamant]
case              task-clock (ms)     cycles  instructions    IPC  branch-misses  branch-miss (%)  running (%)
max (random_19)        257.051947          -             -      -              -                -            -
sum                   7851.699759          -             -      -              -                -            -
example_00              41.780943   66619688      70346585  1.056          12161            0.079        100.0
example_01              41.769852   66581798      72276012  1.086          13641            0.086        100.0
example_02              41.590730   66334494      71927648  1.084          13735            0.087        100.0
example_03              41.097847   65530070      68823740  1.050          11509            0.076        100.0
almost_single_00       115.749660  184610417     336268700  1.822          38089            0.080        100.0
almost_single_01       112.221487  178969664     337830670  1.888          30549            0.064        100.0
almost_single_02       111.300163  177524891     332899813  1.875          36406            0.078        100.0
almost_single_03       101.983089  162651223     275030981  1.691          34188            0.086        100.0
almost_single_04       112.351843  179139588     335447538  1.873          37361            0.078        100.0
almost_single_05       114.890581  183215413     337687407  1.843          30571            0.064        100.0
almost_single_06       108.586334  173176121     323422443  1.868          30135            0.065        100.0
almost_single_07        97.248093  155068829     254608948  1.642          31494            0.085        100.0
bfs_00                  53.714560   85686225      86876297  1.014          16616            0.095        100.0
bfs_01                  66.930143  106782151     114226136  1.070         113595            0.537        100.0
bfs_02                  88.281602  140865916     150837400  1.071         251649            0.936        100.0
bfs_03                 106.020231  169064111     212356759  1.256         258156            0.704        100.0
fibonacci_00           117.969737  188153408     330810481  1.758          32724            0.071        100.0
fibonacci_01           113.660106  181250609     331153668  1.827          31918            0.069        100.0
fibonacci_02           114.549188  182654270     330465346  1.809          30718            0.067        100.0
fibonacci_03           123.125128  196375491     325958597  1.660          39784            0.088        100.0
fibonacci_04           118.090363  188320410     330530042  1.755          31532            0.069        100.0
fibonacci_05           115.870102  184802881     331144197  1.792          29819            0.065        100.0
fibonacci_06           113.550421  181100951     330003068  1.822          31534            0.069        100.0
fibonacci_07           123.472450  196904914     324777091  1.649          38705            0.086        100.0
fibonacci_08           118.465590  188943053     330804872  1.751          30010            0.065        100.0
fibonacci_09           114.934651  183286873     331031942  1.806          31888            0.069        100.0
fibonacci_10           113.392107  180845588     330229266  1.826          32276            0.070        100.0
fibonacci_11           123.536182  197012895     324212112  1.646          44602            0.099        100.0
fibonacci_12           116.462765  185736551     330823380  1.781          30093            0.065        100.0
fibonacci_13           114.300253  182296579     331006580  1.816          28946            0.063        100.0
fibonacci_14           113.093242  180386490     330654036  1.833          30046            0.065        100.0
fibonacci_15           123.422630  196834174     325445231  1.653          37763            0.083        100.0
random_00               83.323499  132949977     227502390  1.711          19385            0.053        100.0
random_01               79.689518  127133122     188537178  1.483         352627            1.059        100.0
random_02              186.779691  297969981     251866231  0.845         709322            1.794        100.0
random_03              221.203395  352917377     279326191  0.791         621019            1.523        100.0
random_04              118.134596  188416289     323661224  1.718         304172            0.678        100.0
random_05              110.767305  176658520     320895723  1.816          80617            0.183        100.0
random_06              127.801374  203839015     333742385  1.637         718624            1.533        100.0
random_07              137.562158  219405125     335780087  1.530         794381            1.673        100.0
random_08               83.691377  133537505     228077605  1.708          18899            0.051        100.0
random_09               79.547063  126904686     188557321  1.486         352614            1.057        100.0
random_10               94.839897  151249768     160445151  1.061         474488            1.704        100.0
random_11              247.664484  395173640     330558320  0.836         667145            1.410        100.0
random_12              124.247353  198191790     327225729  1.651         561859            1.232        100.0
random_13              121.906520  194438740     327608813  1.685         567738            1.239        100.0
random_14              122.923791  196050189     326967847  1.668         772629            1.691        100.0
random_15              135.495486  216112073     333706257  1.544         688875            1.469        100.0
random_16               83.253614  132839396     227472343  1.712          18480            0.050        100.0
random_17               79.644240  127060031     189534280  1.492         353226            1.052        100.0
random_18               58.208320   92841872     114741287  1.236         249403            1.132        100.0
random_19              257.051947  410038598     316019661  0.771         779891            1.714        100.0
random_20              112.571187  179534825     321291603  1.790          79361            0.179        100.0
random_21              122.428733  195258441     327153188  1.675         627125            1.375        100.0
random_22              121.416653  193646632     337279120  1.742         490901            1.018        100.0
random_23              123.680286  197286776     337939386  1.713         321639            0.664        100.0
short_period_00        118.507167  189027664     331158044  1.752          29347            0.064        100.0
short_period_01         89.781339  143175208     217944398  1.522          21237            0.065        100.0
short_period_02        100.786961  160713355     271391046  1.689          28635            0.073        100.0
short_period_03         61.129623   97523430     108589792  1.113          16628            0.084        100.0
short_period_04        118.322232  188674830     331177919  1.755          31501            0.068        100.0
short_period_05        114.665738  182879413     330733989  1.808          31096            0.068        100.0
short_period_06         77.803485  124037624     176844625  1.426          24486            0.088        100.0
short_period_07         61.982006   98866306     111659867  1.129          16169            0.080        100.0
short_period_08        118.406793  188850706     330968307  1.753          28743            0.062        100.0
short_period_09        113.652739  181280621     330557814  1.823          29755            0.065        100.0
short_period_10         85.381630  136150434     208548450  1.532          23329            0.074        100.0
short_period_11         70.786773  112839997     149278025  1.323          25388            0.103        100.0
short_period_12        118.431655  188878698     331044732  1.753          26756            0.058        100.0
short_period_13        114.786234  183050152     331209276  1.809          30269            0.066        100.0
short_period_14        111.100996  177207898     327559656  1.848          31252            0.069        100.0
short_period_15        108.929828  173723951     282306719  1.625          33795            0.084        100.0

submissions/string/aho_corasick/tatano.cpp
SHA-256: 0f16e59b0c0d7b6c984d3ea45839507c9725d6809f51c1865f9c04b6529411ea
Measured: bench/string-polish-20261002/first [tatano]
case              task-clock (ms)     cycles  instructions    IPC  branch-misses  branch-miss (%)  running (%)
max (random_11)        425.893856          -             -      -              -                -            -
sum                   9654.699184          -             -      -              -                -            -
example_00               0.993513    1569453       2466015  1.571           6570            1.146        100.0
example_01               1.017355    1609180       2459917  1.529           6697            1.177        100.0
example_02               0.982252    1552350       2457592  1.583           6701            1.179        100.0
example_03               1.006500    1591151       2478504  1.558           6520            1.130        100.0
almost_single_00       149.952818  239243679     366889144  1.534          60342            0.103        100.0
almost_single_01       166.411827  265493535     440335691  1.659          60945            0.090        100.0
almost_single_02       149.771249  238952591     371772881  1.556          61168            0.103        100.0
almost_single_03       137.012115  218580775     345696477  1.582          49528            0.092        100.0
almost_single_04       152.367088  243082749     373295242  1.536          67629            0.112        100.0
almost_single_05       167.400137  267052909     440248765  1.649          60711            0.089        100.0
almost_single_06       157.806119  251786125     418760894  1.663          56224            0.087        100.0
almost_single_07       124.073841  197931618     312233964  1.577          41739            0.086        100.0
bfs_00                  10.203845   16273008      23147427  1.422           9717            0.249        100.0
bfs_01                  28.607612   45608553      56287178  1.234         116971            1.271        100.0
bfs_02                  52.798055   84223029      90718429  1.077         233941            1.588        100.0
bfs_03                  62.378507   99474665     136644387  1.374         213786            0.983        100.0
fibonacci_00           173.776866  277266084     432240283  1.559          60866            0.091        100.0
fibonacci_01           171.659422  273874114     440234816  1.607          54430            0.080        100.0
fibonacci_02           171.930971  274325386     441563599  1.610          59683            0.087        100.0
fibonacci_03           176.044178  280917039     431953367  1.538          51103            0.077        100.0
fibonacci_04           174.194255  277894261     432091190  1.555          67147            0.101        100.0
fibonacci_05           172.279163  274874844     438184940  1.594          63388            0.094        100.0
fibonacci_06           169.665953  270699919     437902041  1.618          60708            0.090        100.0
fibonacci_07           172.879450  275822056     429435816  1.557          57168            0.086        100.0
fibonacci_08           173.353383  276594654     431509220  1.560          61264            0.092        100.0
fibonacci_09           171.829554  274161218     438347640  1.599          62688            0.093        100.0
fibonacci_10           170.455178  271926047     438999357  1.614          62287            0.092        100.0
fibonacci_11           172.382942  275072291     428624928  1.558          60855            0.092        100.0
fibonacci_12           171.947382  274349580     432776822  1.577          61965            0.092        100.0
fibonacci_13           171.842574  274170786     438518113  1.599          64268            0.095        100.0
fibonacci_14           170.535533  272084116     438846352  1.613          62503            0.092        100.0
fibonacci_15           176.779848  282045833     433642861  1.537          60528            0.090        100.0
random_00               14.613097   23312431      73117340  3.136           7953            0.057        100.0
random_01               22.295081   35574038      63656806  1.789         677139            5.946        100.0
random_02              232.018321  370238656     247775943  0.669         800657            2.041        100.0
random_03              343.017190  547383039     341980292  0.625         253462            0.477        100.0
random_04              151.946220  242430863     369887172  1.526          64567            0.108        100.0
random_05              149.783934  238958053     367463709  1.538          67008            0.114        100.0
random_06              163.964452  261583856     429439910  1.642         328321            0.493        100.0
random_07              172.480783  275202825     435004032  1.581         332235            0.493        100.0
random_08               21.524109   34344078      87393748  2.545         389273            2.518        100.0
random_09               17.072629   27238474      56244864  2.065         343538            3.235        100.0
random_10               71.985563  114810393     106563878  0.928         531678            3.097        100.0
random_11              425.893856  679728590     415969488  0.612         555585            0.862        100.0
random_12              151.671599  241978903     367927443  1.520          65135            0.110        100.0
random_13              152.649042  243554747     385388382  1.582         331668            0.543        100.0
random_14              154.115280  245870334     390573926  1.589         522910            0.848        100.0
random_15              172.770605  275655417     440047664  1.596         150539            0.221        100.0
random_16               14.586473   23269958      73031394  3.138           7825            0.056        100.0
random_17               24.735829   39470212      74337737  1.883         715437            5.664        100.0
random_18               11.827296   18864055      37216384  1.973         309163            4.906        100.0
random_19              405.830475  647694857     399510044  0.617         358861            0.578        100.0
random_20              153.085690  244222841     367685008  1.506          61737            0.105        100.0
random_21              149.223534  238103833     372019522  1.562         106387            0.178        100.0
random_22              161.886093  258260316     420852511  1.630         610390            0.929        100.0
random_23              174.540802  278497075     432804607  1.554         387490            0.578        100.0
short_period_00        171.195737  273133388     438861267  1.607          66531            0.098        100.0
short_period_01        101.720590  162275958     246472595  1.519          41670            0.109        100.0
short_period_02        132.724913  211728509     339291847  1.602          47103            0.089        100.0
short_period_03         28.668774   45748853      59434721  1.299          14123            0.147        100.0
short_period_04        171.976455  274358198     441558244  1.609          67165            0.098        100.0
short_period_05        166.525903  265692019     438122758  1.649          61032            0.090        100.0
short_period_06         74.408642  118660790     177328536  1.494          31726            0.114        100.0
short_period_07         31.176809   49752958      64079376  1.288          12952            0.126        100.0
short_period_08        171.185189  273116902     438141985  1.604          68463            0.101        100.0
short_period_09        166.816038  266169168     438262242  1.647          60774            0.090        100.0
short_period_10         94.103846  149994265     231280557  1.542          37211            0.103        100.0
short_period_11         57.403843   91508826     129945106  1.420          23026            0.113        100.0
short_period_12        172.422204  275104192     441108053  1.603          62591            0.092        100.0
short_period_13        168.278919  268465996     440990734  1.643          62621            0.092        100.0
short_period_14        164.682033  262711699     434320168  1.653          54737            0.082        100.0
short_period_15        143.551851  229031176     359080030  1.568          50308            0.090        100.0

submissions/string/aho_corasick/urectanc.rs
SHA-256: 85338c7322742edc73e25ef3554c88794701cc3543888c3a09e1897def45bd1b
Measured: bench/string-polish-20261002/first [urectanc]
case              task-clock (ms)     cycles  instructions    IPC  branch-misses  branch-miss (%)  running (%)
max (random_11)        373.615209          -             -      -              -                -            -
sum                  10504.720786          -             -      -              -                -            -
example_00               1.102559    1743467       2322575  1.332           7168            1.371        100.0
example_01               1.080173    1708746       2342305  1.371           7050            1.327        100.0
example_02               1.066162    1686282       2320541  1.376           7137            1.366        100.0
example_03               1.064401    1683248       2344838  1.393           7212            1.357        100.0
almost_single_00       162.875639  259955338     781680488  3.007          45269            0.030        100.0
almost_single_01       166.671889  265931446     789719767  2.970          44162            0.029        100.0
almost_single_02       163.433583  260827650     781478452  2.996          44750            0.029        100.0
almost_single_03       140.492348  224127978     609293097  2.719          40897            0.035        100.0
almost_single_04       163.759489  261262824     770703272  2.950          45994            0.031        100.0
almost_single_05       167.966736  267995238     789697123  2.947          44579            0.029        100.0
almost_single_06       161.360159  257547124     765604425  2.973          45168            0.031        100.0
almost_single_07       125.977050  201062120     548561650  2.728          34429            0.033        100.0
bfs_00                  12.485053   19913426      33320278  1.673          18530            0.260        100.0
bfs_01                  45.399633   72456894     112174802  1.548         264074            1.125        100.0
bfs_02                  79.741123  127242569     190952907  1.501         541635            1.361        100.0
bfs_03                 100.593792  160358538     282074017  1.759         553703            0.947        100.0
fibonacci_00           168.261575  268465501     779085843  2.902          51351            0.034        100.0
fibonacci_01           168.543210  268942702     778792335  2.896          46833            0.031        100.0
fibonacci_02           169.431266  270304226     779504432  2.884          46165            0.031        100.0
fibonacci_03           186.838996  298214941     784954109  2.632          45111            0.030        100.0
fibonacci_04           167.751630  267652495     778209686  2.908          43675            0.029        100.0
fibonacci_05           168.462939  268753572     778660682  2.897          43611            0.029        100.0
fibonacci_06           170.474733  271979924     779081631  2.864          47632            0.032        100.0
fibonacci_07           183.946228  293547992     762625328  2.598          48558            0.033        100.0
fibonacci_08           168.275386  268516394     778325679  2.899          47792            0.032        100.0
fibonacci_09           168.759282  269259689     778719042  2.892          45758            0.031        100.0
fibonacci_10           170.178870  271517411     778314105  2.867          48465            0.033        100.0
fibonacci_11           184.586890  294610577     760789360  2.582          44895            0.031        100.0
fibonacci_12           166.008593  264871275     778612549  2.940          44845            0.030        100.0
fibonacci_13           168.841088  269418645     779019556  2.891          44676            0.030        100.0
fibonacci_14           169.804610  270911104     779025801  2.876          47268            0.032        100.0
fibonacci_15           184.068460  293771312     764273573  2.602          47777            0.033        100.0
random_00              122.737855  195824955     585547327  2.990          24653            0.018        100.0
random_01               99.389273  158553178     402698758  2.540        1025159            1.093        100.0
random_02              255.487727  407604486     473631486  1.162        1443851            1.529        100.0
random_03              325.689655  519806648     630056229  1.212         738414            0.606        100.0
random_04              167.285951  266957125     755760468  2.831         307882            0.210        100.0
random_05              162.780342  259731249     751966767  2.895          87245            0.060        100.0
random_06              181.620451  289864275     784900670  2.708         763467            0.506        100.0
random_07              199.398114  318236469     787990458  2.476         810822            0.535        100.0
random_08              122.012182  194650186     585486770  3.008          26825            0.020        100.0
random_09               99.364392  158494143     402119067  2.537        1026679            1.097        100.0
random_10              101.229878  161464461     239194644  1.481        1080778            2.156        100.0
random_11              373.615209  596275587     753968474  1.264         912089            0.627        100.0
random_12              173.539587  276950350     764744706  2.761         564345            0.380        100.0
random_13              173.080592  276252751     762115468  2.759         818129            0.554        100.0
random_14              174.177563  277996370     761129577  2.738         977949            0.663        100.0
random_15              196.897028  314233137     784449554  2.496         679294            0.451        100.0
random_16              121.783786  194269097     584825801  3.010          30313            0.022        100.0
random_17               99.136117  158148602     403124713  2.549        1026190            1.094        100.0
random_18               37.514758   59869776     135169541  2.258         622175            2.019        100.0
random_19              372.675003  594623261     717955638  1.207         923606            0.667        100.0
random_20              162.433032  259188914     751867847  2.901          86791            0.059        100.0
random_21              174.170234  277984009     763953685  2.748         680161            0.459        100.0
random_22              176.320560  281414232     779809424  2.771         687415            0.457        100.0
random_23              187.958628  299985161     778871915  2.596         434068            0.289        100.0
short_period_00        167.796976  267783495     778706959  2.908          47352            0.032        100.0
short_period_01         96.220729  153495041     433250472  2.823          27419            0.033        100.0
short_period_02        130.438781  208118455     598526413  2.876          35581            0.031        100.0
short_period_03         27.205134   43412940     103043369  2.374          13395            0.066        100.0
short_period_04        168.346183  268587300     778725783  2.899          46599            0.031        100.0
short_period_05        167.466803  267207108     778646845  2.914          43707            0.029        100.0
short_period_06         70.627288  112624401     310423346  2.756          24153            0.040        100.0
short_period_07         29.080064   46405948     111454481  2.402          13601            0.062        100.0
short_period_08        167.781999  267710234     779008577  2.910          42527            0.029        100.0
short_period_09        167.722736  267593008     778975343  2.911          47818            0.032        100.0
short_period_10         90.450928  144286667     405944672  2.813          27024            0.035        100.0
short_period_11         53.903016   86030222     227441645  2.644          19327            0.044        100.0
short_period_12        167.910939  267892774     778976283  2.908          52578            0.035        100.0
short_period_13        167.720705  267598350     778984862  2.911          43544            0.029        100.0
short_period_14        165.763350  264563142     770728983  2.913          45446            0.031        100.0
short_period_15        146.683693  234089502     633965905  2.708          39025            0.032        100.0

src/string/aho_corasick/main.cxx
SHA-256: 559913e7dda1811e60afc3c7d6c778272dccbc846c8be1afae669ba662d8f1e9
Measured: bench/string-polish-20261002/first [main]
case              task-clock (ms)     cycles  instructions    IPC  branch-misses  branch-miss (%)  running (%)
max (random_19)        197.974841          -             -      -              -                -            -
sum                   3784.081447          -             -      -              -                -            -
example_00               0.841870    1327076       1874557  1.413           6135            1.454        100.0
example_01               0.860573    1357996       1865407  1.374           6374            1.526        100.0
example_02               0.869653    1372481       1867877  1.361           6389            1.529        100.0
example_03               0.859435    1356443       1859083  1.371           6433            1.545        100.0
almost_single_00        57.130984   91182196     246790079  2.707          17779            0.050        100.0
almost_single_01        54.395223   86798688     271777813  3.131          20581            0.056        100.0
almost_single_02        51.658426   82392306     247896359  3.009          39426            0.110        100.0
almost_single_03        47.775197   76248336     211161678  2.769          15255            0.055        100.0
almost_single_04        54.953151   87678658     242867448  2.770          22308            0.062        100.0
almost_single_05        56.755131   90581919     271861918  3.001          21060            0.057        100.0
almost_single_06        52.474473   83736886     258225576  3.084          19970            0.057        100.0
almost_single_07        44.157772   70474572     191169952  2.713          16622            0.066        100.0
bfs_00                  11.432999   18235187      23626524  1.296           9872            0.278        100.0
bfs_01                  24.711945   39432604      45645972  1.158         139325            2.040        100.0
bfs_02                  33.094711   52813392      67803590  1.284         292078            2.904        100.0
bfs_03                  42.629834   68034919      99851356  1.468         502672            3.392        100.0
fibonacci_00            61.037833   97381449     264164555  2.713          17939            0.052        100.0
fibonacci_01            54.467016   86930851     265602849  3.055          20293            0.058        100.0
fibonacci_02            55.019964   87812073     265391374  3.022          18220            0.052        100.0
fibonacci_03            60.513030   96565242     262003271  2.713          18806            0.055        100.0
fibonacci_04            60.490460   96545652     264178466  2.736          20920            0.060        100.0
fibonacci_05            55.056818   87855427     265475592  3.022          16282            0.047        100.0
fibonacci_06            55.207850   88112461     265395441  3.012          18018            0.052        100.0
fibonacci_07            60.298634   96209422     260292299  2.705          16198            0.047        100.0
fibonacci_08            60.948866   97277478     264113409  2.715          20487            0.059        100.0
fibonacci_09            55.518530   88609606     265480193  2.996          25827            0.074        100.0
fibonacci_10            54.517438   86993861     265399246  3.051          16928            0.049        100.0
fibonacci_11            60.321145   96258334     259654769  2.697          17861            0.052        100.0
fibonacci_12            60.659040   96797417     264292798  2.730          23391            0.067        100.0
fibonacci_13            56.185253   89636904     266065845  2.968          26010            0.074        100.0
fibonacci_14            54.772524   87417119     265476783  3.037          20535            0.059        100.0
fibonacci_15            60.284258   96198941     261038360  2.714          16977            0.049        100.0
random_00               21.852605   34867897      74691317  2.142           8054            0.064        100.0
random_01               20.840903   33252665      57643887  1.734         352446            3.658        100.0
random_02              100.475685  160355294     160685423  1.002         821098            3.605        100.0
random_03              158.655976  253213415     211991403  0.837         604521            2.109        100.0
random_04               56.898249   90810597     230029060  2.533         284070            0.866        100.0
random_05               52.672538   84049528     226477269  2.695          64158            0.200        100.0
random_06               70.241606  112083644     266800420  2.380         741669            2.061        100.0
random_07               82.056524  130953856     270492437  2.066         804923            2.194        100.0
random_08               21.873305   34900842      74707099  2.141           8457            0.067        100.0
random_09               20.752473   33112195      57634121  1.741         351739            3.651        100.0
random_10               38.388795   61264258      76717601  1.252         572811            5.053        100.0
random_11              195.639831  312212030     259975669  0.833         752824            2.114        100.0
random_12               63.378819  101138780     236490214  2.338         545094            1.608        100.0
random_13               64.881732  103555463     239723366  2.315         799878            2.365        100.0
random_14               65.687551  104841175     240268746  2.292         953500            2.825        100.0
random_15               77.642831  123896685     268831876  2.170         657297            1.825        100.0
random_16               21.864814   34887057      74630583  2.139           8618            0.068        100.0
random_17               20.798650   33185974      57723241  1.739         352689            3.656        100.0
random_18               10.141058   16172280      33230935  2.055         184883            3.499        100.0
random_19              197.974841  315953794     247258838  0.783         782469            2.323        100.0
random_20               52.854206   84355382     226501613  2.685          61740            0.193        100.0
random_21               61.919072   98808540     236772271  2.396         625620            1.850        100.0
random_22               65.953512  105247456     263764579  2.506         662834            1.811        100.0
random_23               68.404938  109179851     265814222  2.435         408738            1.112        100.0
short_period_00         61.244943   97750004     265551957  2.717          21026            0.060        100.0
short_period_01         38.227937   60991444     153416073  2.515          14800            0.073        100.0
short_period_02         44.451090   70941891     207095355  2.919          12062            0.044        100.0
short_period_03         15.673046   25004027      46520589  1.861          10224            0.155        100.0
short_period_04         61.078959   97459456     265521162  2.724          25668            0.074        100.0
short_period_05         55.394456   88410563     265419480  3.002          24843            0.071        100.0
short_period_06         27.676797   44150495     113550938  2.572          11774            0.077        100.0
short_period_07         16.122286   25708465      49248114  1.916           9231            0.133        100.0
short_period_08         61.219594   97681917     265579710  2.719          22685            0.065        100.0
short_period_09         56.015726   89384998     265518964  2.971          20344            0.058        100.0
short_period_10         33.388830   53282368     144691181  2.716          18729            0.097        100.0
short_period_11         22.724912   36260971      86837198  2.395          11334            0.096        100.0
short_period_12         61.349307   97915983     265618260  2.713          24703            0.071        100.0
short_period_13         54.542738   87051057     265457567  3.049          26762            0.077        100.0
short_period_14         53.176851   84871442     263056004  3.099          17615            0.051        100.0
short_period_15         50.043425   79868014     218717351  2.738          14274            0.050        100.0
