case                task-clock (ms)     cycles  instructions    IPC  branch-misses  branch-miss (%)  running (%)
max (all_twice_00)       134.269092          -             -      -              -                -            -
sum                      887.250584          -             -      -              -                -            -
example_00                 0.886147    1661839       1611284  0.970           5356            1.529        100.0
example_01                 0.888411    1666413       1593560  0.956           5312            1.553        100.0
all_intersect_00          58.165583  110167688     193288255  1.754          29342            0.121        100.0
all_twice_00             134.269092  254250459     526182856  2.070         941255            1.587        100.0
max_random_00            131.623104  249348388     442222453  1.774        1809245            3.538        100.0
max_random_01            130.992999  248174446     443348678  1.786        1810427            3.531        100.0
max_random_02            131.663959  249345183     442210708  1.773        1809451            3.538        100.0
no_output_00              61.442921  116376817     191783049  1.648         421387            1.762        100.0
random_00                 88.094404  166791330     298052720  1.787        1253424            3.612        100.0
random_01                 95.641915  181126998     326564180  1.803        1352995            3.576        100.0
random_02                 51.826271   98224720     173920240  1.771         784721            3.864        100.0
small_00                   0.863214    1618419       1606844  0.993           5375            1.546        100.0
small_01                   0.892564    1673954       1615218  0.965           5465            1.571        100.0
