case                 task-clock (ms)    cycles  instructions    IPC  branch-misses  branch-miss (%)  running (%)
max (max_random_01)        20.277733         -             -      -              -                -            -
sum                       194.780486         -             -      -              -                -            -
example_00                  0.835451   1565957       1582597  1.011           5238            1.535        100.0
example_01                  0.872143   1634738       1588690  0.972           5365            1.565        100.0
large_max_00               17.446848  33055103      49083093  1.485         369930            7.157        100.0
large_max_01               17.506535  33166897      49129997  1.481         370175            7.158        100.0
large_min_00               15.674276  29693878      44474502  1.498         498543           10.625        100.0
large_min_01               15.724366  29787836      44517617  1.494         496446           10.584        100.0
large_triangle_00          15.793156  29859663      49424783  1.655         235608            4.578        100.0
large_triangle_01          15.943048  30203855      49235663  1.630         251192            4.889        100.0
max_random_00              20.255532  38379582      58800703  1.532         335890            5.663        100.0
max_random_01              20.277733  38420875      58812600  1.531         335983            5.664        100.0
max_random_02              20.202243  38278835      58810551  1.536         336015            5.665        100.0
random_00                  13.680325  25914458      35366078  1.365         416796           10.977        100.0
random_01                  16.054107  30414438      41703983  1.371         493201           11.114        100.0
random_02                   2.728894   5155976       6290992  1.220          62263            7.471        100.0
small_00                    0.907011   1701031       1601779  0.942           5324            1.542        100.0
small_01                    0.878818   1648026       1599617  0.971           5355            1.551        100.0
