case                 task-clock (ms)    cycles  instructions    IPC  branch-misses  branch-miss (%)  running (%)
max (gen_tree_2_00)        48.923096         -             -      -              -                -            -
sum                       292.948702         -             -      -              -                -            -
example_00                  0.884677   1658837       1601784  0.966           5463            1.581        100.0
example_01                  0.901236   1689634       1613709  0.955           5465            1.571        100.0
gen_tree_00                37.674438  71364326      58232685  0.816         499773            6.271        100.0
gen_tree_01                37.961429  71884042      59918967  0.834         465544            5.819        100.0
gen_tree_02                37.541277  71146133      58205709  0.818         497848            6.251        100.0
gen_tree_2_00              48.923096  92721293      68991178  0.744         629383            6.746        100.0
gen_tree_2_01              48.520008  91941986      68975742  0.750         631087            6.774        100.0
gen_tree_2_02              48.794820  92465760      68941421  0.746         623636            6.685        100.0
random_00                   5.693365  10773745      12538525  1.164           9468            0.437        100.0
random_01                  13.606940  25775596      28449835  1.104          12220            0.324        100.0
random_02                   3.741059   7073602       8088214  1.143           7941            0.625        100.0
random_03                   7.387895  13928612      16155205  1.160           9969            0.363        100.0
random_04                   1.318462   2481344       2650222  1.068           6410            1.204        100.0
