case                              task-clock (ms)     cycles  instructions    IPC  branch-misses  branch-miss (%)  running (%)
max (typical_tree_max_degree_00)       252.752935          -             -      -              -                -            -
sum                                   3701.682011          -             -      -              -                -            -
example_00                               0.884778    1659016       1625260  0.980           5529            1.566        100.0
example_01                               0.866411    1624166       1628774  1.003           5549            1.576        100.0
n_hundreds_00                            1.003857    1884839       1874180  0.994           7952            2.124        100.0
n_hundreds_01                            0.974528    1829400       1847987  1.010           8025            2.169        100.0
tiny_00                                  0.877341    1645670       1633214  0.992           5449            1.536        100.0
tiny_01                                  0.884707    1658672       1611994  0.972           5568            1.604        100.0
typical_tree_max_00                    251.061165  475733926     555171462  1.167         472479            1.625        100.0
typical_tree_max_01                     85.393255  161702724     174656859  1.080         132721            0.826        100.0
typical_tree_max_02                    230.614256  436915323     545756415  1.249        2445105            7.431        100.0
typical_tree_max_03                    215.225625  407809854     528463684  1.296         729285            2.579        100.0
typical_tree_max_04                    221.682777  420017405     528876630  1.259         777324            2.767        100.0
typical_tree_max_05                    148.454460  281218984     335306495  1.192         595355            2.779        100.0
typical_tree_max_06                    179.278372  339649649     400575094  1.179         719107            3.012        100.0
typical_tree_max_07                    241.235456  457097544     548347134  1.200         517701            1.803        100.0
typical_tree_max_08                    171.544541  324988825     382130655  1.176        1543041            6.285        100.0
typical_tree_max_09                    112.261600  212624915     192162528  0.904        1017101            6.099        100.0
typical_tree_max_degree_00             252.752935  478763657     554816089  1.159         477755            1.650        100.0
typical_tree_max_degree_01              79.603476  150715379     171386912  1.137         182699            1.157        100.0
typical_tree_max_degree_02             229.593399  434987001     543058319  1.248        2433881            7.463        100.0
typical_tree_max_degree_03             220.186446  417170002     528267058  1.266         734825            2.606        100.0
typical_tree_max_degree_04             219.323358  415485732     527131005  1.269         779586            2.790        100.0
typical_tree_max_degree_05             143.056900  270971019     333234406  1.230         637012            2.967        100.0
typical_tree_max_degree_06             175.009686  331440323     398731105  1.203         739500            3.137        100.0
typical_tree_max_degree_07             242.412959  459316752     548094987  1.193         515204            1.801        100.0
typical_tree_max_degree_08             169.117557  320327709     379573770  1.185        1541453            6.279        100.0
typical_tree_max_degree_09             108.382166  205315083     189427094  0.923        1021526            6.180        100.0
