case          task-clock (ms)    cycles  instructions    IPC  branch-misses  branch-miss (%)  running (%)
max (max_03)        46.915954         -             -      -              -                -            -
sum                473.586362         -             -      -              -                -            -
example_00           0.818948   1533883       1591425  1.038           5268            1.542        100.0
example_01           0.847749   1588586       1605962  1.011           5454            1.576        100.0
example_02           0.884897   1659798       1589357  0.958           5372            1.575        100.0
lowrank_00          15.139384  28623776      39222379  1.370          24582            0.410        100.0
lowrank_01          20.910023  39594330      55178486  1.394          95961            1.020        100.0
lowrank_02          13.101830  24763346      27147353  1.096          12655            0.283        100.0
lowrank_03          31.043385  58769299     106617644  1.814          57900            0.322        100.0
lowrank_04          23.837047  45036779      70248539  1.560          29729            0.268        100.0
lowrank_05          30.786095  58223603     100251889  1.722          44643            0.269        100.0
lowrank_06          13.873151  26224068      36264821  1.383          17315            0.313        100.0
lowrank_07          32.440531  61323166     131807278  2.149          42401            0.175        100.0
lowrank_08          14.694416  27780627      40271205  1.450          34993            0.563        100.0
lowrank_09          34.620685  65607807      92701668  1.413         185341            0.855        100.0
max_00              11.796986  22287809      22637394  1.016          10555            0.288        100.0
max_01              11.807268  22308443      22313232  1.000           9806            0.274        100.0
max_02              13.283160  25105914      24855820  0.990          10959            0.270        100.0
max_03              46.915954  88785190     153982064  1.734          63787            0.245        100.0
max_04              44.902329  84939780     151688390  1.786          66109            0.258        100.0
max_05              45.660025  86418912     152862419  1.769          58000            0.225        100.0
max_06               0.873669   1638161       1606299  0.981           5281            1.517        100.0
max_07               0.854332   1601573       1608316  1.004           5420            1.556        100.0
max_08               0.861829   1615809       1602517  0.992           5358            1.557        100.0
random_00           15.007484  28372120      39634177  1.397          18082            0.294        100.0
random_01            1.021408   1918272       1878557  0.979           6027            1.490        100.0
random_02           12.325721  23290530      26037106  1.118          14265            0.332        100.0
random_03            6.725665  12730972      22045177  1.732          22171            0.599        100.0
random_04            4.390876   8248274      17454058  2.116          21472            0.622        100.0
random_05            7.848437  14859696      24899281  1.676          22468            0.545        100.0
random_06            9.357368  17718551      26508824  1.496          18978            0.450        100.0
random_07            2.536346   4789139       8119033  1.695          12827            0.886        100.0
zero_00              0.878976   1648426       1604770  0.974           5262            1.507        100.0
zero_01              0.892735   1674135       1586995  0.948           5322            1.563        100.0
zero_02              0.901906   1690577       1656068  0.980           5780            1.604        100.0
zero_03              0.878203   1647383       1590396  0.965           5375            1.575        100.0
zero_04              0.867544   1626240       1630472  1.003           5365            1.513        100.0
