case                         task-clock (ms)     cycles  instructions    IPC  branch-misses  branch-miss (%)  running (%)
max (max_minus_1_random_04)       263.709946          -             -      -              -                -            -
sum                              2845.125156          -             -      -              -                -            -
example_00                          0.859787    1612003       1590850  0.987           5513            1.599        100.0
max_minus_1_random_00             263.090754  498632837     679401233  1.363        6136871            6.550        100.0
max_minus_1_random_01             263.429733  499255007     679447533  1.361        6152075            6.565        100.0
max_minus_1_random_02             263.325834  499015799     679467824  1.362        6143896            6.556        100.0
max_minus_1_random_03             263.365976  499144093     679522100  1.361        6152585            6.565        100.0
max_minus_1_random_04             263.709946  499704326     679471191  1.360        6147844            6.561        100.0
max_random_00                      84.475580  160111786     426568165  2.664        1425754            2.918        100.0
max_random_01                      84.356643  159860968     426600475  2.669        1422352            2.911        100.0
max_random_02                      84.546996  160221489     426505531  2.662        1424686            2.917        100.0
max_random_03                      83.651910  158514013     426577937  2.691        1424661            2.916        100.0
max_random_04                      84.251400  159673790     426488350  2.671        1423356            2.914        100.0
nmk_all_00                        191.120332  362106531     404542432  1.117        3759434            5.389        100.0
random_00                         182.799443  346455629     384010783  1.108        3661766            5.577        100.0
random_01                         183.246978  347284789     384825872  1.108        3660204            5.564        100.0
random_02                         182.843506  346531291     384398248  1.109        3661255            5.574        100.0
random_03                         183.048549  346915665     384734147  1.109        3665009            5.575        100.0
random_04                         183.001789  346850154     384353758  1.108        3662721            5.574        100.0
