case             task-clock (ms)     cycles  instructions    IPC  branch-misses  branch-miss (%)  running (%)
max (threes_00)       321.999499          -             -      -              -                -            -
sum                  1158.324223          -             -      -              -                -            -
example_00              0.860810    1613328       1570797  0.974           5322            1.578        100.0
example_01              0.876634    1644330       1618913  0.985           5538            1.573        100.0
example_02              0.815935    1529285       1577641  1.032           5333            1.574        100.0
dim1_00                19.106697   36200419      78753254  2.175          70248            1.220        100.0
dim1_01                19.253995   36479533      78796276  2.160          70588            1.221        100.0
dim2_00                53.431794  101151298     198233259  1.960          73589            0.547        100.0
dim2_01                53.714103  101654108     199415320  1.962          78711            0.579        100.0
k0_00                   0.858216    1608017       1589344  0.988           5114            1.478        100.0
k0_01                   0.858316    1608757       1608269  1.000           5376            1.536        100.0
max_random_00         155.823327  295234539     581866168  1.971          74642            0.222        100.0
max_random_01         158.063094  299500635     587013759  1.960          81950            0.239        100.0
small_00                1.022963    1920502       2125442  1.107           6202            1.647        100.0
small_01                1.127821    2119452       2406131  1.135           6310            1.589        100.0
threes_00             321.999499  610098661    1261027213  2.067         176288            0.244        100.0
threes_01             297.542026  563734701    1155414774  2.050         158997            0.240        100.0
twos_00                51.498139   97339839     244769938  2.515          81681            0.366        100.0
twos_01                21.470854   40567487     114290343  2.817          46576            0.435        100.0
