case                 task-clock (ms)    cycles  instructions    IPC  branch-misses  branch-miss (%)  running (%)
max (max_random_00)        10.695259         -             -      -              -                -            -
sum                       108.665433         -             -      -              -                -            -
example_00                  0.861301   1615194       1585326  0.982           5378            1.564        100.0
max_random_00              10.695259  20256121      19553776  0.965         305519           12.611        100.0
max_random_01              10.540389  19962295      19542862  0.979         284488           11.784        100.0
max_random_02               8.633990  16348114      18692615  1.143         249117           10.738        100.0
path_00                     5.947296  11255785      19684555  1.749          10463            0.447        100.0
path_01                     5.703495  10793154      19730201  1.828          10320            0.415        100.0
path_02                     6.171320  11680254      20104587  1.721          10404            0.462        100.0
path_03                     6.249174  11828071      20678632  1.748          10005            0.378        100.0
random_00                   7.561959  14316761      14904418  1.041         195938           10.437        100.0
random_01                   7.237711  13701492      14931233  1.090         173148            9.152        100.0
random_02                   6.166887  11672398      12203867  1.046         188103           11.985        100.0
random_03                   2.397656   4528481       4587280  1.013          21848            2.883        100.0
random_04                   4.096206   7747507       9740169  1.257          98821            7.720        100.0
random_05                   6.866359  12997742      13861552  1.066         207960           11.822        100.0
random_06                   5.336436  10098167      11637712  1.152          96837            6.275        100.0
random_07                   1.553861   2927002       2996151  1.024          12771            2.360        100.0
random_08                   2.395294   4523135       5642461  1.247          47831            5.861        100.0
random_09                  10.250840  19412663      19061625  0.982         307434           13.003        100.0
