case               task-clock (ms)     cycles  instructions    IPC  branch-misses  branch-miss (%)  running (%)
max (n_max_02)           55.459200          -             -      -              -                -            -
sum                     686.663077          -             -      -              -                -            -
example_00                0.849287    1592152       1608589  1.010           5490            1.583        100.0
example_01                0.859587    1611717       1608748  0.998           5425            1.565        100.0
example_02                0.867455    1626021       1610906  0.991           5454            1.571        100.0
example_03                0.850171    1593454       1604820  1.007           5411            1.564        100.0
max_random_00            23.132352   43831892      91498565  2.087          73560            1.055        100.0
max_random_01            31.612006   59887068     124769129  2.083         114687            1.149        100.0
max_random_02            53.252783  100898339     212992488  2.111          83481            0.616        100.0
max_random_03            48.368581   91650159     191979949  2.095          71126            0.587        100.0
max_random_04            31.751125   60169409     124431432  2.068          60078            0.705        100.0
n_max_00                 39.428295   74722235     154339272  2.066         117839            1.003        100.0
n_max_01                 31.608742   59883028     124587707  2.081         123782            1.209        100.0
n_max_02                 55.459200  105083298     221729097  2.110          83961            0.599        100.0
n_max_03                 35.196352   66700054     137874904  2.067         121693            1.110        100.0
n_max_04                 52.465898   99390148     203330862  2.046         109836            0.768        100.0
q0_equals_zero_00         0.862717    1616731       1590037  0.983           5306            1.548        100.0
q0_equals_zero_01         7.838210   14840431      32083172  2.162           8644            0.153        100.0
q0_equals_zero_02        14.539288   27543874      62834048  2.281         117504            1.731        100.0
small_00                  0.875092    1640956       1594259  0.972           5166            1.506        100.0
small_01                  0.897132    1681574       1610016  0.957           5477            1.579        100.0
small_02                  0.864990    1622063       1608029  0.991           5414            1.564        100.0
small_03                  0.892419    1673360       1604325  0.959           5393            1.559        100.0
small_04                  0.845912    1584962       1618193  1.021           5284            1.511        100.0
small_05                  0.894296    1677746       1616375  0.963           5488            1.579        100.0
small_06                  0.861259    1615193       1606818  0.995           5485            1.584        100.0
small_07                  0.864303    1620377       1603072  0.989           5385            1.554        100.0
small_08                  0.875702    1642382       1621706  0.987           5580            1.603        100.0
small_09                  0.836141    1566755       1607601  1.026           5427            1.567        100.0
u_eq_0_00                11.641347   22049222      49239391  2.233          95411            1.751        100.0
v_eq_0_00                21.865101   41430768      82438499  1.990          73262            1.123        100.0
v_eq_0_01                29.552394   55984177     109833825  1.962         115295            1.251        100.0
v_random_00              22.527304   42669165      85747004  2.010          73686            1.096        100.0
v_random_01              30.305933   57431150     115313195  2.008         114624            1.205        100.0
v_random_02              53.151135  100705635     210038651  2.086          84000            0.626        100.0
v_random_03              48.427102   91707469     192002364  2.094          71128            0.584        100.0
v_random_04              31.543466   59776147     121916556  2.040          60341            0.716        100.0
