case                  task-clock (ms)     cycles  instructions    IPC  branch-misses  branch-miss (%)  running (%)
max (almost_line_00)       325.207132          -             -      -              -                -            -
sum                       1517.928829          -             -      -              -                -            -
example_00                   0.884175    1657311       1630636  0.984           5420            1.524        100.0
almost_line_00             325.207132  616339563     507253056  0.823        4705530           12.685        100.0
almost_line_01             323.893225  613856051     507193439  0.826        4694807           12.657        100.0
issue_1216_00               41.658070   78832415     115480689  1.465          37610            0.272        100.0
max_random_00              154.797901  293395009     253408405  0.864        2414188            9.414        100.0
max_random_01              149.888169  284054222     244325857  0.860        2274252            9.086        100.0
max_random_02              153.940034  291751978     250704268  0.859        2406556            9.453        100.0
random_00                  101.140517  191612083     174312440  0.910        1687475            9.517        100.0
random_01                  106.470579  201806189     182633360  0.905        1735217            9.287        100.0
random_02                   68.133580  129099375     123097155  0.954        1318391           10.984        100.0
random_03                   44.006738   83378759      72930670  0.875         448443            5.013        100.0
random_04                   44.741955   84760327      88986267  1.050        1024194           12.263        100.0
small_00                     1.074781    2019108       1966333  0.974           9318            2.395        100.0
small_01                     0.982321    1843725       1778413  0.965           8227            2.275        100.0
small_02                     1.109652    2085616       1823524  0.874           9335            2.565        100.0
