case                      task-clock (ms)    cycles  instructions    IPC  branch-misses  branch-miss (%)  running (%)
max (max_random_walk_02)        29.558685         -             -      -              -                -            -
sum                            332.797828         -             -      -              -                -            -
example_00                       0.891500   1672495       1609895  0.963           5439            1.561        100.0
example_01                       0.891746   1672211       1612100  0.964           5474            1.554        100.0
euler_tour_00                   22.337315  42326944      47697620  1.127          83622            1.595        100.0
euler_tour_01                   22.603338  42812849      47530669  1.110          99054            1.902        100.0
euler_tour_02                   22.361979  42372261      47046771  1.110         102579            2.010        100.0
euler_tour_03                   21.901189  41482503      46829253  1.129          87620            1.735        100.0
many_same_vertex_00             23.669693  44851985      52664157  1.174          16584            0.264        100.0
many_same_vertex_01             23.516003  44560616      52614233  1.181          16450            0.262        100.0
many_same_vertex_02             23.861575  45215030      52616588  1.164          16686            0.267        100.0
max_random_00                    4.632118   8762496      15619149  1.782           8750            0.795        100.0
max_random_01                    4.717055   8924026      15717537  1.761           9371            0.831        100.0
max_random_02                    6.317592  11957635      16864951  1.410          10788            0.792        100.0
max_random_walk_00              14.714239  27874490      43074056  1.545          12460            0.270        100.0
max_random_walk_01              16.544629  31344827      43202354  1.378          14030            0.302        100.0
max_random_walk_02              29.558685  56014553      52581826  0.939          17015            0.272        100.0
mid_random_00                    4.391537   8306513      14055237  1.692           7734            0.766        100.0
mid_random_01                    4.351731   8230643      14022741  1.704           7458            0.748        100.0
mid_random_02                    4.291804   8117735      13999971  1.725           7508            0.773        100.0
mid_random_walk_00              10.741829  20343848      36835160  1.811          53335            1.436        100.0
mid_random_walk_01              10.753991  20366666      36797320  1.807          57356            1.555        100.0
mid_random_walk_02              10.403027  19700385      36413684  1.848          57007            1.567        100.0
small_random_00                  5.463848  10339620      17468448  1.689          24825            1.508        100.0
small_random_01                  5.575560  10550598      17841904  1.691          25431            1.495        100.0
small_random_02                  5.477400  10365107      17526616  1.691          25510            1.540        100.0
small_random_walk_00            10.945394  20730680      39857357  1.923          67740            1.405        100.0
small_random_walk_01            10.933069  20706520      39954334  1.930          68234            1.409        100.0
small_random_walk_02            10.949982  20738156      39965815  1.927          68543            1.414        100.0
