case                  task-clock (ms)    cycles  instructions    IPC  branch-misses  branch-miss (%)  running (%)
max (small_dense_02)        41.980393         -             -      -              -                -            -
sum                        311.748595         -             -      -              -                -            -
example_00                   0.899638   1675001       1601760  0.956           5747            1.657        100.0
example_01                   0.889236   1668014       1600504  0.960           5365            1.549        100.0
max_random_00               19.220678  36418672      59727778  1.640          13324            0.152        100.0
max_random_01               19.329395  36623614      59764219  1.632          14207            0.162        100.0
max_random_02               19.266838  36491904      59766150  1.638          13673            0.155        100.0
max_random_03               19.231414  36438665      59717210  1.639          12611            0.143        100.0
max_random_04               19.157045  36273916      59721355  1.646          13237            0.151        100.0
min_K_00                     3.418190   6460976       9796053  1.516           7141            0.446        100.0
min_K_01                     3.811544   7206997      11268892  1.564           7382            0.405        100.0
random_00                    3.422503   6469986       9850242  1.522           7243            0.447        100.0
random_01                    9.492283  17975452      28811618  1.603           9454            0.219        100.0
random_02                   11.695887  22153895      35495043  1.602          10376            0.196        100.0
random_03                    8.890223  16834655      26888309  1.597           9199            0.227        100.0
random_04                   15.572563  29503310      48292400  1.637          11416            0.160        100.0
small_N_00                   0.870981   1633536       1634054  1.000           5553            1.558        100.0
small_N_01                   0.838296   1571556       1601268  1.019           5204            1.501        100.0
small_N_02                   0.851056   1595328       1627812  1.020           5440            1.530        100.0
small_N_03                   0.841169   1576728       1605278  1.018           5474            1.576        100.0
small_N_04                   0.870120   1631658       1622521  0.994           5445            1.537        100.0
small_dense_00              34.457672  65224020     168810390  2.588          13263            0.074        100.0
small_dense_01              36.711938  69560506     189852688  2.729          13557            0.068        100.0
small_dense_02              41.980393  79541771     231868425  2.915          13239            0.056        100.0
small_dense_03               6.895044  13035794      21986075  1.687           8965            0.261        100.0
small_dense_04              33.134489  62771077     147850008  2.355          13319            0.084        100.0
