2026-10-01 lenovo / Intel(R) Core(TM) i5-10210U CPU @ 1.60GHz
Two complete passes; per binary/case minimum task-clock; all counters from that same run.
Cases: 26, including examples. Units: ms. No CPU pinning.
Compiler: g++ (GCC) 16.2.1 20260819 (Red Hat 16.2.1-2); rustc 1.98.1 (48a229cea 2026-09-01)
Build host: master; glibc 2.43
Environment: Linux 7.2.8-200.fc44.x86_64; affinity [0, 1, 2, 3]; stack 268435456 bytes; bench_env OK.
cxx_flags.txt: -std=c++23 -DEVAL -DONLINE_JUDGE -Iinclude -O3 -fwhole-program -fno-exceptions -fno-rtti -march=x86-64-v3 -fno-pie -no-pie -nostdlib++ -static -lm -s
cpp_flags.txt: -std=c++23 -DEVAL -DONLINE_JUDGE -Iac-library -include cassert -O3 -fwhole-program -fno-exceptions -fno-rtti -march=x86-64-v3 -fno-pie -no-pie -static -lgmp -s
rust_flags.txt: -C opt-level=3 -C codegen-units=1 -C lto=fat -C panic=abort -C target-cpu=x86-64-v3 -C target-feature=+crt-static -C relocation-model=static -C link-arg=-Wl,-u,__cxa_thread_atexit_impl -C strip=symbols

solution                                max (ms)       sum (ms)
Anonymous                                 75.419149    1280.460458
Rohan_Kapri                              418.589367    4266.323066
adamant                                  894.524662    9939.519431
grishared                                490.794479    6474.046155
qazwsx233343                             252.115874    3698.576463
main                                      65.828661     960.202441

submissions/big_integer/division_of_big_integers/Anonymous.cpp
SHA-256: 6643be77149f923e908bc101808eb0e3d5284e56c0788e63f03270c7a3f42059
case                       task-clock (ms)     cycles  instructions    IPC  branch-misses  branch-miss (%)  running (%)
max (r_nearly_zero_01)           75.419149          -             -      -              -                -            -
sum                            1280.460458          -             -      -              -                -            -
example_00                        1.434933    2275758       2692530  1.183           7816            1.273        100.0
a_max_b_random_00                37.012568   58968827     129367552  2.194          23462            0.409        100.0
a_max_b_random_01                50.833919   81088074     165775135  2.044          27417            0.376        100.0
a_max_b_random_02                53.358045   85075555     160864083  1.891          25868            0.355        100.0
burnikel_ziegler_bound_00        59.780057   95395603     224527816  2.354          97138            0.726        100.0
burnikel_ziegler_bound_01        54.639298   87205522     212743771  2.440          75518            0.616        100.0
burnikel_ziegler_bound_02        69.889617  111548417     242316054  2.172         114974            0.808        100.0
burnikel_ziegler_bound_03        58.284495   93024515     210750369  2.266          85266            0.763        100.0
large_00                         51.435406   82078697     182818349  2.227          43475            0.489        100.0
large_01                         56.253124   89782234     211934480  2.361          50075            0.499        100.0
length_ratio_integer_00          71.024549  113259446     220531192  1.947          33123            0.335        100.0
length_ratio_integer_01          65.217384  104073893     217710354  2.092          33498            0.349        100.0
length_ratio_integer_02          72.950068  116434880     250833037  2.154          36186            0.342        100.0
length_ratio_integer_03          66.277292  105743960     236343926  2.235          35910            0.360        100.0
length_ratio_integer_04          59.372365   94760812     220034625  2.322          34255            0.367        100.0
length_ratio_integer_05          63.497544  101345873     248714300  2.454          40847            0.394        100.0
max_00                            4.131415    6581699      16497416  2.507           7769            0.259        100.0
max_01                           12.400154   19779128      15530967  0.785           7969            0.412        100.0
max_02                            4.448864    7088446      15666186  2.210           7873            0.372        100.0
medium_00                        44.479687   70988361      85220160  1.200        1028932            6.296        100.0
medium_01                        56.663728   90408918     147052910  1.627         608636            5.113        100.0
medium_02                        56.953206   90882123     197383854  2.172         111355            1.117        100.0
r_nearly_zero_00                 43.512609   69401943      81247021  1.171        1015540            6.511        100.0
r_nearly_zero_01                 75.419149  120360997     215915291  1.794         366034            3.237        100.0
r_nearly_zero_02                 48.339035   77133729     187110174  2.426          45540            0.485        100.0
small_00                         42.851947   68390947     133552624  1.953          37642            0.150        100.0

submissions/big_integer/division_of_big_integers/Rohan_Kapri.cpp
SHA-256: 2ff104ea3b4852f1ac14a39daabea5d0898e8f8cfcccd09e2f54205973c79bee
case                           task-clock (ms)     cycles  instructions    IPC  branch-misses  branch-miss (%)  running (%)
max (length_ratio_integer_02)       418.589367          -             -      -              -                -            -
sum                                4266.323066          -             -      -              -                -            -
example_00                            0.983029    1553230       2429486  1.564           6895            1.230        100.0
a_max_b_random_00                   211.120871  336777579     685012123  2.034         251176            0.371        100.0
a_max_b_random_01                   272.976052  435393359     846121672  1.943         276178            0.328        100.0
a_max_b_random_02                   208.937202  333263781     629466386  1.889         241248            0.374        100.0
burnikel_ziegler_bound_00            84.711117  135207290     437001133  3.232         314624            0.667        100.0
burnikel_ziegler_bound_01            91.378795  145851375     475705530  3.262         240430            0.505        100.0
burnikel_ziegler_bound_02           204.518735  326431950     768836301  2.355        1673687            2.326        100.0
burnikel_ziegler_bound_03           126.303720  201587932     578457726  2.870         707112            1.270        100.0
large_00                            108.044169  172454484     458948273  2.661         315525            0.713        100.0
large_01                            136.803591  218329066     579264107  2.653         337640            0.617        100.0
length_ratio_integer_00             220.261303  351426879     733249929  2.086         306667            0.434        100.0
length_ratio_integer_01             229.797754  366594595     798952265  2.179         334319            0.443        100.0
length_ratio_integer_02             418.589367  667912597    1406592538  2.106         460641            0.349        100.0
length_ratio_integer_03             405.679038  647264657    1385812596  2.141         477047            0.370        100.0
length_ratio_integer_04             390.767234  623406160    1360083974  2.182         488477            0.388        100.0
length_ratio_integer_05             404.381428  645199588    1491251492  2.311         544911            0.395        100.0
max_00                               11.275134   17984086      55609107  3.092           9108            0.101        100.0
max_01                               11.374708   18142465      31379071  1.730           7857            0.177        100.0
max_02                                6.752628   10764119      23069783  2.143           7796            0.265        100.0
medium_00                           103.473323  165117631     279302595  1.692        1617016            3.639        100.0
medium_01                            57.070950   91086054     149565449  1.642         759115            4.974        100.0
medium_02                           129.382753  206515575     577144396  2.795         860875            1.495        100.0
r_nearly_zero_00                    107.906312  172220577     284705730  1.653        1655007            3.622        100.0
r_nearly_zero_01                    113.849041  181705823     357603926  1.968        1137963            3.480        100.0
r_nearly_zero_02                    125.172372  199769652     535287216  2.680         355673            0.674        100.0
small_00                             84.812440  135369581     364735021  2.694          58180            0.090        100.0

submissions/big_integer/division_of_big_integers/adamant.cpp
SHA-256: fb6d35ad271440d102a28f3620de2658be9dc72c9e9b915702e9378ac0730f56
case                             task-clock (ms)      cycles  instructions    IPC  branch-misses  branch-miss (%)  running (%)
max (burnikel_ziegler_bound_02)       894.524662           -             -      -              -                -            -
sum                                  9939.519431           -             -      -              -                -            -
example_00                              1.037922     1641929       2539221  1.546           7660            1.309        100.0
a_max_b_random_00                     360.015533   574203040    1088292481  1.895          85990            0.089        100.0
a_max_b_random_01                     411.236908   655655130    1250191900  1.907          94849            0.083        100.0
a_max_b_random_02                     395.799195   630982708    1212452688  1.922          94331            0.086        100.0
burnikel_ziegler_bound_00             508.368062   811392995    1380659790  1.702         662906            0.428        100.0
burnikel_ziegler_bound_01             470.960382   751678904    1480017423  1.969         683446            0.438        100.0
burnikel_ziegler_bound_02             894.524662  1427753983    1471169134  1.030         487760            0.270        100.0
burnikel_ziegler_bound_03             545.911930   871313431    1486642926  1.706         667955            0.428        100.0
large_00                              304.466019   485912580     933128995  1.920         187911            0.196        100.0
large_01                              374.895511   598333875    1191893304  1.992         225330            0.188        100.0
length_ratio_integer_00               615.539579   981390319    1880008388  1.916         131373            0.079        100.0
length_ratio_integer_01               565.115907   900918628    1770301780  1.965         124738            0.082        100.0
length_ratio_integer_02               589.332318   939750741    1810763409  1.927         135972            0.085        100.0
length_ratio_integer_03               535.536632   854051510    1647993076  1.930         131195            0.090        100.0
length_ratio_integer_04               481.856584   768399803    1483523082  1.931         117988            0.091        100.0
length_ratio_integer_05               465.035320   741622233    1432335390  1.931         119932            0.096        100.0
max_00                                 20.061385    32008161      71386328  2.230          10970            0.076        100.0
max_01                                 14.514283    23153394      50402709  2.177           9726            0.087        100.0
max_02                                 19.339715    30857268      92112010  2.985          10651            0.058        100.0
medium_00                              97.016060   154849971     362157348  2.339        1481027            1.986        100.0
medium_01                             463.501529   739810785     822979516  1.112        1141733            0.729        100.0
medium_02                             453.430370   723729125    1012847992  1.399         582483            0.516        100.0
r_nearly_zero_00                       97.797540   156084670     351429517  2.252        1546924            2.137        100.0
r_nearly_zero_01                      811.225335  1294774524     920603100  0.711         826234            0.587        100.0
r_nearly_zero_02                      342.706062   546958101    1060316590  1.939         198605            0.185        100.0
small_00                              100.294688   160061103     554716368  3.466          80082            0.068        100.0

submissions/big_integer/division_of_big_integers/grishared.cpp
SHA-256: 68937fe8cce436d60160bf7a9adea9823cbe852d952b6a0e16bd768cb47eb81b
case                           task-clock (ms)     cycles  instructions    IPC  branch-misses  branch-miss (%)  running (%)
max (length_ratio_integer_02)       490.794479          -             -      -              -                -            -
sum                                6474.046155          -             -      -              -                -            -
example_00                            1.040400    1644980       2544460  1.547           7822            1.348        100.0
a_max_b_random_00                   244.410829  389821683     938866594  2.408          89394            0.168        100.0
a_max_b_random_01                   262.072805  417958548    1009545628  2.415         112155            0.199        100.0
a_max_b_random_02                   198.341010  316534472     773873626  2.445         114588            0.222        100.0
burnikel_ziegler_bound_00           200.199170  319557898     960953203  3.007         207647            0.252        100.0
burnikel_ziegler_bound_01           239.498938  382260059    1085866657  2.841         318013            0.405        100.0
burnikel_ziegler_bound_02           200.348006  319763994     976934808  3.055         325255            0.367        100.0
burnikel_ziegler_bound_03           238.736131  381051545    1071496329  2.812         468534            0.627        100.0
large_00                            186.329746  297395221     798241652  2.684         242850            0.411        100.0
large_01                            236.663350  377729172    1002533615  2.654         266499            0.398        100.0
length_ratio_integer_00             367.580844  586510961    1419397767  2.420         182316            0.220        100.0
length_ratio_integer_01             343.600941  548192130    1343501744  2.451         164257            0.206        100.0
length_ratio_integer_02             490.794479  783122817    1873386899  2.392         171287            0.172        100.0
length_ratio_integer_03             481.195490  767837082    1845646485  2.404         157029            0.155        100.0
length_ratio_integer_04             477.888528  762219853    1835993654  2.409         149084            0.146        100.0
length_ratio_integer_05             475.107950  757840686    1831939041  2.417         145870            0.142        100.0
max_00                               36.950072   58968326     184138182  3.123          12134            0.040        100.0
max_01                              144.495330  230540057     571294651  2.478          32788            0.058        100.0
max_02                               45.786831   73035708     237012042  3.245          13926            0.037        100.0
medium_00                           264.537699  422223870    1093539185  2.590        1494602            0.663        100.0
medium_01                           146.327701  233552242     765157483  3.276         799934            0.632        100.0
medium_02                           187.914360  299903110     865615230  2.886         494356            0.747        100.0
r_nearly_zero_00                    258.166702  412040824    1071026654  2.599        1496871            0.676        100.0
r_nearly_zero_01                    157.206758  250909586     793739024  3.163         479956            0.520        100.0
r_nearly_zero_02                    203.585760  324940889     855731989  2.634         220442            0.382        100.0
small_00                            385.266325  614921419    1815797430  2.953         255884            0.067        100.0

submissions/big_integer/division_of_big_integers/qazwsx233343.cpp
SHA-256: 93e0c1e1cab7f486e1602d47ed6501433ef1235f0f360ef32064a33106128d8b
case                           task-clock (ms)     cycles  instructions    IPC  branch-misses  branch-miss (%)  running (%)
max (length_ratio_integer_00)       252.115874          -             -      -              -                -            -
sum                                3698.576463          -             -      -              -                -            -
example_00                            1.038668    1642488       2586766  1.575           7191            1.234        100.0
a_max_b_random_00                    94.952473  151555981     358499722  2.365          57529            0.229        100.0
a_max_b_random_01                   200.709456  320068961     706116625  2.206         103213            0.230        100.0
a_max_b_random_02                   191.539882  305281229     674072365  2.208         105251            0.234        100.0
burnikel_ziegler_bound_00           167.450634  267259874     690514427  2.584         287688            0.530        100.0
burnikel_ziegler_bound_01           158.878118  253598626     661907244  2.610         213330            0.446        100.0
burnikel_ziegler_bound_02           184.127585  293871346     746703113  2.541         372791            0.654        100.0
burnikel_ziegler_bound_03           164.217335  262075788     668821553  2.552         208503            0.435        100.0
large_00                            120.000661  191516188     456211850  2.382          99490            0.301        100.0
large_01                            143.710033  229362800     561814444  2.449         119892            0.310        100.0
length_ratio_integer_00             252.115874  401870509     914829087  2.276         139448            0.242        100.0
length_ratio_integer_01             182.598357  291410709     663396917  2.277          96757            0.215        100.0
length_ratio_integer_02             227.474676  362945499     842201785  2.320         114511            0.213        100.0
length_ratio_integer_03             193.663433  309084626     759757224  2.458         110866            0.221        100.0
length_ratio_integer_04             181.095474  289031454     721822758  2.497         104758            0.214        100.0
length_ratio_integer_05             209.181488  333866829     800952129  2.399         121644            0.233        100.0
max_00                               11.406345   18193533      40754666  2.240          11351            0.100        100.0
max_01                               18.717799   29864375      33602575  1.125          11046            0.145        100.0
max_02                               13.162231   20996661      43421681  2.068          11816            0.103        100.0
medium_00                           170.824188  272667863     538706960  1.976        2312683            2.050        100.0
medium_01                            93.297635  148902735     320048362  2.149         952892            2.668        100.0
medium_02                           132.386051  211278506     527207621  2.495         220985            0.555        100.0
r_nearly_zero_00                    173.208215  276451414     535753687  1.938        2426568            2.153        100.0
r_nearly_zero_01                    165.998388  264964397     658468341  2.485         843291            1.629        100.0
r_nearly_zero_02                    122.035122  194753006     497984421  2.557         108904            0.300        100.0
small_00                            124.786342  199149464     658100927  3.305          99626            0.070        100.0

src/big_integer/division_of_big_integers/main.cxx
SHA-256: a0853bfee217c9ae8dd6227771f8d482eca404342cbeb684646eb7c2bf22271c
case                           task-clock (ms)     cycles  instructions    IPC  branch-misses  branch-miss (%)  running (%)
max (length_ratio_integer_02)        65.828661          -             -      -              -                -            -
sum                                 960.202441          -             -      -              -                -            -
example_00                            0.788292    1243556       1797066  1.445           5609            1.387        100.0
a_max_b_random_00                    33.363990   53243930     107145904  2.012          22441            0.295        100.0
a_max_b_random_01                    45.563141   72682066     139353269  1.917          24564            0.268        100.0
a_max_b_random_02                    45.079237   71944543     143834511  1.999          22299            0.233        100.0
burnikel_ziegler_bound_00            43.686018   69696502     169364484  2.430         149335            1.098        100.0
burnikel_ziegler_bound_01            38.838743   61969231     153752544  2.481         170676            1.488        100.0
burnikel_ziegler_bound_02            50.602267   80760326     185536835  2.297         163609            1.103        100.0
burnikel_ziegler_bound_03            39.362450   62817434     154035949  2.452         170941            1.549        100.0
large_00                             31.143829   49698803     117849287  2.371          62293            0.913        100.0
large_01                             36.395733   58082505     141084809  2.429          68608            0.880        100.0
length_ratio_integer_00              57.422910   91648138     184810382  2.017          28636            0.247        100.0
length_ratio_integer_01              51.473683   82136373     164809918  2.007          30634            0.305        100.0
length_ratio_integer_02              65.828661  105049831     215862366  2.055          29557            0.234        100.0
length_ratio_integer_03              56.813375   90651740     192573163  2.124          27422            0.246        100.0
length_ratio_integer_04              54.605612   87108120     187521298  2.153          33308            0.251        100.0
length_ratio_integer_05              45.519618   72630155     168614133  2.322          27062            0.272        100.0
max_00                                4.741394    7554793      13021381  1.724           7262            0.276        100.0
max_01                               10.274180   16385746      14794157  0.903           7183            0.411        100.0
max_02                                1.999225    3174498       3593706  1.132           6093            0.800        100.0
medium_00                            31.593574   50416754      62206811  1.234         272372            4.107        100.0
medium_01                            32.370910   51657662      73275267  1.418         317143            5.543        100.0
medium_02                            36.446951   58163901     135854379  2.336         179309            1.920        100.0
r_nearly_zero_00                     29.712148   47413677      60484875  1.276         237202            3.628        100.0
r_nearly_zero_01                     48.775244   77831404     139259853  1.789         321886            2.831        100.0
r_nearly_zero_02                     32.389502   51686893     124287184  2.405          64796            0.842        100.0
small_00                             35.411754   56511699      95892963  1.697           8131            0.076        100.0
