case                   task-clock (ms)     cycles  instructions    IPC  branch-misses  branch-miss (%)  running (%)
max (max_fullrank_02)       147.860461          -             -      -              -                -            -
sum                        1576.574978          -             -      -              -                -            -
example_00                    0.879244    1648116       1609384  0.976           5526            1.601        100.0
example_01                    0.868463    1627508       1624754  0.998           5564            1.574        100.0
example_02                    0.871914    1635195       1574603  0.963           5291            1.564        100.0
lowrank_max_random_00        10.017901   18915523      19999829  1.057          17563            0.543        100.0
lowrank_max_random_01        10.630827   20077472      21574308  1.075          20007            0.561        100.0
lowrank_max_random_02        10.851654   20494575      22409802  1.093          22289            0.597        100.0
lowrank_max_random_03        79.942000  151388496     203179904  1.342          67046            0.197        100.0
lowrank_max_random_04        78.413715  148490189     203971864  1.374          66312            0.194        100.0
lowrank_max_random_05        76.370561  144589341     198647590  1.374          65530            0.200        100.0
lowrank_max_random_06        52.728806   99817056     136070825  1.363          45761            0.202        100.0
lowrank_max_random_07        71.065474  134560590     184279151  1.369          59962            0.197        100.0
max_fullrank_00             141.068613  267273726     403643280  1.510          78948            0.122        100.0
max_fullrank_01             146.307069  277176729     403827365  1.457          79955            0.124        100.0
max_fullrank_02             147.860461  280071161     403731383  1.442          79307            0.123        100.0
max_fullrank_03             145.860665  276312040     403064145  1.459          80513            0.125        100.0
max_random_00                78.608385  148874839     203932875  1.370          66203            0.193        100.0
max_random_01               141.366184  267895332     403347642  1.506          79597            0.124        100.0
max_random_02                77.775290  147268088     204134152  1.386          66576            0.195        100.0
max_random_03                78.233529  148149181     203967373  1.377          66324            0.194        100.0
perm_max_random_00           42.811204   81017609     171777962  2.120          39400            0.134        100.0
perm_max_random_01           48.261709   91332520     171286494  1.875          39788            0.136        100.0
random_00                     1.807286    3407430       5233959  1.536          11568            1.164        100.0
random_01                     1.083936    2036788       2422973  1.190           7200            1.484        100.0
random_02                     0.911116    1709739       1770374  1.035           6105            1.626        100.0
random_03                    41.775588   79029488     112656298  1.425          50787            0.269        100.0
random_fullrank_00            2.742293    5180334       9240815  1.784          12894            0.784        100.0
random_fullrank_01            1.105371    2077832       2441186  1.175           7127            1.456        100.0
random_fullrank_02            0.914847    1715986       1913441  1.115           6206            1.547        100.0
random_fullrank_03           78.446147  148552845     227161545  1.529          62253            0.172        100.0
small_random_00               0.878461    1647510       1600599  0.972           5368            1.554        100.0
small_random_01               0.862940    1618437       1573668  0.972           5245            1.551        100.0
small_random_02               0.879963    1648389       1633247  0.991           5596            1.569        100.0
small_random_03               0.873227    1638265       1585104  0.968           5236            1.537        100.0
small_random_04               0.875468    1641202       1638395  0.998           5565            1.557        100.0
small_random_05               0.844856    1584359       1585884  1.001           5223            1.533        100.0
small_random_06               0.900712    1689405       1635856  0.968           5636            1.578        100.0
small_random_07               0.879099    1648005       1591757  0.966           5385            1.574        100.0
