2026-10-01 lenovo / Intel(R) Core(TM) i5-10210U CPU @ 1.60GHz
Two complete passes; per binary/case minimum task-clock; all counters from that same run.
Cases: 25, including examples. Units: ms. No CPU pinning.
Compiler: g++ (GCC) 16.2.1 20260819 (Red Hat 16.2.1-2); rustc 1.98.1 (48a229cea 2026-09-01)
Build host: master; glibc 2.43
Environment: Linux 7.2.8-200.fc44.x86_64; affinity [0, 1, 2, 3]; stack 268435456 bytes; bench_env OK.
cxx_flags.txt: -std=c++23 -DEVAL -DONLINE_JUDGE -Iinclude -O3 -fwhole-program -fno-exceptions -fno-rtti -march=x86-64-v3 -fno-pie -no-pie -nostdlib++ -static -lm -s
cpp_flags.txt: -std=c++23 -DEVAL -DONLINE_JUDGE -Iac-library -include cassert -O3 -fwhole-program -fno-exceptions -fno-rtti -march=x86-64-v3 -fno-pie -no-pie -static -lgmp -s
rust_flags.txt: -C opt-level=3 -C codegen-units=1 -C lto=fat -C panic=abort -C target-cpu=x86-64-v3 -C target-feature=+crt-static -C relocation-model=static -C link-arg=-Wl,-u,__cxa_thread_atexit_impl -C strip=symbols

solution                                max (ms)       sum (ms)
Anonymous                                 64.204927     768.897778
QedDust413                                73.194327     874.044646
QgQ                                       55.725390     668.629228
grishared                                 80.972824    1774.868497
rogeryoungh                               70.742756     844.256563
main                                      42.971177     516.150031

submissions/polynomial/inv_of_formal_power_series/Anonymous.cpp
SHA-256: 365368f380153a624befd15bb8bfbfe9669a58e748161aee3a37494b04b5c9ec
case                   task-clock (ms)     cycles  instructions    IPC  branch-misses  branch-miss (%)  running (%)
max (max_random_04)          64.204927          -             -      -              -                -            -
sum                         768.897778          -             -      -              -                -            -
example_00                    1.058050    1673588       2502684  1.495           7062            1.214        100.0
max_random_00                64.174922  102427361     219933992  2.147         129815            1.016        100.0
max_random_01                64.129570  102339241     219989795  2.150         130448            1.019        100.0
max_random_02                64.082868  102280179     219963122  2.151         130073            1.017        100.0
max_random_03                64.165547  102396846     219961331  2.148         130013            1.017        100.0
max_random_04                64.204927  102474218     219910019  2.146         130631            1.023        100.0
max_random_or_zero_00        64.129200  102336819     219993382  2.150         130374            1.019        100.0
near_262144_00               32.100429   51213685     109521221  2.139          72825            1.052        100.0
near_262144_01               32.053496   51151245     109503463  2.141          72768            1.052        100.0
near_262144_02               57.001143   90975398     191570846  2.106          73618            0.824        100.0
random_00                    60.801599   97042175     206810910  2.131         104047            0.945        100.0
random_01                    62.903163  100397012     215533427  2.147         120320            0.987        100.0
random_02                     8.134705   12969887      26592469  2.050          22033            1.097        100.0
random_03                    61.994042   98945544     211517557  2.138         113824            0.977        100.0
random_04                    57.434722   91667614     193307678  2.109          77203            0.843        100.0
small_degree_00               1.044963    1652461       2495777  1.510           7022            1.210        100.0
small_degree_01               1.047816    1657149       2459390  1.484           7013            1.237        100.0
small_degree_02               1.056997    1671442       2466627  1.476           7138            1.257        100.0
small_degree_03               1.069848    1692121       2493242  1.473           7122            1.232        100.0
small_degree_04               1.060915    1677779       2460730  1.467           7081            1.248        100.0
small_degree_05               1.063392    1682266       2453607  1.459           7070            1.255        100.0
small_degree_06               1.046224    1654809       2504802  1.514           7155            1.229        100.0
small_degree_07               1.031165    1630555       2504356  1.536           7142            1.227        100.0
small_degree_08               1.068884    1689440       2467904  1.461           7117            1.253        100.0
small_degree_09               1.039191    1643903       2464503  1.499           7089            1.248        100.0

submissions/polynomial/inv_of_formal_power_series/QedDust413.cpp
SHA-256: 3698a8342c52341f23a6c92ae14a651f8d3a832a5ca0dcf3af5f2b8b5be45db2
case                   task-clock (ms)     cycles  instructions    IPC  branch-misses  branch-miss (%)  running (%)
max (max_random_02)          73.194327          -             -      -              -                -            -
sum                         874.044646          -             -      -              -                -            -
example_00                    1.109353    1754159       2477877  1.413           7273            1.280        100.0
max_random_00                73.070862  116627573     247762178  2.124         123431            0.933        100.0
max_random_01                73.109719  116671686     247785564  2.124         124092            0.937        100.0
max_random_02                73.194327  116787649     247770435  2.122         124732            0.942        100.0
max_random_03                73.027890  116558284     247761017  2.126         123545            0.933        100.0
max_random_04                73.151229  116754972     247764252  2.122         124322            0.939        100.0
max_random_or_zero_00        73.037259  116574852     247736605  2.125         123899            0.936        100.0
near_262144_00               36.591174   58394611     123865714  2.121          69381            0.968        100.0
near_262144_01               36.655264   58498028     123823475  2.117          69311            0.969        100.0
near_262144_02               64.446927  102861841     207717694  2.019          70540            0.799        100.0
random_00                    69.129511  110335610     229226748  2.078          99317            0.886        100.0
random_01                    71.865306  114684656     241545565  2.106         115462            0.920        100.0
random_02                     9.177887   14622953      29488801  2.017          21309            1.052        100.0
random_03                    70.760396  112900655     235805661  2.089         108575            0.911        100.0
random_04                    65.106774  103900635     210217700  2.023          74264            0.815        100.0
small_degree_00               1.054442    1667512       2477634  1.486           7115            1.246        100.0
small_degree_01               1.068915    1691038       2460042  1.455           7077            1.252        100.0
small_degree_02               1.069732    1692170       2517666  1.488           7162            1.225        100.0
small_degree_03               1.055228    1669256       2478958  1.485           7194            1.260        100.0
small_degree_04               1.059958    1677732       2502837  1.492           7149            1.233        100.0
small_degree_05               1.047425    1656992       2473980  1.493           7054            1.238        100.0
small_degree_06               1.081824    1711563       2502462  1.462           7148            1.233        100.0
small_degree_07               1.062678    1680704       2507145  1.492           7187            1.238        100.0
small_degree_08               1.041125    1647082       2470537  1.500           7227            1.276        100.0
small_degree_09               1.069441    1691872       2481599  1.467           7195            1.260        100.0

submissions/polynomial/inv_of_formal_power_series/QgQ.cpp
SHA-256: f728686461b461ea68a9685fda063722087665510334f42c35c2c6f49ef7d121
case                   task-clock (ms)    cycles  instructions    IPC  branch-misses  branch-miss (%)  running (%)
max (max_random_03)          55.725390         -             -      -              -                -            -
sum                         668.629228         -             -      -              -                -            -
example_00                    1.060188   1676356       2438242  1.454           6901            1.224        100.0
max_random_00                55.635576  88796155     216515425  2.438         124800            1.253        100.0
max_random_01                55.694633  88889800     216523588  2.436         125020            1.254        100.0
max_random_02                55.521185  88612546     216562447  2.444         125283            1.255        100.0
max_random_03                55.725390  88921752     216526133  2.435         125211            1.257        100.0
max_random_04                55.538128  88623855     216549642  2.443         125850            1.262        100.0
max_random_or_zero_00        55.559298  88673917     216668612  2.443         124890            1.249        100.0
near_262144_00               27.673183  44160465     108088803  2.448          70242            1.303        100.0
near_262144_01               27.677766  44167130     108104888  2.448          70383            1.303        100.0
near_262144_02               49.633251  79214824     194844375  2.460          72670            0.967        100.0
random_00                    52.780062  84236745     206466582  2.451         100683            1.141        100.0
random_01                    54.615647  87167352     213147926  2.445         116330            1.214        100.0
random_02                     7.311807  11656488      26771933  2.297          22044            1.277        100.0
random_03                    53.887111  85988000     210127359  2.444         110377            1.193        100.0
random_04                    50.170903  80059327     196147748  2.450          76272            0.997        100.0
small_degree_00               1.017235   1608652       2402427  1.493           6684            1.209        100.0
small_degree_01               1.034715   1636778       2426155  1.482           6857            1.225        100.0
small_degree_02               0.989131   1563250       2457584  1.572           6717            1.174        100.0
small_degree_03               1.010685   1597162       2426896  1.520           6802            1.216        100.0
small_degree_04               0.999329   1579857       2423719  1.534           6834            1.223        100.0
small_degree_05               1.022462   1615858       2454284  1.519           6817            1.197        100.0
small_degree_06               1.012967   1601417       2423524  1.513           6836            1.223        100.0
small_degree_07               1.014564   1604355       2464434  1.536           6938            1.210        100.0
small_degree_08               1.025041   1620858       2428715  1.498           6851            1.224        100.0
small_degree_09               1.018971   1611778       2420706  1.502           6772            1.213        100.0

submissions/polynomial/inv_of_formal_power_series/grishared.cpp
SHA-256: 5c8e7041f9c33e96de91af91f775fb865a3dc40ac0b8e87a6b20ca6f8f2506fd
case                         task-clock (ms)     cycles  instructions    IPC  branch-misses  branch-miss (%)  running (%)
max (max_random_or_zero_00)        80.972824          -             -      -              -                -            -
sum                              1774.868497          -             -      -              -                -            -
example_00                         63.495802  101325739     178186261  1.759          14022            0.219        100.0
max_random_00                      80.620880  128660710     267660768  2.080         126467            0.788        100.0
max_random_01                      80.772224  128895612     267786782  2.078         126388            0.786        100.0
max_random_02                      80.767468  128877088     267655700  2.077         126714            0.789        100.0
max_random_03                      80.619804  128677696     267651541  2.080         125473            0.782        100.0
max_random_04                      80.635091  128702510     267648815  2.080         126300            0.787        100.0
max_random_or_zero_00              80.972824  129230184     267777031  2.072         126567            0.787        100.0
near_262144_00                     72.950930  116408986     225158983  1.934          73056            0.637        100.0
near_262144_01                     72.605103  115884800     225255258  1.944          72958            0.635        100.0
near_262144_02                     72.845868  116232807     225326481  1.939          73308            0.637        100.0
random_00                          76.961984  122839443     248031960  2.019         101546            0.728        100.0
random_01                          79.407333  126741746     261092658  2.060         117368            0.764        100.0
random_02                          65.489833  104526709     187954454  1.798          25780            0.345        100.0
random_03                          78.310200  124959118     255201673  2.042         111180            0.754        100.0
random_04                          73.255637  116909986     228063102  1.951          76671            0.649        100.0
small_degree_00                    63.538759  101411770     178286917  1.758          13493            0.210        100.0
small_degree_01                    63.325924  101071886     178107523  1.762          13461            0.211        100.0
small_degree_02                    63.544163  101405748     178130017  1.757          14149            0.222        100.0
small_degree_03                    63.379810  101144986     178082175  1.761          13883            0.218        100.0
small_degree_04                    63.583811  101483013     178072634  1.755          13695            0.215        100.0
small_degree_05                    63.692258  101643602     178486630  1.756          14207            0.220        100.0
small_degree_06                    63.569445  101448479     178259365  1.757          14281            0.223        100.0
small_degree_07                    63.410143  101205721     178130356  1.760          13721            0.215        100.0
small_degree_08                    63.666893  101602086     178170798  1.754          14235            0.223        100.0
small_degree_09                    63.446310  101264919     178084791  1.759          13743            0.216        100.0

submissions/polynomial/inv_of_formal_power_series/rogeryoungh.cpp
SHA-256: 85d8667dc7175ca747018cf44b6bb334504cbf8c9a16a975b693df5ad6ef4021
case                   task-clock (ms)     cycles  instructions    IPC  branch-misses  branch-miss (%)  running (%)
max (max_random_00)          70.742756          -             -      -              -                -            -
sum                         844.256563          -             -      -              -                -            -
example_00                    0.886163    1398896       1891376  1.352           5971            1.398        100.0
max_random_00                70.742756  112895447     223072612  1.976         142193            0.761        100.0
max_random_01                70.656592  112756894     223099313  1.979         142990            0.765        100.0
max_random_02                70.524483  112563043     222876525  1.980         142613            0.765        100.0
max_random_03                70.710979  112860832     222855765  1.975         142360            0.765        100.0
max_random_04                70.596748  112651445     222691237  1.977         143978            0.775        100.0
max_random_or_zero_00        70.732786  112866373     222668407  1.973         143771            0.774        100.0
near_262144_00               35.114232   56038342     111431441  1.988          78879            0.792        100.0
near_262144_01               35.117029   56042045     111456230  1.989          79331            0.796        100.0
near_262144_02               63.054601  100638974     192828089  1.916          81133            0.638        100.0
random_00                    67.069789  107047722     208899803  1.951         113867            0.717        100.0
random_01                    69.517575  110956056     218042771  1.965         132549            0.750        100.0
random_02                     8.543763   13622721      26476434  1.944          22911            0.886        100.0
random_03                    68.455750  109259174     213939468  1.958         124589            0.739        100.0
random_04                    63.696387  101646163     194811628  1.917          84866            0.648        100.0
small_degree_00               0.877834    1385827       1924775  1.389           5721            1.306        100.0
small_degree_01               0.871456    1375801       1872594  1.361           5746            1.365        100.0
small_degree_02               0.885836    1397528       1896747  1.357           5951            1.398        100.0
small_degree_03               0.868837    1372004       1923162  1.402           5976            1.373        100.0
small_degree_04               0.905787    1429851       1899751  1.329           6055            1.420        100.0
small_degree_05               0.912036    1440480       1935014  1.343           5985            1.361        100.0
small_degree_06               0.878577    1387093       1888381  1.361           5960            1.405        100.0
small_degree_07               0.892205    1409399       1899211  1.348           6097            1.430        100.0
small_degree_08               0.870125    1373110       1882453  1.371           5764            1.369        100.0
small_degree_09               0.874237    1380281       1893626  1.372           5997            1.410        100.0

src/polynomial/inv_of_formal_power_series/main.cxx
SHA-256: 633fde451690e17c82d5a1462535051fba0a54f4dc9711d22de08f88feafb89a
case                   task-clock (ms)    cycles  instructions    IPC  branch-misses  branch-miss (%)  running (%)
max (max_random_03)          42.971177         -             -      -              -                -            -
sum                         516.150031         -             -      -              -                -            -
example_00                    0.832082   1313172       1735037  1.321           5514            1.431        100.0
max_random_00                42.931380  68515749     174335728  2.544          72046            0.904        100.0
max_random_01                42.909391  68443311     174340688  2.547          70672            0.887        100.0
max_random_02                42.961164  68536399     174443683  2.545          70819            0.887        100.0
max_random_03                42.971177  68579641     174305043  2.542          70004            0.880        100.0
max_random_04                42.883318  68421834     174345815  2.548          70425            0.884        100.0
max_random_or_zero_00        42.743447  68215485     174308007  2.555          70004            0.880        100.0
near_262144_00               21.611131  34469225      86644287  2.514          41220            0.944        100.0
near_262144_01               21.582214  34436908      86598507  2.515          40704            0.935        100.0
near_262144_02               38.068396  60753925     153636681  2.529          44165            0.777        100.0
random_00                    40.574852  64755003     164764857  2.544          57836            0.837        100.0
random_01                    42.111797  67207592     171115456  2.546          66154            0.869        100.0
random_02                     5.660290   9019729      20841955  2.311          15026            1.121        100.0
random_03                    41.518469  66260506     168142596  2.538          61799            0.850        100.0
random_04                    38.445113  61355166     154926902  2.525          45835            0.787        100.0
small_degree_00               0.859720   1356830       1739915  1.282           5610            1.454        100.0
small_degree_01               0.819813   1292855       1740715  1.346           5529            1.432        100.0
small_degree_02               0.838434   1323592       1744629  1.318           5584            1.435        100.0
small_degree_03               0.825517   1302257       1731726  1.330           5470            1.423        100.0
small_degree_04               0.831251   1311803       1769833  1.349           5410            1.359        100.0
small_degree_05               0.853068   1346184       1752485  1.302           5621            1.440        100.0
small_degree_06               0.845142   1333373       1752922  1.315           5630            1.442        100.0
small_degree_07               0.831585   1312038       1772900  1.351           5618            1.408        100.0
small_degree_08               0.818498   1290940       1750303  1.356           5532            1.419        100.0
small_degree_09               0.822782   1297921       1747611  1.346           5435            1.396        100.0
