case              task-clock (ms)     cycles  instructions    IPC  branch-misses  branch-miss (%)  running (%)
max (degY100_00)       145.344487          -             -      -              -                -            -
sum                   2058.304106          -             -      -              -                -            -
example_00               0.889083    1667493       1643320  0.986           5671            1.592        100.0
degX100_00             137.250580  259825518     593952846  2.286          95351            0.586        100.0
degX10_00              136.971343  259293068     593490541  2.289          95821            0.593        100.0
degX2_00                62.833957  118943048     254557870  2.140          78847            0.756        100.0
degY100_00             145.344487  275086516     616274524  2.240         102001            0.564        100.0
degY10_00              141.635874  268143850     605358683  2.258          98170            0.536        100.0
degY2_00                66.959795  126795283     266858229  2.105          80087            0.640        100.0
maxDegX_00              39.554587   74962649     173240727  2.311          71871            0.987        100.0
maxDegY_00              39.359498   74522865     173243904  2.325          71206            0.978        100.0
maxDeg_00               37.132730   70352758     163872860  2.329          60098            0.946        100.0
maxDeg_01               38.807805   73530349     170339455  2.317          68995            0.983        100.0
maxDeg_02              141.595959  268062753     603023716  2.250          96805            0.537        100.0
randomSquare_00        144.613803  273916311     617884210  2.256          98650            0.546        100.0
randomSquare_01        139.338559  263831421     607469066  2.302          95907            0.595        100.0
randomSquare_02        139.108400  263303888     607088432  2.306          97207            0.603        100.0
randomSquare_03        140.030239  265111490     607411680  2.291          96069            0.597        100.0
randomSquare_04        145.177577  274808442     619186082  2.253          99647            0.544        100.0
random_00               37.230861   70556497     163818414  2.322          59196            0.935        100.0
random_01               38.603340   73159835     170098596  2.325          67457            0.968        100.0
random_02               69.149235  130896256     292767059  2.237          62304            0.615        100.0
random_03               37.971362   71948022     167220671  2.324          65184            0.976        100.0
random_04               34.967189   66248783     154293930  2.329          47707            0.883        100.0
smallDeg_00              0.881372    1653223       1597464  0.966           5499            1.605        100.0
smallDeg_01              0.927274    1740163       1648040  0.947           5699            1.603        100.0
smallDeg_02              0.894790    1677594       1642392  0.979           5721            1.623        100.0
smallDeg_03              0.894217    1677847       1623183  0.967           5538            1.575        100.0
smallDeg_04              0.888456    1666217       1601281  0.961           5522            1.609        100.0
square_00              139.291734  263818980     607576312  2.303          97988            0.606        100.0
