case                           task-clock (ms)     cycles  instructions    IPC  branch-misses  branch-miss (%)  running (%)
max (length_ratio_integer_02)        59.217569          -             -      -              -                -            -
sum                                 675.385974          -             -      -              -                -            -
example_00                            0.817066    1530646       1619146  1.058           5554            1.592        100.0
a_max_b_random_00                    38.520169   73001866     131055011  1.795          23397            0.219        100.0
a_max_b_random_01                    43.981703   83354316     156300412  1.875          23847            0.210        100.0
a_max_b_random_02                    50.604217   95790490     165626207  1.729          28413            0.206        100.0
burnikel_ziegler_bound_00            31.280465   59276907     151371169  2.554          81338            0.661        100.0
burnikel_ziegler_bound_01            34.347170   65089913     159810092  2.455         132726            0.998        100.0
burnikel_ziegler_bound_02            25.515626   48349095     130030840  2.689          51312            0.482        100.0
burnikel_ziegler_bound_03            33.392332   63280282     156803788  2.478         119891            0.910        100.0
large_00                              3.083789    5827783       9306112  1.597           7725            0.667        100.0
large_01                              3.256534    6154210      10285582  1.671           7781            0.637        100.0
length_ratio_integer_00              55.822398  105758754     200675315  1.897          31438            0.224        100.0
length_ratio_integer_01              50.966104   96593544     180807548  1.872          28702            0.209        100.0
length_ratio_integer_02              59.217569  112118730     213336572  1.903          30080            0.188        100.0
length_ratio_integer_03              53.483978  101366165     195864896  1.932          27332            0.174        100.0
length_ratio_integer_04              48.544062   91981781     185231598  2.014          26312            0.173        100.0
length_ratio_integer_05              43.975757   83340810     178850893  2.146          25739            0.178        100.0
max_00                                6.134501   11598623      14993105  1.293           9035            0.397        100.0
max_01                                4.589208    8680772       8304172  0.957           7452            0.592        100.0
max_02                                4.743580    8974121      10417968  1.161           7988            0.494        100.0
medium_00                            14.483223   27436556      43059385  1.569         122996            2.280        100.0
medium_01                             4.460309    8437142      14538364  1.723          56081            2.931        100.0
medium_02                             2.917623    5513022       9580296  1.738          10444            0.897        100.0
power_00                              4.023180    7608472      10068984  1.323          29434            1.976        100.0
r_nearly_zero_00                     19.685629   37296952      54726390  1.467         206345            3.004        100.0
r_nearly_zero_01                      3.694185    6985702      11649663  1.668          40594            2.642        100.0
r_nearly_zero_02                      3.165845    5982533      10007452  1.673           7951            0.603        100.0
small_00                             30.679752   58123252     104130344  1.792          13964            0.110        100.0
