case          task-clock (ms)    cycles  instructions    IPC  branch-misses  branch-miss (%)  running (%)
max (max_00)        23.578688         -             -      -              -                -            -
sum                105.472662         -             -      -              -                -            -
example_00           0.821215   1538788       1613746  1.049           5511            1.563        100.0
example_01           0.829453   1553969       1595772  1.027           5406            1.571        100.0
example_02           0.811195   1520231       1617453  1.064           5234            1.481        100.0
example_03           0.842359   1566674       1603835  1.024           5762            1.667        100.0
max_00              23.578688  44677693      96260133  2.155          63794            0.735        100.0
max_01              23.271816  44095791      96262696  2.183          63772            0.734        100.0
max_02              23.554724  44632212      96266143  2.157          63119            0.727        100.0
random_00            6.437952  12186023      23003843  1.888          27658            0.911        100.0
random_01            6.821027  12911608      24460036  1.894          29531            0.932        100.0
random_02            5.273627   9977227      18020586  1.806          38215            1.510        100.0
random_03            2.385504   4502638       7865368  1.747           9790            1.040        100.0
random_04            2.287026   4317291       5600008  1.297          31026            3.491        100.0
small_00             0.870506   1632196       1622616  0.994           5354            1.510        100.0
small_01             0.856119   1604349       1604467  1.000           5187            1.479        100.0
small_02             0.827038   1550090       1600245  1.032           5338            1.540        100.0
small_03             0.888201   1664953       1621070  0.974           5438            1.535        100.0
small_04             0.872337   1635469       1621112  0.991           5435            1.535        100.0
small_05             0.870217   1631028       1604507  0.984           5434            1.565        100.0
small_06             0.806535   1511311       1597808  1.057           5235            1.513        100.0
small_07             0.862075   1615946       1623050  1.004           5458            1.539        100.0
small_08             0.850281   1593873       1620192  1.017           5393            1.524        100.0
small_09             0.854767   1602188       1620917  1.012           5403            1.525        100.0
