2026-10-01 lenovo / Intel(R) Core(TM) i5-10210U CPU @ 1.60GHz
Two complete passes; per binary/case minimum task-clock; all counters from that same run.
Cases: 32, including examples. Units: ms. No CPU pinning.
Compiler: g++ (GCC) 16.2.1 20260819 (Red Hat 16.2.1-2); rustc 1.98.1 (48a229cea 2026-09-01)
Build host: master; glibc 2.43
Environment: Linux 7.2.8-200.fc44.x86_64; affinity [0, 1, 2, 3]; stack 268435456 bytes; bench_env OK.
cxx_flags.txt: -std=c++23 -DEVAL -DONLINE_JUDGE -Iinclude -O3 -fwhole-program -fno-exceptions -fno-rtti -march=x86-64-v3 -fno-pie -no-pie -nostdlib++ -static -lm -s
cpp_flags.txt: -std=c++23 -DEVAL -DONLINE_JUDGE -Iac-library -include cassert -O3 -fwhole-program -fno-exceptions -fno-rtti -march=x86-64-v3 -fno-pie -no-pie -static -lgmp -s
rust_flags.txt: -C opt-level=3 -C codegen-units=1 -C lto=fat -C panic=abort -C target-cpu=x86-64-v3 -C target-feature=+crt-static -C relocation-model=static -C link-arg=-Wl,-u,__cxa_thread_atexit_impl -C strip=symbols

solution                                max (ms)       sum (ms)
Anonymous                                349.828072    4958.268092
Rohan_Kapri                              349.356890    4944.778743
a1073741824                              928.483268   13703.265898
cmk666                                   350.246620    4947.364821
kaichou243__                             575.414921    8156.168197
main                                     282.523623    4012.163116

submissions/polynomial/composition_of_formal_power_series_large/Anonymous.cpp
SHA-256: f4e856388961f3bc132a91ea210a9756591b52408aba4da62b5219bf7798ca39
case                 task-clock (ms)     cycles  instructions    IPC  branch-misses  branch-miss (%)  running (%)
max (max_random_03)       349.828072          -             -      -              -                -            -
sum                      4958.268092          -             -      -              -                -            -
example_00                  1.065423    1684159       2511903  1.491           6917            1.199        100.0
hack2_00                  349.333166  557344853    1194133770  2.143         179704            0.265        100.0
hack2_01                  348.741478  556321425    1194888040  2.148         184727            0.272        100.0
hack2_02                  347.314177  554215533    1190342852  2.148         179324            0.268        100.0
hack_00                   346.998057  553617110    1185146633  2.141         159217            0.240        100.0
hack_01                   346.527068  552791706    1184226378  2.142         155747            0.235        100.0
hack_02                   348.719254  556362874    1189358094  2.138         174267            0.260        100.0
max_random_00             348.631479  556231097    1193103014  2.145         181275            0.268        100.0
max_random_01             348.078917  555365563    1189604850  2.142         180072            0.270        100.0
max_random_02             348.545808  555966358    1188701215  2.138         181317            0.272        100.0
max_random_03             349.828072  558060445    1191294064  2.135         181160            0.270        100.0
max_random_04             348.342873  555847722    1190160095  2.141         179777            0.269        100.0
mid_00                     15.098673   24087412      52019875  2.160          16637            0.447        100.0
mid_01                     14.993567   23919914      51956170  2.172          16485            0.443        100.0
mid_02                     15.096396   24084415      51919130  2.156          16208            0.436        100.0
mid_03                      7.378609   11762831      24850956  2.113          12407            0.595        100.0
mid_04                     15.238128   24310089      52417911  2.156          17425            0.460        100.0
random_00                 349.682894  557864812    1189794648  2.133         178739            0.267        100.0
random_01                 346.691333  553139841    1178143644  2.130         157679            0.242        100.0
random_02                 159.962478  255298678     541426353  2.121          87578            0.280        100.0
random_03                 158.611572  253133547     538343318  2.127          81686            0.264        100.0
random_04                  32.847388   52419146     113623826  2.168          27722            0.372        100.0
small_00                    1.051509    1662713       2518395  1.515           6924            1.193        100.0
small_01                    1.073181    1697772       2543853  1.498           6900            1.171        100.0
small_02                    1.036536    1639676       2544842  1.552           6983            1.185        100.0
small_03                    1.053045    1666038       2509013  1.506           6707            1.150        100.0
small_04                    1.073339    1697508       2539658  1.496           6783            1.151        100.0
small_05                    1.083501    1713948       2541920  1.483           6921            1.182        100.0
small_06                    1.040406    1645210       2508700  1.525           6946            1.206        100.0
small_07                    1.051220    1663354       2493863  1.499           6766            1.179        100.0
small_08                    1.060780    1678245       2546700  1.517           6933            1.175        100.0
small_09                    1.017765    1609505       2489720  1.547           6774            1.177        100.0

submissions/polynomial/composition_of_formal_power_series_large/Rohan_Kapri.cpp
SHA-256: 34156d0061a439fa5be9f53129099858b8e8489aa803d055134f3048844199c3
case             task-clock (ms)     cycles  instructions    IPC  branch-misses  branch-miss (%)  running (%)
max (random_00)       349.356890          -             -      -              -                -            -
sum                  4944.778743          -             -      -              -                -            -
example_00              1.087475    1720460       2538198  1.475           6927            1.177        100.0
hack2_00              347.835479  554849240    1194813490  2.153         182393            0.268        100.0
hack2_01              346.474420  552700146    1191086367  2.155         180337            0.269        100.0
hack2_02              346.869332  553350517    1188236975  2.147         179195            0.270        100.0
hack_00               346.301933  552495270    1184283435  2.144         159004            0.240        100.0
hack_01               347.477413  554467643    1187733032  2.142         158664            0.236        100.0
hack_02               347.081811  553663867    1189440487  2.148         175347            0.262        100.0
max_random_00         348.366567  555793677    1188199437  2.138         177826            0.268        100.0
max_random_01         348.161860  555305325    1188094330  2.140         179301            0.270        100.0
max_random_02         347.977739  555009513    1188291155  2.141         179587            0.270        100.0
max_random_03         346.866654  553392829    1188067266  2.147         178907            0.270        100.0
max_random_04         348.994276  556854210    1191433808  2.140         180985            0.269        100.0
mid_00                 15.034682   23984665      52030174  2.169          16752            0.450        100.0
mid_01                 15.038089   23989785      51963398  2.166          16255            0.437        100.0
mid_02                 15.025477   23970024      51904305  2.165          16255            0.439        100.0
mid_03                  7.340350   11702348      24839631  2.123          12551            0.604        100.0
mid_04                 15.125693   24129663      52396684  2.171          17435            0.461        100.0
random_00             349.356890  557440914    1188325939  2.132         177373            0.267        100.0
random_01             344.984505  550340064    1177580346  2.140         156299            0.241        100.0
random_02             158.349275  252720997     541452344  2.142          87369            0.279        100.0
random_03             157.594189  251504172     538286328  2.140          80476            0.261        100.0
random_04              32.813230   52346852     113619853  2.171          28044            0.377        100.0
small_00                1.088038    1721470       2545833  1.479           6951            1.179        100.0
small_01                1.061789    1679699       2508453  1.493           6989            1.214        100.0
small_02                1.030066    1629041       2507882  1.539           6923            1.202        100.0
small_03                1.064914    1684749       2472600  1.468           6686            1.174        100.0
small_04                1.039141    1642530       2508550  1.527           6811            1.176        100.0
small_05                1.080523    1709006       2536220  1.484           7051            1.211        100.0
small_06                1.093016    1729078       2549651  1.475           6988            1.183        100.0
small_07                1.073442    1697876       2539566  1.496           6904            1.172        100.0
small_08                1.042069    1647764       2521256  1.530           6911            1.190        100.0
small_09                1.048406    1657780       2466898  1.488           6616            1.163        100.0

submissions/polynomial/composition_of_formal_power_series_large/a1073741824.cpp
SHA-256: 4887b9cc682ad4fe2362244efe1406e8210b332b6be43831f32a666f4535e69d
case             task-clock (ms)      cycles  instructions    IPC  branch-misses  branch-miss (%)  running (%)
max (random_00)       928.483268           -             -      -              -                -            -
sum                 13703.265898           -             -      -              -                -            -
example_00             31.485484    50244628      60673477  1.208          11308            0.185        100.0
hack2_00              927.807435  1480863716    3518487421  2.376         288899            0.133        100.0
hack2_01              927.891820  1480991004    3517235117  2.375         291174            0.134        100.0
hack2_02              926.122863  1478163136    3518064668  2.380         294474            0.136        100.0
hack_00               922.040992  1471649353    3485244044  2.368         276101            0.131        100.0
hack_01               922.479833  1472369802    3480602471  2.364         272059            0.129        100.0
hack_02               927.577940  1480414716    3509150707  2.370         288151            0.134        100.0
max_random_00         928.262217  1481622529    3520931243  2.376         291336            0.134        100.0
max_random_01         927.236266  1479955207    3517242709  2.377         288114            0.133        100.0
max_random_02         927.471540  1480325452    3517509815  2.376         291826            0.135        100.0
max_random_03         926.602493  1478926646    3518152565  2.379         293899            0.135        100.0
max_random_04         927.470924  1480338974    3517870226  2.376         290080            0.134        100.0
mid_00                 70.585552   112658990     211944470  1.881          27451            0.178        100.0
mid_01                 70.212860   112064811     211053972  1.883          27003            0.177        100.0
mid_02                 70.430664   112412374     210767070  1.875          27128            0.178        100.0
mid_03                 49.176375    78484368     130976522  1.669          19026            0.177        100.0
mid_04                 71.140377   113545322     215512444  1.898          27755            0.172        100.0
random_00             928.483268  1481927243    3514710918  2.372         291231            0.135        100.0
random_01             908.066791  1449361551    3402722781  2.348         266056            0.137        100.0
random_02             443.325171   707572176    1645877100  2.326         143420            0.141        100.0
random_03             437.486180   698256173    1612503104  2.309         140587            0.147        100.0
random_04             118.843217   189665550     401295896  2.116          45080            0.161        100.0
small_00               31.332451    50000586      60508644  1.210           9894            0.163        100.0
small_01               31.320716    49983098      60504228  1.210           9984            0.164        100.0
small_02               31.364615    50052010      60464253  1.208           9879            0.163        100.0
small_03               31.277022    49912927      60476391  1.212           9822            0.162        100.0
small_04               31.244647    49861942      60443169  1.212           9797            0.161        100.0
small_05               31.324284    49988155      60520812  1.211          10211            0.168        100.0
small_06               31.216448    49790558      60553315  1.216          10619            0.174        100.0
small_07               31.402631    50112093      60475567  1.207          10239            0.169        100.0
small_08               31.268696    49899544      60512909  1.213          10026            0.165        100.0
small_09               31.314126    49971589      60418043  1.209           9496            0.157        100.0

submissions/polynomial/composition_of_formal_power_series_large/cmk666.cpp
SHA-256: 34156d0061a439fa5be9f53129099858b8e8489aa803d055134f3048844199c3
case                 task-clock (ms)     cycles  instructions    IPC  branch-misses  branch-miss (%)  running (%)
max (max_random_03)       350.246620          -             -      -              -                -            -
sum                      4947.364821          -             -      -              -                -            -
example_00                  1.085241    1717048       2521732  1.469           6886            1.186        100.0
hack2_00                  347.333086  554136033    1189318339  2.146         178261            0.267        100.0
hack2_01                  348.538343  556060120    1189655089  2.139         179198            0.268        100.0
hack2_02                  347.201036  553761941    1189657932  2.148         179574            0.269        100.0
hack_00                   346.084202  551970630    1185219886  2.147         158924            0.239        100.0
hack_01                   346.567024  552821948    1185223007  2.144         156208            0.235        100.0
hack_02                   347.566520  554510289    1188931735  2.144         174247            0.261        100.0
max_random_00             348.332096  555734402    1190148790  2.142         179922            0.269        100.0
max_random_01             347.735739  554776716    1188263323  2.142         179747            0.271        100.0
max_random_02             348.198264  555529086    1189145172  2.141         178580            0.268        100.0
max_random_03             350.246620  558701856    1192757384  2.135         180449            0.267        100.0
max_random_04             347.688423  554620624    1189123002  2.144         179095            0.269        100.0
mid_00                     15.085420   24066460      52077985  2.164          16837            0.450        100.0
mid_01                     15.067642   24038353      51962311  2.162          16496            0.443        100.0
mid_02                     15.075355   24050559      51919744  2.159          16384            0.441        100.0
mid_03                      7.345964   11710696      24868151  2.124          12441            0.595        100.0
mid_04                     15.210024   24248681      52424174  2.162          17683            0.466        100.0
random_00                 347.600646  554580706    1190747934  2.147         179036            0.267        100.0
random_01                 345.186426  550723150    1178378916  2.140         156312            0.240        100.0
random_02                 158.360222  252757082     541444019  2.142          86971            0.278        100.0
random_03                 158.468000  252890461     539553561  2.134          81363            0.261        100.0
random_04                  32.878661   52468886     113604285  2.165          27468            0.369        100.0
small_00                    1.059698    1676107       2545903  1.519           6941            1.177        100.0
small_01                    1.062960    1680696       2507680  1.492           6984            1.213        100.0
small_02                    1.047822    1657300       2508234  1.513           6934            1.204        100.0
small_03                    1.058735    1674192       2504448  1.496           6699            1.150        100.0
small_04                    1.019718    1611115       2512895  1.560           6792            1.171        100.0
small_05                    1.081088    1710177       2517252  1.472           7081            1.229        100.0
small_06                    1.069853    1692294       2543692  1.503           7012            1.190        100.0
small_07                    1.034678    1635103       2493426  1.525           6754            1.177        100.0
small_08                    1.053117    1665557       2508889  1.506           6923            1.202        100.0
small_09                    1.022198    1616347       2503690  1.549           6659            1.143        100.0

submissions/polynomial/composition_of_formal_power_series_large/kaichou243__.cpp
SHA-256: a8104ce06dc1b0a7d8f441cfbede7ad71dc9375e642e6ff5414f8a9f998e7713
case                 task-clock (ms)     cycles  instructions    IPC  branch-misses  branch-miss (%)  running (%)
max (max_random_04)       575.414921          -             -      -              -                -            -
sum                      8156.168197          -             -      -              -                -            -
example_00                  1.142841    1809118       2735308  1.512           7142            1.144        100.0
hack2_00                  575.355787  918311522    2044760023  2.227         435302            0.324        100.0
hack2_01                  573.915623  916009780    2044407362  2.232         412437            0.307        100.0
hack2_02                  574.726965  917292545    2044278345  2.229         391009            0.291        100.0
hack_00                   571.412398  911991015    2027647008  2.223         375003            0.283        100.0
hack_01                   571.321218  911856132    2024886764  2.221         397224            0.300        100.0
hack_02                   572.781613  914185853    2039311009  2.231         364620            0.273        100.0
max_random_00             573.681577  915641270    2043951889  2.232         430959            0.321        100.0
max_random_01             574.977835  917705042    2043926449  2.227         443263            0.330        100.0
max_random_02             574.331009  916648458    2043999151  2.230         356361            0.265        100.0
max_random_03             575.283355  918180685    2044735239  2.227         371194            0.276        100.0
max_random_04             575.414921  918403660    2044660719  2.226         420452            0.313        100.0
mid_00                     24.766930   39519113      91455278  2.314          33538            0.487        100.0
mid_01                     24.697494   39409186      91200399  2.314          33134            0.483        100.0
mid_02                     24.661209   39351275      91129162  2.316          34247            0.500        100.0
mid_03                     11.669701   18613290      43304608  2.327          22151            0.622        100.0
mid_04                     25.006575   39902729      92322597  2.314          37487            0.537        100.0
random_00                 575.096011  917853278    2044277558  2.227         426434            0.317        100.0
random_01                 568.975293  908098227    2016502015  2.221         354608            0.270        100.0
random_02                 261.506315  417372139     939258058  2.250         192972            0.306        100.0
random_03                 259.801639  414667373     930981144  2.245         181264            0.292        100.0
random_04                  54.568433   87059335     200080584  2.298          62942            0.439        100.0
small_00                    1.115756    1765191       2728293  1.546           7287            1.174        100.0
small_01                    1.110302    1756776       2691782  1.532           7016            1.152        100.0
small_02                    1.120652    1773349       2737963  1.544           7178            1.150        100.0
small_03                    1.048748    1658807       2656205  1.601           6507            1.073        100.0
small_04                    1.124961    1780774       2741268  1.539           7025            1.121        100.0
small_05                    1.115977    1766176       2726570  1.544           7367            1.202        100.0
small_06                    1.121877    1775442       2701003  1.521           7195            1.178        100.0
small_07                    1.110194    1756241       2719030  1.548           6910            1.110        100.0
small_08                    1.106533    1750680       2736644  1.563           7240            1.160        100.0
small_09                    1.098455    1736803       2691995  1.550           6781            1.098        100.0

src/polynomial/composition_of_formal_power_series_large/main.cxx
SHA-256: 53b888bb37808dd33d03598757026c7ae56112b51361ba7daba98ca2ee3a6906
case                 task-clock (ms)     cycles  instructions    IPC  branch-misses  branch-miss (%)  running (%)
max (max_random_02)       282.523623          -             -      -              -                -            -
sum                      4012.163116          -             -      -              -                -            -
example_00                  0.831248    1311723       1753299  1.337           5535            1.416        100.0
hack2_00                  282.224674  450411298     964049277  2.140          78938            0.198        100.0
hack2_01                  281.502106  449314991     963383452  2.144          78567            0.198        100.0
hack2_02                  282.207090  450383756     963638621  2.140          79374            0.199        100.0
hack_00                   280.795153  448154054     960214199  2.143          69656            0.175        100.0
hack_01                   280.869924  448305543     959818791  2.141          68040            0.171        100.0
hack_02                   281.476616  449243720     962682138  2.143          76085            0.191        100.0
max_random_00             281.978065  450030215     964000977  2.142          79806            0.200        100.0
max_random_01             282.188787  450373184     963994944  2.140          80188            0.201        100.0
max_random_02             282.523623  450888214     964156569  2.138          80727            0.202        100.0
max_random_03             282.374400  450683987     963483006  2.138          79801            0.201        100.0
max_random_04             281.433495  449187831     963399722  2.145          78130            0.197        100.0
mid_00                     12.700719   20258944      42038657  2.075          12558            0.551        100.0
mid_01                     12.675798   20218133      41966136  2.076          12295            0.540        100.0
mid_02                     12.656691   20187926      41959318  2.078          12246            0.538        100.0
mid_03                      6.515996   10385526      20569063  1.981          10111            0.709        100.0
mid_04                     12.988490   20717389      42752052  2.064          13166            0.548        100.0
random_00                 281.590880  449459120     962876321  2.142          79272            0.200        100.0
random_01                 279.404098  445921690     952789660  2.137          65834            0.171        100.0
random_02                 129.253597  206285147     439880296  2.132          42048            0.223        100.0
random_03                 128.477932  205071818     436533074  2.129          36657            0.198        100.0
random_04                  27.358125   43656171      92419029  2.117          18018            0.396        100.0
small_00                    0.791881    1248274       1764035  1.413           5562            1.408        100.0
small_01                    0.787581    1241400       1744606  1.405           5569            1.433        100.0
small_02                    0.808826    1275043       1757285  1.378           5529            1.413        100.0
small_03                    0.843946    1332472       1783116  1.338           5545            1.375        100.0
small_04                    0.788680    1243835       1765963  1.420           5592            1.414        100.0
small_05                    0.821552    1295665       1781869  1.375           5388            1.347        100.0
small_06                    0.836329    1319480       1784760  1.353           5387            1.337        100.0
small_07                    0.804127    1268018       1746189  1.377           5545            1.423        100.0
small_08                    0.829260    1308485       1774619  1.356           5537            1.387        100.0
small_09                    0.823427    1298472       1774959  1.367           5528            1.384        100.0
