case              task-clock (ms)     cycles  instructions    IPC  branch-misses  branch-miss (%)  running (%)
max (random_11)        169.420032          -             -      -              -                -            -
sum                   3999.486750          -             -      -              -                -            -
example_00               0.937053    1758620       1691209  0.962           6266            1.714        100.0
example_01               0.930802    1746374       1724791  0.988           6237            1.659        100.0
example_02               0.971068    1822981       1727403  0.948           6304            1.676        100.0
example_03               0.923249    1732870       1708567  0.986           6147            1.650        100.0
almost_single_00        66.003854  125099081     244250201  1.952          28903            0.081        100.0
almost_single_01        62.295545  118047606     268510621  2.275          32575            0.089        100.0
almost_single_02        59.997941  113713709     246015556  2.163          25992            0.073        100.0
almost_single_03        53.352930  101101680     207908076  2.056          22612            0.082        100.0
almost_single_04        62.846519  119114464     239800042  2.013          30419            0.086        100.0
almost_single_05        63.390870  120146128     267535555  2.227          28351            0.078        100.0
almost_single_06        59.388288  112539131     254640154  2.263          26427            0.076        100.0
almost_single_07        48.264417   91472427     188428991  2.060          22732            0.091        100.0
bfs_00                   9.751978   18454319      23448779  1.271          10075            0.289        100.0
bfs_01                  22.293861   42241861      45233937  1.071         131851            1.979        100.0
bfs_02                  30.609451   58005021      67093046  1.157         290952            2.984        100.0
bfs_03                  40.627551   76981591      99286028  1.290         500859            3.481        100.0
fibonacci_00            67.980624  128825691     261038877  2.026          30402            0.088        100.0
fibonacci_01            61.579506  116694382     261602625  2.242          23189            0.067        100.0
fibonacci_02            62.103501  117685788     261470133  2.222          27340            0.079        100.0
fibonacci_03            67.076416  127133311     257777105  2.028          24357            0.072        100.0
fibonacci_04            67.736090  128382218     260050426  2.026          26864            0.078        100.0
fibonacci_05            62.506753  118470578     261374810  2.206          27565            0.080        100.0
fibonacci_06            61.901598  117302664     261397073  2.228          30612            0.089        100.0
fibonacci_07            66.987652  126943090     256380962  2.020          27225            0.080        100.0
fibonacci_08            67.846050  128549741     260052625  2.023          26636            0.077        100.0
fibonacci_09            62.982148  119356213     261916146  2.194          31486            0.091        100.0
fibonacci_10            61.576143  116659287     261377291  2.241          26529            0.077        100.0
fibonacci_11            66.698227  126394106     255991138  2.025          26932            0.080        100.0
fibonacci_12            67.850858  128570441     260113093  2.023          29021            0.084        100.0
fibonacci_13            63.045945  119477563     261283200  2.187          30682            0.089        100.0
fibonacci_14            61.739809  116982696     261355145  2.234          28995            0.084        100.0
fibonacci_15            66.885415  126747827     256872014  2.027          24232            0.072        100.0
random_00               19.761294   37442006      74491574  1.990          15682            0.125        100.0
random_01               19.523665   36990746      57470989  1.554         348748            3.658        100.0
random_02               91.712858  173770990     158769359  0.914         816056            3.649        100.0
random_03              135.452005  256582819     208631171  0.813         608163            2.151        100.0
random_04               65.781835  124657886     227012373  1.821         296011            0.913        100.0
random_05               59.500081  112740151     223304655  1.981          70703            0.224        100.0
random_06               76.894607  145722736     262690273  1.803         759061            2.133        100.0
random_07               87.501907  165804654     266285519  1.606         821345            2.265        100.0
random_08               19.736548   37380261      74496793  1.993          14086            0.112        100.0
random_09               19.506835   36959227      57443459  1.554         348614            3.658        100.0
random_10               36.192724   68589153      76008916  1.108         572326            5.155        100.0
random_11              169.420032  320830612     255995015  0.798         802081            2.281        100.0
random_12               71.120227  134775981     233279875  1.731         558721            1.669        100.0
random_13               72.047396  136555778     236615476  1.733         826103            2.466        100.0
random_14               73.744138  139751412     236906877  1.695        1009336            3.023        100.0
random_15               83.721293  158648988     264666950  1.668         672349            1.888        100.0
random_16               19.783681   37450989      74538027  1.990          15547            0.124        100.0
random_17               19.604732   37144692      57597029  1.551         349493            3.655        100.0
random_18                9.728205   18422632      33059956  1.795         184882            3.542        100.0
random_19              164.641362  311870625     243341609  0.780         803712            2.418        100.0
random_20               62.502243  118423796     223771368  1.890          67811            0.214        100.0
random_21               69.980128  132617952     233583219  1.761         647179            1.936        100.0
random_22               73.716053  139677580     259711929  1.859         669734            1.852        100.0
random_23               75.867558  143777435     262111661  1.823         416513            1.143        100.0
short_period_00         67.737434  128385214     261388052  2.036          30194            0.088        100.0
short_period_01         41.127720   77945429     151112640  1.939          22298            0.111        100.0
short_period_02         49.547803   93885903     203835988  2.171          21021            0.078        100.0
short_period_03         14.913872   28252980      45970426  1.627           8974            0.138        100.0
short_period_04         67.580341  128067073     261359796  2.041          26865            0.078        100.0
short_period_05         62.442901  118348539     261358321  2.208          27876            0.081        100.0
short_period_06         29.392831   55700606     111937354  2.010          14525            0.096        100.0
short_period_07         15.496822   29357151      48647795  1.657           9904            0.145        100.0
short_period_08         67.703110  128301620     261589615  2.039          32838            0.095        100.0
short_period_09         62.546042  118517429     261343345  2.205          26004            0.075        100.0
short_period_10         35.946543   68123737     142582919  2.093          17070            0.090        100.0
short_period_11         23.361364   44267149      85612399  1.934          12032            0.103        100.0
short_period_12         67.839548  128579484     261605099  2.035          26822            0.078        100.0
short_period_13         61.823084  117153538     261509919  2.232          27296            0.079        100.0
short_period_14         60.420571  114493318     259012924  2.262          25907            0.076        100.0
short_period_15         55.083245  104378873     215252292  2.062          19479            0.068        100.0
