case                          task-clock (ms)      cycles  instructions    IPC  branch-misses  branch-miss (%)  running (%)
max (many_affine_queries_00)      1300.290848           -             -      -              -                -            -
sum                              11080.276019           -             -      -              -                -            -
example_00                           0.841324     1576770       1592374  1.010           5285            1.540        100.0
issue_1298_00                      156.505835   296612450     525167720  1.771        2813179            5.748        100.0
issue_1298_01                      156.266379   296135359     524294493  1.770        2796862            5.724        100.0
many_affine_queries_00            1300.290848  2464538864    4664202174  1.893       14977133            5.278        100.0
many_points_00                     310.841500   589104781     881038437  1.496        5578587            7.192        100.0
many_random_queries_00            1167.869017  2213461924    3852279414  1.740       14427974            5.117        100.0
many_sum_queries_00               1064.456171  2017489340    3028557316  1.501       12675798            4.528        100.0
many_updates_00                    229.330938   434650435     664869465  1.530        3388275            6.153        100.0
max_random_00                      732.755309  1388830040    2393374272  1.723        9163427            5.325        100.0
max_random_01                      734.915113  1392919010    2407847602  1.729        9124549            5.284        100.0
power_of_2_00                      500.337733   948283699    1563029023  1.648        6857731            5.610        100.0
power_of_2_01                      504.965659   956974091    1573845764  1.645        6917805            5.620        100.0
power_of_2_minus_1_00              546.542371  1035889401    1811655187  1.749        6663480            5.137        100.0
power_of_2_minus_1_01              568.049795  1076637273    1817425609  1.688        6718926            5.153        100.0
random_00                          319.292176   605147970    1003675894  1.659        4739158            5.671        100.0
random_01                          138.616528   262726189     408637717  1.555        2470685            6.913        100.0
random_02                          389.178431   737631518    1220251197  1.654        5820903            5.792        100.0
small_00                             1.124499     2112895       2307312  1.092          10789            2.595        100.0
small_01                             0.998847     1876358       1905317  1.015           7540            1.993        100.0
small_02                             1.036252     1945854       1933733  0.994           7217            1.900        100.0
small_03                             0.980400     1840837       1896446  1.030           7212            1.909        100.0
small_04                             1.319039     2482274       3069865  1.237          13200            2.761        100.0
xy_concentrate_00                  731.151166  1385776513    2389178194  1.724        9123738            5.280        100.0
xy_concentrate_01                  761.981803  1444210510    2415348129  1.672        9206056            5.270        100.0
xy_concentrate_02                  760.628886  1441618813    2417101371  1.677        9213005            5.278        100.0
