case                   task-clock (ms)   cycles  instructions    IPC  branch-misses  branch-miss (%)  running (%)
max (all_same_01)             5.030158        -             -      -              -                -            -
sum                          36.347860        -             -      -              -                -            -
example_00                    0.861117  1614942       1605733  0.994           5499            1.572        100.0
example_01                    0.873657  1638004       1569693  0.958           5276            1.565        100.0
all_same_00                   5.010037  9478663      17102171  1.804           7535            0.368        100.0
all_same_01                   5.030158  9504503      17202473  1.810           7637            0.370        100.0
all_same_plus_one_00          1.046106  1965127       1967624  1.001           5990            1.433        100.0
all_same_plus_one_01          1.031900  1938932       1974582  1.018           6087            1.445        100.0
binary_00                     1.004475  1885584       1895735  1.005           6062            1.498        100.0
binary_carry_00               1.049579  1972521       2025797  1.027           6016            1.411        100.0
binary_carry_01               1.003771  1885647       2038118  1.081           6017            1.392        100.0
fib_str_00                    1.066717  2004043       2103408  1.050           6136            1.373        100.0
fib_str_01                    1.062568  1995857       1966608  0.985           6276            1.505        100.0
max_random_00                 2.164782  4084619       8016379  1.963          26984            1.406        100.0
max_random_01                 2.092168  3948062       7981376  2.022          28031            1.467        100.0
min_00                        0.869177  1629589       1621558  0.995           5461            1.549        100.0
min_01                        0.854947  1603324       1605917  1.002           5483            1.577        100.0
min_02                        0.844496  1582882       1614688  1.020           5357            1.524        100.0
min_03                        0.874959  1639443       1606500  0.980           5482            1.576        100.0
random_00                     1.858401  3504559       6606557  1.885          23763            1.512        100.0
random_01                     2.023866  3817172       7525535  1.971          26659            1.482        100.0
random_02                     1.027301  1929071       2317530  1.201           8245            1.576        100.0
random_03                     1.946213  3671032       7111593  1.937          25790            1.520        100.0
random_04                     1.581518  2979311       5181322  1.739          18403            1.502        100.0
various_repetition_00         1.169947  2199821       2330717  1.060           6456            1.402        100.0
