case                task-clock (ms)     cycles  instructions    IPC  branch-misses  branch-miss (%)  running (%)
max (almost_t0_00)       203.410653          -             -      -              -                -            -
sum                     1728.271991          -             -      -              -                -            -
example_00                 0.857687    1607763       1565280  0.974           5226            1.556        100.0
almost_t0_00             203.410653  385367767     475694938  1.234        3667132            7.362        100.0
almost_t0_01             202.357041  383406164     474717119  1.238        3638859            7.326        100.0
almost_t0_02             202.976265  384552172     474388603  1.234        3668990            7.382        100.0
almost_t1_00              69.009205  130659223     153378514  1.174        1769480            8.130        100.0
almost_t1_01              68.914607  130479345     153442585  1.176        1769505            8.134        100.0
almost_t1_02              68.667663  129967990     153415802  1.180        1767023            8.115        100.0
max_random_00            140.079091  265302183     314602985  1.186        2816420            7.864        100.0
max_random_01            139.128277  263574236     313795979  1.191        2797208            7.836        100.0
max_random_02            140.027890  265265836     314064557  1.184        2815005            7.870        100.0
random_00                 77.958717  147732789     191856042  1.299        1815750            8.474        100.0
random_01                 39.849714   75392026      81951781  1.087         579978            5.496        100.0
random_02                 76.387323  144740797     180684717  1.248        1653082            8.049        100.0
small_00                   0.892184    1673289       1722254  1.029           6217            1.762        100.0
small_01                   0.979096    1838750       1810635  0.985           7202            1.926        100.0
small_02                   0.957246    1796271       1851323  1.031           7753            2.099        100.0
small_03                   1.014858    1905817       1881436  0.987           8899            2.318        100.0
small_04                   1.008417    1892290       1929523  1.020           9264            2.446        100.0
small_05                   1.042927    1958816       1977914  1.010           9996            2.531        100.0
small_06                   1.019235    1913980       1974985  1.032          10147            2.651        100.0
small_07                   1.022450    1920778       1953419  1.017          11280            2.958        100.0
small_08                   1.108460    2083410       2086792  1.002          11448            2.815        100.0
small_09                   1.061724    1994452       2039245  1.022          11704            2.984        100.0
small_random_00            1.798890    3392031       3736478  1.102          29639            4.958        100.0
small_random_01            1.502724    2830914       3015294  1.065          24531            4.889        100.0
width_almost_n_00         94.372024  178709635     291794377  1.633        1035144            2.868        100.0
width_almost_n_01         95.173752  180255429     293987449  1.631        1075897            2.977        100.0
width_almost_n_02         95.693871  181242502     296050299  1.633        1068580            2.930        100.0
