case                   task-clock (ms)      cycles  instructions    IPC  branch-misses  branch-miss (%)  running (%)
max (max_02)                979.987758           -             -      -              -                -            -
sum                        7512.485289           -             -      -              -                -            -
example_00                    0.908860     1704110       1623190  0.953           5697            1.629        100.0
extreme_insertion_00        132.957432   251980177     814111177  3.231         150032            0.159        100.0
extreme_insertion_01        132.996067   252062228     814139065  3.230         147940            0.157        100.0
extreme_insertion_02        133.104473   252267940     814194884  3.228         151143            0.161        100.0
max_00                      221.549714   419893855     700907891  1.669        3806690            4.797        100.0
max_01                      172.549815   327019228     627169819  1.918        3430192            4.115        100.0
max_02                      979.987758  1857350437    2399227153  1.292       31769764            9.866        100.0
max_03                      940.542850  1782689393    4148445888  2.327       12565196            4.886        100.0
max_04                      362.020291   686094063    1178720857  1.718        7869450            7.358        100.0
max_random_00               695.897862  1318860549    2061512643  1.563       16975899            9.632        100.0
max_random_01               690.045717  1307850804    2061819078  1.576       16955802            9.632        100.0
max_random_02               693.505275  1314360475    2063865216  1.570       17016393            9.646        100.0
random_00                   547.033962  1036772607    1648970406  1.590       13699009            9.691        100.0
random_01                   568.512135  1077473764    1694397673  1.573       13942278            9.615        100.0
random_02                   377.468002   715373048    1163063582  1.626       10742223           10.545        100.0
random_03                    45.767165    86720369     129392513  1.492         854432            7.118        100.0
random_04                   130.865995   247961001     395087832  1.593        3194754            9.265        100.0
small_00                      0.979169     1838157       1885492  1.026           8321            2.208        100.0
small_01                      0.942959     1769495       1704743  0.963           6322            1.760        100.0
small_02                      0.908406     1704433       1700783  0.998           6600            1.857        100.0
small_03                      0.942459     1768213       1701615  0.962           6363            1.777        100.0
small_04                      1.114506     2095292       2213235  1.056          11891            2.917        100.0
small_05                      1.010659     1896938       1881174  0.992           8085            2.137        100.0
small_06                      1.001324     1880189       1877872  0.999           8313            2.211        100.0
small_07                      0.971907     1824734       1800560  0.987           7442            2.007        100.0
small_08                      1.011865     1899462       1919954  1.011           8560            2.242        100.0
small_09                      0.948632     1779592       1801983  1.013           7998            2.189        100.0
wrong_avl_killer_00         131.467792   249165978     802632184  3.221         167641            0.180        100.0
wrong_avl_killer_01         127.617398   241852061     778716590  3.220          28570            0.033        100.0
wrong_splay_killer_00       109.971224   208406953     560879223  2.691         477427            0.803        100.0
wrong_splay_killer_01       100.391498   190269237     496920539  2.612         579105            1.138        100.0
wrong_splay_killer_02       105.572547   200103385     537491625  2.686         454204            0.785        100.0
wrong_splay_killer_03       101.919571   193154680     502245480  2.600         559769            1.083        100.0
