case                  task-clock (ms)    cycles  instructions    IPC  branch-misses  branch-miss (%)  running (%)
max (random_01)             39.501120         -             -      -              -                -            -
sum                        275.096403         -             -      -              -                -            -
example_00                   0.852882   1599210       1590797  0.995           5392            1.565        100.0
ephemeral_00                19.252782  36343296      54717792  1.506         308846            4.657        100.0
half_rot_killer2_00         10.963835  20767681      39901425  1.921           9362            0.157        100.0
half_rot_killer_00          18.595660  35234436      69870859  1.983          33472            0.417        100.0
random_00                   31.760657  60145532      53379520  0.888         915006           14.619        100.0
random_01                   39.501120  74862693      63123351  0.843        1085310           14.757        100.0
random_02                    5.897894  11161935       9943837  0.891         135344            9.560        100.0
random_2_00                 30.020682  56858202      52922432  0.931         801481           12.512        100.0
random_2_01                 36.464619  69105696      62142357  0.899         952377           12.763        100.0
random_2_02                  5.562590  10526497       9750864  0.926         118207            8.416        100.0
random_3_00                 24.144589  45730309      53297267  1.165         795949           12.237        100.0
random_3_01                 28.244349  53524107      62807704  1.173         943672           12.390        100.0
random_3_02                  4.868773   9210970       9814999  1.066         118342            8.336        100.0
two_stacks_killer_00        18.965971  35936252      69351109  1.930          46994            0.553        100.0
