2026-10-01 lenovo / Intel(R) Core(TM) i5-10210U CPU @ 1.60GHz
Two complete passes per binary; per case minimum task-clock; all counters from that same run.
Unchanged binaries reuse their recorded passes; each section identifies its measurement batch.
Cases: 46, including examples. Units: ms. No CPU pinning.
Compiler: g++ (GCC) 16.2.1 20260819 (Red Hat 16.2.1-2); rustc 1.98.1 (48a229cea 2026-09-01)
Build host: master (old results); fedora (new submissions); glibc 2.43
Environment: Linux 7.2.8-200.fc44.x86_64; affinity [0, 1, 2, 3]; stack 268435456 bytes; bench_env OK.
cxx_flags.txt: -std=c++23 -DEVAL -DONLINE_JUDGE -Iinclude -O3 -fwhole-program -fno-exceptions -fno-rtti -march=x86-64-v3 -fno-pie -no-pie -nostdlib++ -static -lm -s
cpp_flags.txt: -std=c++23 -DEVAL -DONLINE_JUDGE -Iac-library -include cassert -O3 -fwhole-program -fno-exceptions -fno-rtti -march=x86-64-v3 -fno-pie -no-pie -static -lgmp -s
rust_flags.txt: -C opt-level=3 -C codegen-units=1 -C lto=fat -C panic=abort -C target-cpu=x86-64-v3 -C target-feature=+crt-static -C relocation-model=static -C link-arg=-Wl,-u,__cxa_thread_atexit_impl -C strip=symbols

solution                                max (ms)       sum (ms)
Rohan_Kapri                              278.679297    3049.321157
nandhagk                                 277.569021    3040.495166
rewhile                                  459.531183    6157.430742
suisen                                   495.723064    7678.332849
titan23                                  526.141575    6211.064413
main                                     261.818009    2581.223351
toomer                                   341.925509    4499.499665

submissions/tree/vertex_get_range_contour_add_on_tree/Rohan_Kapri.cpp
SHA-256: 77f871a3052d8c5363f366bbb8757b8db483a3417bd81172775024fe6e69b3af
Measured: full-20261001, original two complete passes
case                               task-clock (ms)     cycles  instructions    IPC  branch-misses  branch-miss (%)  running (%)
max (random_many_addquery_2_01)         278.679297          -             -      -              -                -            -
sum                                    3049.321157          -             -      -              -                -            -
example_00                                1.036472    1639612       2431426  1.483           7603            1.362        100.0
example_01                                1.031795    1631293       2398162  1.470           7273            1.318        100.0
binary_2_00                             249.330938  397870891     460875087  1.158        1584339            2.284        100.0
binary_2_01                             251.461374  401270997     460904178  1.149        1560602            2.251        100.0
line_1_00                                95.302130  152086787     225080307  1.480        1876540            5.671        100.0
line_2_00                               107.217813  171086936     256095400  1.497        2391286            6.376        100.0
random_large_1_00                       169.410517  270297412     304399765  1.126        1775544            3.763        100.0
random_large_2_00                       244.930414  390820304     403312308  1.032        3887359            6.547        100.0
random_many_addquery_2_00               274.842819  438540735     451654386  1.030        5305417            8.100        100.0
random_many_addquery_2_01               278.679297  444721467     455673031  1.025        5386490            8.139        100.0
random_many_getquery_2_00               210.273475  335510431     348954504  1.040        2146112            4.104        100.0
random_many_getquery_2_01               211.805020  337931897     354480733  1.049        2220324            4.158        100.0
random_max_1_00                         170.350805  271768607     302105836  1.112        1757548            3.762        100.0
random_max_2_00                         244.426945  390016621     400570804  1.027        3840606            6.517        100.0
random_medium_1_00                        2.230518    3545062       5436887  1.534          27256            2.620        100.0
random_medium_1_01                        1.922255    3052694       4698656  1.539          23394            2.531        100.0
random_medium_2_00                        2.431311    3865470       5781011  1.496          35112            3.245        100.0
random_medium_2_01                        2.095123    3329312       4960657  1.490          30295            3.182        100.0
random_medium_2_02                        2.017758    3205468       4721168  1.473          29016            3.206        100.0
random_medium_2_03                        2.044348    3247412       4839140  1.490          29945            3.233        100.0
random_medium_2_04                        2.419899    3847061       5725138  1.488          37099            3.499        100.0
random_medium_2_05                        2.601706    4137225       6134728  1.483          38300            3.359        100.0
random_medium_2_06                        2.559828    4070405       6090462  1.496          38287            3.399        100.0
random_medium_2_07                        2.339859    3719633       5628798  1.513          34821            3.287        100.0
random_small_tree_many_query_1_00        14.846312   23683428      50703073  2.141         124727            1.714        100.0
random_small_tree_many_query_1_01        16.758871   26736426      53482307  2.000         215852            2.749        100.0
random_small_tree_many_query_1_02        19.194622   30611612      54125618  1.768         337347            4.212        100.0
random_small_tree_many_query_1_03        18.639160   29737908      52757728  1.774         337931            4.106        100.0
random_small_tree_many_query_1_04        18.108343   28890365      54182562  1.875         260829            3.406        100.0
random_small_tree_many_query_1_05        18.156400   28967278      56043218  1.935         252337            3.118        100.0
random_small_tree_many_query_1_06        18.562182   29614834      56423383  1.905         266157            3.279        100.0
random_small_tree_many_query_1_07        17.199616   27439976      53539928  1.951         212556            2.864        100.0
random_small_tree_many_query_1_08        17.847435   28474261      53419823  1.876         247317            3.261        100.0
random_small_tree_many_query_1_09        19.064090   30416042      56777388  1.867         278083            3.445        100.0
random_small_tree_many_query_2_00        14.875073   23729270      50664578  2.135         125188            1.724        100.0
random_small_tree_many_query_2_01        16.789998   26786353      53444913  1.995         215076            2.744        100.0
random_small_tree_many_query_2_02        18.837023   30053970      54306310  1.807         314508            3.901        100.0
random_small_tree_many_query_2_03        18.855351   30054235      52961576  1.762         334337            4.045        100.0
random_small_tree_many_query_2_04        18.408667   29370297      54136957  1.843         280387            3.648        100.0
random_small_tree_many_query_2_05        19.131958   30524382      55062366  1.804         310557            3.927        100.0
random_small_tree_many_query_2_06        19.099695   30471993      56285232  1.847         303097            3.739        100.0
random_small_tree_many_query_2_07        17.181448   27410148      53884369  1.966         218175            2.912        100.0
random_small_tree_many_query_2_08        18.434674   29409986      55160419  1.876         263359            3.379        100.0
random_small_tree_many_query_2_09        18.942098   30221815      56334938  1.864         282757            3.524        100.0
uni_2_00                                 78.794816  125747580     234417178  1.864        1076639            3.105        100.0
uni_2_01                                 78.830906  125820965     233754724  1.858        1080083            3.128        100.0

submissions/tree/vertex_get_range_contour_add_on_tree/nandhagk.cpp
SHA-256: 77f871a3052d8c5363f366bbb8757b8db483a3417bd81172775024fe6e69b3af
Measured: full-20261001, original two complete passes
case                               task-clock (ms)     cycles  instructions    IPC  branch-misses  branch-miss (%)  running (%)
max (random_many_addquery_2_01)         277.569021          -             -      -              -                -            -
sum                                    3040.495166          -             -      -              -                -            -
example_00                                1.036008    1638105       2428742  1.483           7537            1.352        100.0
example_01                                1.039306    1644006       2402380  1.461           7313            1.323        100.0
binary_2_00                             249.946156  398836054     459781388  1.153        1587179            2.298        100.0
binary_2_01                             247.756580  395311043     459789009  1.163        1567816            2.271        100.0
line_1_00                                95.050187  151712624     225020291  1.483        1876804            5.675        100.0
line_2_00                               107.389564  171382428     256135288  1.495        2387296            6.362        100.0
random_large_1_00                       169.130819  269837145     303417647  1.124        1774481            3.780        100.0
random_large_2_00                       243.651374  388810101     402942295  1.036        3887490            6.558        100.0
random_many_addquery_2_00               274.406976  437867836     449845169  1.027        5302736            8.150        100.0
random_many_addquery_2_01               277.569021  442888302     455610266  1.029        5391706            8.151        100.0
random_many_getquery_2_00               209.207616  333790628     349924427  1.048        2148814            4.089        100.0
random_many_getquery_2_01               213.177214  340145418     354419482  1.042        2220119            4.159        100.0
random_max_1_00                         170.883831  272649532     301859793  1.107        1760233            3.775        100.0
random_max_2_00                         241.989998  386136094     399791816  1.035        3838254            6.534        100.0
random_medium_1_00                        2.225816    3537236       5426860  1.534          27313            2.638        100.0
random_medium_1_01                        1.888856    2998827       4669367  1.557          23050            2.516        100.0
random_medium_2_00                        2.441053    3881095       5805375  1.496          35316            3.248        100.0
random_medium_2_01                        2.089591    3319665       4965986  1.496          30407            3.197        100.0
random_medium_2_02                        2.001489    3179885       4766192  1.499          29137            3.162        100.0
random_medium_2_03                        2.075428    3297082       4885995  1.482          30143            3.201        100.0
random_medium_2_04                        2.398391    3812574       5749216  1.508          37113            3.463        100.0
random_medium_2_05                        2.584608    4109892       6112740  1.487          38268            3.376        100.0
random_medium_2_06                        2.590922    4121149       6129262  1.487          38383            3.372        100.0
random_medium_2_07                        2.367343    3763180       5648806  1.501          34739            3.263        100.0
random_small_tree_many_query_1_00        14.853464   23694273      50696960  2.140         124668            1.714        100.0
random_small_tree_many_query_1_01        16.729910   26689192      53428681  2.002         215574            2.752        100.0
random_small_tree_many_query_1_02        19.199335   30632502      54095298  1.766         336599            4.204        100.0
random_small_tree_many_query_1_03        18.653990   29761695      52825858  1.775         337589            4.091        100.0
random_small_tree_many_query_1_04        18.058719   28811683      54170562  1.880         260750            3.406        100.0
random_small_tree_many_query_1_05        18.153460   28963209      56050046  1.935         253342            3.130        100.0
random_small_tree_many_query_1_06        18.526596   29558419      56460367  1.910         265521            3.266        100.0
random_small_tree_many_query_1_07        17.191800   27427820      53557121  1.953         211977            2.853        100.0
random_small_tree_many_query_1_08        17.845670   28470705      53382071  1.875         248852            3.286        100.0
random_small_tree_many_query_1_09        19.041495   30379923      56774391  1.869         277765            3.440        100.0
random_small_tree_many_query_2_00        14.872558   23724397      50708382  2.137         125307            1.722        100.0
random_small_tree_many_query_2_01        16.778513   26768042      53475102  1.998         215406            2.745        100.0
random_small_tree_many_query_2_02        18.843630   30064433      54294650  1.806         314687            3.907        100.0
random_small_tree_many_query_2_03        18.832618   30046785      52910192  1.761         333258            4.040        100.0
random_small_tree_many_query_2_04        18.400594   29357063      54153869  1.845         280101            3.641        100.0
random_small_tree_many_query_2_05        19.140575   30538559      55040002  1.802         310934            3.934        100.0
random_small_tree_many_query_2_06        19.140425   30537787      56334925  1.845         302781            3.730        100.0
random_small_tree_many_query_2_07        17.228392   27486095      53898127  1.961         218791            2.921        100.0
random_small_tree_many_query_2_08        18.230919   29086237      55117754  1.895         264279            3.396        100.0
random_small_tree_many_query_2_09        18.976721   30277090      56351932  1.861         283436            3.529        100.0
uni_2_00                                 78.346792  125048689     234411872  1.875        1073360            3.096        100.0
uni_2_01                                 78.550843  125374866     233720069  1.864        1078557            3.125        100.0

submissions/tree/vertex_get_range_contour_add_on_tree/rewhile.cpp
SHA-256: 4c7d0b8c5d53d2eeee218e532e6e9697cc89241dfacf5079dc8b24eb9dd66a6f
Measured: full-20261001, original two complete passes
case                               task-clock (ms)     cycles  instructions    IPC  branch-misses  branch-miss (%)  running (%)
max (line_2_00)                         459.531183          -             -      -              -                -            -
sum                                    6157.430742          -             -      -              -                -            -
example_00                                1.047239    1656741       2506122  1.513           6931            1.192        100.0
example_01                                1.067469    1687877       2446273  1.449           6656            1.176        100.0
binary_2_00                             373.390150  595921125     950748496  1.595        1631097            0.875        100.0
binary_2_01                             371.993195  593623004     951565775  1.603        1622568            0.870        100.0
line_1_00                               447.254740  713815958    1002005495  1.404        2417326            1.215        100.0
line_2_00                               459.531183  733323262    1008624687  1.375        2539542            1.270        100.0
random_large_1_00                       280.613978  447878441     828984954  1.851        1948312            1.178        100.0
random_large_2_00                       315.504979  503562471     847839266  1.684        3491534            2.095        100.0
random_many_addquery_2_00               345.479011  551335763     951553352  1.726        3854476            2.015        100.0
random_many_addquery_2_01               355.138063  566770197     969048139  1.710        4090437            2.107        100.0
random_many_getquery_2_00               270.699765  432047856     728990571  1.687        2652108            1.897        100.0
random_many_getquery_2_01               276.747483  441710158     740558631  1.677        2660638            1.881        100.0
random_max_1_00                         280.497177  447646727     826148719  1.846        1994085            1.209        100.0
random_max_2_00                         310.836835  496089095     840316979  1.694        3400681            2.055        100.0
random_medium_1_00                        2.992591    4761956       9994329  2.099          30411            1.479        100.0
random_medium_1_01                        2.585480    4111513       8443837  2.054          25293            1.440        100.0
random_medium_2_00                        3.143006    5001408      10120530  2.024          38396            1.846        100.0
random_medium_2_01                        2.705539    4303459       8514849  1.979          32286            1.831        100.0
random_medium_2_02                        2.699390    4293211       8451586  1.969          31639            1.805        100.0
random_medium_2_03                        2.651176    4215761       8461770  2.007          31720            1.807        100.0
random_medium_2_04                        3.292460    5239353      10707868  2.044          40709            1.853        100.0
random_medium_2_05                        3.251711    5174761      10534149  2.036          39039            1.813        100.0
random_medium_2_06                        3.263683    5182437      10640594  2.053          39599            1.816        100.0
random_medium_2_07                        3.034957    4829015       9680202  2.005          36507            1.836        100.0
random_small_tree_many_query_1_00        78.850346  125830633     367676609  2.922         170218            0.222        100.0
random_small_tree_many_query_1_01        83.654199  133520150     367515767  2.753         410543            0.543        100.0
random_small_tree_many_query_1_02        86.461168  138001022     367961025  2.666         491540            0.652        100.0
random_small_tree_many_query_1_03        86.114701  137427065     367538464  2.674         481758            0.643        100.0
random_small_tree_many_query_1_04        87.871901  140240101     369766705  2.637         558165            0.742        100.0
random_small_tree_many_query_1_05        86.857171  138632220     369636142  2.666         507674            0.678        100.0
random_small_tree_many_query_1_06        88.028682  140475583     371123765  2.642         538431            0.715        100.0
random_small_tree_many_query_1_07        87.531828  139688184     372089211  2.664         503749            0.667        100.0
random_small_tree_many_query_1_08        87.888419  140277978     372211326  2.653         516998            0.687        100.0
random_small_tree_many_query_1_09        88.744338  141633107     375076583  2.648         568040            0.748        100.0
random_small_tree_many_query_2_00        78.884317  125905340     367635658  2.920         169902            0.221        100.0
random_small_tree_many_query_2_01        83.611247  133451653     367523422  2.754         406347            0.537        100.0
random_small_tree_many_query_2_02        86.290026  137715468     368374311  2.675         476466            0.632        100.0
random_small_tree_many_query_2_03        85.579987  136594463     368748300  2.700         463184            0.616        100.0
random_small_tree_many_query_2_04        87.428269  139531941     371152519  2.660         524350            0.694        100.0
random_small_tree_many_query_2_05        86.508539  138076318     369968908  2.679         492348            0.655        100.0
random_small_tree_many_query_2_06        87.978771  140423650     372304701  2.651         528448            0.700        100.0
random_small_tree_many_query_2_07        88.378649  141061014     374046776  2.652         516446            0.681        100.0
random_small_tree_many_query_2_08        88.921147  141927163     374887179  2.641         554776            0.730        100.0
random_small_tree_many_query_2_09        89.399150  142668126     376530218  2.639         593699            0.779        100.0
uni_2_00                                156.834813  250337848     639452219  2.554         409921            0.313        100.0
uni_2_01                                156.191814  249311522     638233985  2.560         416797            0.319        100.0

submissions/tree/vertex_get_range_contour_add_on_tree/suisen.cpp
SHA-256: 0c80ab8f51d6182e2624d39f7b8fa177e5ad16c3312e429189bc8b89b79299eb
Measured: full-20261001, original two complete passes
case                               task-clock (ms)     cycles  instructions    IPC  branch-misses  branch-miss (%)  running (%)
max (random_many_addquery_2_01)         495.723064          -             -      -              -                -            -
sum                                    7678.332849          -             -      -              -                -            -
example_00                                1.052787    1665245       2479928  1.489           7191            1.268        100.0
example_01                                1.020724    1612862       2426941  1.505           6677            1.200        100.0
binary_2_00                             354.047538  564914017    1141380825  2.020        1645461            0.778        100.0
binary_2_01                             354.162551  565075281    1141875300  2.021        1643252            0.777        100.0
line_1_00                               420.415202  670664462    1184081702  1.766        2411074            1.087        100.0
line_2_00                               423.658247  675833826    1192697977  1.765        2542849            1.139        100.0
random_large_1_00                       417.489354  665968276    1125289754  1.690        4564570            2.176        100.0
random_large_2_00                       451.007612  719483332    1138694649  1.583        5934074            2.822        100.0
random_many_addquery_2_00               493.355125  787185897    1269692127  1.613        7062504            2.968        100.0
random_many_addquery_2_01               495.723064  790956931    1273102674  1.610        7115017            2.984        100.0
random_many_getquery_2_00               407.945490  650799791    1015924363  1.561        4643810            2.521        100.0
random_many_getquery_2_01               410.467836  654886063    1019798313  1.557        4640085            2.515        100.0
random_max_1_00                         422.369655  673876525    1129890872  1.677        4588791            2.180        100.0
random_max_2_00                         455.660049  726978457    1142010682  1.571        5942093            2.817        100.0
random_medium_1_00                        4.572112    7283261      14336649  1.968          54283            1.937        100.0
random_medium_1_01                        3.648455    5808029      11443381  1.970          42525            1.873        100.0
random_medium_2_00                        4.704161    7493550      14389123  1.920          60980            2.175        100.0
random_medium_2_01                        3.774768    6010026      11461695  1.907          48418            2.139        100.0
random_medium_2_02                        3.670329    5843163      11228069  1.922          46601            2.085        100.0
random_medium_2_03                        3.800905    6051741      11494382  1.899          49671            2.183        100.0
random_medium_2_04                        4.728365    7532938      14711077  1.953          63109            2.187        100.0
random_medium_2_05                        4.974061    7924251      15226385  1.921          66212            2.240        100.0
random_medium_2_06                        5.012842    7986389      15551311  1.947          66578            2.202        100.0
random_medium_2_07                        4.446684    7082992      13718785  1.937          59387            2.209        100.0
random_small_tree_many_query_1_00        74.978577  119671907     370446196  3.096         170218            0.221        100.0
random_small_tree_many_query_1_01        79.709284  127222190     369018794  2.901         392888            0.520        100.0
random_small_tree_many_query_1_02        81.670824  130333372     368533951  2.828         463120            0.618        100.0
random_small_tree_many_query_1_03        82.341655  131413435     369633811  2.813         501630            0.670        100.0
random_small_tree_many_query_1_04        82.805903  132165246     370471151  2.803         526385            0.703        100.0
random_small_tree_many_query_1_05        82.308036  131334752     373028591  2.840         456134            0.609        100.0
random_small_tree_many_query_1_06        82.939888  132367046     372239710  2.812         526634            0.703        100.0
random_small_tree_many_query_1_07        82.656898  131915817     372400542  2.823         514312            0.687        100.0
random_small_tree_many_query_1_08        82.776874  132084271     372986589  2.824         512115            0.685        100.0
random_small_tree_many_query_1_09        84.068051  134167545     376248802  2.804         570116            0.756        100.0
random_small_tree_many_query_2_00        74.957627  119637819     370385343  3.096         169838            0.221        100.0
random_small_tree_many_query_2_01        79.653962  127135040     369044909  2.903         391417            0.518        100.0
random_small_tree_many_query_2_02        81.565171  130185401     368880731  2.834         455114            0.607        100.0
random_small_tree_many_query_2_03        82.181024  131168100     370491809  2.825         487824            0.650        100.0
random_small_tree_many_query_2_04        83.514515  133259947     371666342  2.789         550483            0.732        100.0
random_small_tree_many_query_2_05        83.202792  132770009     372968908  2.809         514947            0.685        100.0
random_small_tree_many_query_2_06        83.725892  133634183     373121065  2.792         567807            0.756        100.0
random_small_tree_many_query_2_07        84.120776  134265154     373970311  2.785         575144            0.765        100.0
random_small_tree_many_query_2_08        84.149740  134310768     375103268  2.793         578147            0.767        100.0
random_small_tree_many_query_2_09        85.030491  135703807     376718129  2.776         614024            0.812        100.0
uni_2_00                                443.174193  707158886    1139361142  1.611         849006            0.408        100.0
uni_2_01                                445.092760  710210617    1138619525  1.603         855856            0.412        100.0

submissions/tree/vertex_get_range_contour_add_on_tree/titan23.cpp
SHA-256: 27a969262803fc80df9d3eb95ceee3390d0b6d470c5f477906d3d20b7bd8edb8
Measured: full-20261001, original two complete passes
case                               task-clock (ms)     cycles  instructions    IPC  branch-misses  branch-miss (%)  running (%)
max (line_2_00)                         526.141575          -             -      -              -                -            -
sum                                    6211.064413          -             -      -              -                -            -
example_00                                1.047536    1656942       2503677  1.511           6840            1.177        100.0
example_01                                1.014684    1604471       2467207  1.538           6667            1.162        100.0
binary_2_00                             368.369975  587906298    1033566018  1.758        1542839            0.817        100.0
binary_2_01                             363.513948  580202326    1034154183  1.782        1532290            0.811        100.0
line_1_00                               515.410587  822533831    1111628362  1.351        3498583            1.708        100.0
line_2_00                               526.141575  839723044    1124575460  1.339        3710493            1.794        100.0
random_large_1_00                       272.507580  434930761     879794661  2.023        2119549            1.255        100.0
random_large_2_00                       304.759844  486362040     895768780  1.842        3405073            2.004        100.0
random_many_addquery_2_00               334.272513  533473855    1000278068  1.875        3652077            1.889        100.0
random_many_addquery_2_01               340.131235  542872138    1016795797  1.873        3870108            1.978        100.0
random_many_getquery_2_00               264.432946  422048931     778655389  1.845        2813830            1.942        100.0
random_many_getquery_2_01               269.977886  430888771     788654375  1.830        2849692            1.952        100.0
random_max_1_00                         270.889084  432338369     877845068  2.030        2167230            1.284        100.0
random_max_2_00                         300.460159  479552799     889838285  1.856        3344581            1.978        100.0
random_medium_1_00                        3.195291    5084698      10860810  2.136          30501            1.396        100.0
random_medium_1_01                        2.681846    4265825       8964424  2.101          24710            1.362        100.0
random_medium_2_00                        3.307418    5264646      10928790  2.076          36001            1.644        100.0
random_medium_2_01                        2.737901    4354972       9041389  2.076          29757            1.629        100.0
random_medium_2_02                        2.707473    4306350       8999559  2.090          28762            1.573        100.0
random_medium_2_03                        2.740744    4359653       9022229  2.069          29657            1.621        100.0
random_medium_2_04                        3.418354    5440507      11478289  2.110          38095            1.655        100.0
random_medium_2_05                        3.417676    5440067      11415876  2.098          38009            1.671        100.0
random_medium_2_06                        3.460740    5508982      11531337  2.093          37566            1.631        100.0
random_medium_2_07                        3.142660    5001107      10412437  2.082          34954            1.672        100.0
random_small_tree_many_query_1_00        78.837228  125818411     385961229  3.068         170865            0.213        100.0
random_small_tree_many_query_1_01        82.872803  132244894     385688667  2.916         404213            0.514        100.0
random_small_tree_many_query_1_02        84.207392  134402871     384881661  2.864         465538            0.597        100.0
random_small_tree_many_query_1_03        83.481523  133233250     383464810  2.878         439465            0.567        100.0
random_small_tree_many_query_1_04        85.006046  135677065     386048583  2.845         520041            0.668        100.0
random_small_tree_many_query_1_05        84.165713  134336607     385793337  2.872         461300            0.596        100.0
random_small_tree_many_query_1_06        85.275753  136109081     386818245  2.842         522072            0.672        100.0
random_small_tree_many_query_1_07        84.622835  135030642     387916517  2.873         475201            0.611        100.0
random_small_tree_many_query_1_08        84.391509  134675967     387835562  2.880         449380            0.580        100.0
random_small_tree_many_query_1_09        85.874477  137051863     390441470  2.849         522805            0.669        100.0
random_small_tree_many_query_2_00        78.823391  125808422     385986580  3.068         170176            0.212        100.0
random_small_tree_many_query_2_01        82.848446  132233889     385699086  2.917         403240            0.512        100.0
random_small_tree_many_query_2_02        84.359337  134632984     385453011  2.863         464655            0.595        100.0
random_small_tree_many_query_2_03        83.904477  133899412     384722865  2.873         453583            0.583        100.0
random_small_tree_many_query_2_04        85.430650  136356062     387433356  2.841         524054            0.670        100.0
random_small_tree_many_query_2_05        84.985579  135632645     386232541  2.848         502674            0.646        100.0
random_small_tree_many_query_2_06        85.773946  136904231     388175569  2.835         535948            0.687        100.0
random_small_tree_many_query_2_07        85.614229  136647826     389900217  2.853         501791            0.642        100.0
random_small_tree_many_query_2_08        85.405071  136315184     390413746  2.864         492210            0.628        100.0
random_small_tree_many_query_2_09        86.817656  138543322     391764909  2.828         558576            0.711        100.0
uni_2_00                                181.993927  290466235     700671654  2.412         480966            0.338        100.0
uni_2_01                                182.632770  291493937     699549688  2.400         489296            0.344        100.0

src/tree/vertex_get_range_contour_add_on_tree/main.cxx
SHA-256: 794a3a047e56a66b77a1fc887014d3e1db2a897e33a017cf9544d4c4f827c72f
Measured: full-20261001, original two complete passes
case                               task-clock (ms)     cycles  instructions    IPC  branch-misses  branch-miss (%)  running (%)
max (random_many_addquery_2_01)         261.818009          -             -      -              -                -            -
sum                                    2581.223351          -             -      -              -                -            -
example_00                                0.836935    1320887       1766040  1.337           5638            1.441        100.0
example_01                                0.863111    1362402       1752903  1.287           5609            1.442        100.0
binary_2_00                             237.672983  379242100     476619666  1.257        1247546            1.474        100.0
binary_2_01                             237.407725  378820939     476775680  1.259        1230924            1.454        100.0
line_1_00                                42.619832   68018471      88362915  1.299         320784            3.724        100.0
line_2_00                                43.189217   68927401      93483000  1.356         309746            3.464        100.0
random_large_1_00                       163.789985  261410867     264843119  1.013        2896685            6.491        100.0
random_large_2_00                       228.318197  364397315     345683268  0.949        4442400            7.233        100.0
random_many_addquery_2_00               256.115563  408669635     386360455  0.945        5480869            7.867        100.0
random_many_addquery_2_01               261.818009  417794022     402825936  0.964        5639316            7.738        100.0
random_many_getquery_2_00               191.368227  305338197     291963015  0.956        3178257            6.271        100.0
random_many_getquery_2_01               198.704995  317038066     301312046  0.950        3262623            6.233        100.0
random_max_1_00                         163.624554  261055082     261918766  1.003        2874192            6.515        100.0
random_max_2_00                         226.253504  360995343     339346309  0.940        4414637            7.333        100.0
random_medium_1_00                        2.293585    3644693       4893978  1.343          45010            4.859        100.0
random_medium_1_01                        1.880149    2985866       4040492  1.353          34122            4.375        100.0
random_medium_2_00                        2.500581    3976366       5184044  1.304          52510            5.353        100.0
random_medium_2_01                        2.040718    3242133       4301841  1.327          40773            4.878        100.0
random_medium_2_02                        1.973086    3134520       4168994  1.330          37846            4.653        100.0
random_medium_2_03                        2.012434    3196696       4222847  1.321          40504            4.977        100.0
random_medium_2_04                        2.380206    3784295       5056996  1.336          49863            5.173        100.0
random_medium_2_05                        2.610575    4151327       5446639  1.312          55643            5.381        100.0
random_medium_2_06                        2.613837    4157590       5535852  1.332          55772            5.312        100.0
random_medium_2_07                        2.394832    3793992       5055655  1.333          50147            5.193        100.0
random_small_tree_many_query_1_00        11.467018   18289961      33685871  1.842         117731            3.372        100.0
random_small_tree_many_query_1_01        12.739444   20320191      34195894  1.683         170889            4.819        100.0
random_small_tree_many_query_1_02        14.313158   22832521      34998219  1.533         241481            6.665        100.0
random_small_tree_many_query_1_03        13.118358   20925338      26415518  1.262         274018            9.208        100.0
random_small_tree_many_query_1_04        13.408926   21388056      34429793  1.610         200316            5.605        100.0
random_small_tree_many_query_1_05        13.276365   21177638      35536809  1.678         196826            4.959        100.0
random_small_tree_many_query_1_06        14.109509   22507340      36320988  1.614         218831            5.024        100.0
random_small_tree_many_query_1_07        12.495521   19931459      34691184  1.741         150521            4.582        100.0
random_small_tree_many_query_1_08        13.202046   21058031      35741459  1.697         187831            5.105        100.0
random_small_tree_many_query_1_09        14.137373   22552279      36664432  1.626         214847            5.259        100.0
random_small_tree_many_query_2_00        11.491731   18316762      33699608  1.840         117528            3.361        100.0
random_small_tree_many_query_2_01        12.769063   20367704      34145713  1.676         170698            4.837        100.0
random_small_tree_many_query_2_02        13.889339   22143614      35379159  1.598         219007            5.982        100.0
random_small_tree_many_query_2_03        13.221476   21090099      26472010  1.255         276256            9.260        100.0
random_small_tree_many_query_2_04        13.073126   20853582      34385659  1.649         185599            5.193        100.0
random_small_tree_many_query_2_05        13.878872   22138955      35389163  1.599         224382            5.704        100.0
random_small_tree_many_query_2_06        14.455467   23059909      36207725  1.570         237553            5.537        100.0
random_small_tree_many_query_2_07        12.237861   19519834      34823374  1.784         142206            4.327        100.0
random_small_tree_many_query_2_08        13.204216   21062586      35497275  1.685         188370            5.161        100.0
random_small_tree_many_query_2_09        13.915473   22197245      36448393  1.642         207372            5.152        100.0
uni_2_00                                 20.663238   32970214      44888463  1.361         252347            4.773        100.0
uni_2_01                                 20.872931   33304883      45099391  1.354         254327            4.805        100.0

submissions/tree/vertex_get_range_contour_add_on_tree/toomer.rs
SHA-256: 77520861ff6075570296e61e4312c0d3bec1960c815bee848edfa6567d25ee8e
Measured: new-submissions-20261001, two complete passes
case                               task-clock (ms)     cycles  instructions    IPC  branch-misses  branch-miss (%)  running (%)
max (line_2_00)                         341.925509          -             -      -              -                -            -
sum                                    4499.499665          -             -      -              -                -            -
example_00                                0.972285    1537057       2026442  1.318           7379            1.624        100.0
example_01                                0.931122    1471183       2001592  1.361           7023            1.565        100.0
binary_2_00                             299.005462  477109569     629147699  1.319        2582029            1.865        100.0
binary_2_01                             296.373215  472943302     629779151  1.332        2526433            1.823        100.0
line_1_00                               337.665585  538825234     620903755  1.152        2842860            2.012        100.0
line_2_00                               341.925509  545548568     627804648  1.151        2964339            2.070        100.0
random_large_1_00                       249.813637  398645578     454165859  1.139        2726387            2.873        100.0
random_large_2_00                       306.530838  489097916     524316324  1.072        4207148            3.746        100.0
random_many_addquery_2_00               322.239973  514168793     577236836  1.123        4645342            3.819        100.0
random_many_addquery_2_01               333.330626  531911840     590815052  1.111        5008311            4.008        100.0
random_many_getquery_2_00               279.738844  446394192     468444760  1.049        3479641            3.421        100.0
random_many_getquery_2_01               287.300703  458365894     477806156  1.042        3586833            3.449        100.0
random_max_1_00                         251.108662  400710967     456074785  1.138        2723151            2.864        100.0
random_max_2_00                         303.598571  484483212     526467899  1.087        4142631            3.680        100.0
random_medium_1_00                        2.678209    4259514       6618781  1.554          32939            2.334        100.0
random_medium_1_01                        2.300442    3656388       5481900  1.499          28154            2.399        100.0
random_medium_2_00                        2.863614    4556040       6903187  1.515          39268            2.653        100.0
random_medium_2_01                        2.469822    3926613       5729399  1.459          34382            2.789        100.0
random_medium_2_02                        2.288522    3638211       5311904  1.460          32687            2.853        100.0
random_medium_2_03                        2.393726    3805267       5567619  1.463          33951            2.838        100.0
random_medium_2_04                        2.879237    4579841       6760024  1.476          41619            2.876        100.0
random_medium_2_05                        3.199534    5092523       7615895  1.496          44546            2.727        100.0
random_medium_2_06                        3.109479    4948286       7468575  1.509          43309            2.710        100.0
random_medium_2_07                        2.882641    4585754       6749773  1.472          40247            2.773        100.0
random_small_tree_many_query_1_00        13.215435   21060898      29384059  1.395         108536            2.298        100.0
random_small_tree_many_query_1_01        16.075462   25645452      37835226  1.475         213049            3.350        100.0
random_small_tree_many_query_1_02        19.047788   30390751      41033335  1.350         294459            4.147        100.0
random_small_tree_many_query_1_03        19.143077   30542791      41284038  1.352         287021            4.023        100.0
random_small_tree_many_query_1_04        20.092047   32056727      41811905  1.304         333056            4.588        100.0
random_small_tree_many_query_1_05        19.477605   31076779      41799910  1.345         305730            4.231        100.0
random_small_tree_many_query_1_06        21.110766   33682748      43345807  1.287         371011            4.822        100.0
random_small_tree_many_query_1_07        21.268548   33935111      44007230  1.297         373259            4.774        100.0
random_small_tree_many_query_1_08        20.604562   32873705      42960873  1.307         355242            4.705        100.0
random_small_tree_many_query_1_09        21.079388   33632454      43977657  1.308         361322            4.636        100.0
random_small_tree_many_query_2_00        13.223055   21092571      29387874  1.393         108251            2.289        100.0
random_small_tree_many_query_2_01        16.085120   25661357      37839932  1.475         212486            3.341        100.0
random_small_tree_many_query_2_02        18.910839   30170819      40997385  1.359         291019            4.105        100.0
random_small_tree_many_query_2_03        19.062038   30413714      41295559  1.358         285008            3.986        100.0
random_small_tree_many_query_2_04        19.919101   31779508      42281760  1.330         329059            4.462        100.0
random_small_tree_many_query_2_05        20.170199   32181929      42627733  1.325         337542            4.543        100.0
random_small_tree_many_query_2_06        21.578235   34429524      44702903  1.298         387011            4.829        100.0
random_small_tree_many_query_2_07        21.970781   35055083      46088685  1.315         403648            4.858        100.0
random_small_tree_many_query_2_08        21.401237   34146930      45548875  1.334         376648            4.585        100.0
random_small_tree_many_query_2_09        21.806009   34793221      46517411  1.337         386310            4.600        100.0
uni_2_00                                238.239958  380128883     476096727  1.252         325232            0.349        100.0
uni_2_01                                238.418157  380375785     475559927  1.250         329523            0.355        100.0
