case                 task-clock (ms)     cycles  instructions    IPC  branch-misses  branch-miss (%)  running (%)
max (max_random_02)       110.018030          -             -      -              -                -            -
sum                       582.327342          -             -      -              -                -            -
example_00                  0.878187    1645774       1600769  0.973           5369            1.556        100.0
max_random_00             109.293510  207100393     373553972  1.804        1274812            4.138        100.0
max_random_01             109.705647  207846056     374715005  1.803        1280345            4.142        100.0
max_random_02             110.018030  208442449     374312662  1.796        1277822            4.133        100.0
random_00                  88.324620  167353041     303564619  1.814        1095650            4.350        100.0
random_01                  91.270598  172961485     310673956  1.796        1075529            4.173        100.0
random_02                  61.529021  116617778     227855325  1.954         983719            5.230        100.0
small_00                    0.895966    1680910       1724732  1.026           5818            1.644        100.0
small_01                    0.913369    1712754       1746141  1.019           5926            1.645        100.0
small_02                    0.912753    1712600       1728379  1.009           5857            1.651        100.0
small_03                    0.928278    1740886       1748706  1.004           5852            1.625        100.0
small_04                    0.907729    1702905       1736309  1.020           5941            1.665        100.0
small_05                    0.930022    1744050       1747769  1.002           5952            1.653        100.0
small_06                    0.928929    1743271       1741205  0.999           5910            1.656        100.0
small_07                    0.944533    1772311       1798935  1.015           6193            1.692        100.0
small_08                    0.935128    1754817       1788523  1.019           6310            1.741        100.0
small_09                    0.970071    1819597       1801740  0.990           6438            1.757        100.0
small_random_00             1.044009    1961118       2106099  1.074           8949            2.287        100.0
small_random_01             0.996942    1871415       1991984  1.064           8239            2.135        100.0
