case                       task-clock (ms)     cycles  instructions    IPC  branch-misses  branch-miss (%)  running (%)
max (outer_planer_fix_00)       133.364782          -             -      -              -                -            -
sum                            1514.521876          -             -      -              -                -            -
example_00                        0.837873    1570239       1585874  1.010           5200            1.521        100.0
example_01                        0.886230    1661727       1626335  0.979           5432            1.536        100.0
cactus_00                        75.824510  143578785     207701372  1.447         133118            0.482        100.0
cactus_01                        95.228927  180356578     247161683  1.370         151781            0.461        100.0
many_series_parallel_00         126.980135  240519324     231662043  0.963         830666            2.469        100.0
many_series_parallel_01         126.228363  239090635     231796729  0.969         830841            2.467        100.0
max_cycle_00                    106.067080  200754876     263544319  1.313          26858            0.077        100.0
max_parallel_00                  58.631799  111008672     177784247  1.602          25387            0.102        100.0
max_sparse_random_00             79.033475  149740654     105578584  0.705        1126338            6.880        100.0
max_sparse_random_01             79.019434  149556361     105077834  0.703        1125140            6.911        100.0
max_sparse_random_02             79.414038  150265336     105478548  0.702        1127074            6.896        100.0
outer_planer_00                  46.529942   88130178     113675278  1.290         796817            4.447        100.0
outer_planer_01                  56.430772  106816251     134966643  1.264         939435            4.419        100.0
outer_planer_fix_00             133.364782  252584292     217158921  0.860         904535            2.929        100.0
outer_planer_fix_01             132.343735  250694178     216304024  0.863        1694851            5.388        100.0
series_parallel_00               84.521607  159937472     170426814  1.066         614585            2.468        100.0
series_parallel_01               86.236157  163183343     174936071  1.072         620242            2.400        100.0
small_random_00                   0.896762    1681458       1615244  0.961           5390            1.536        100.0
small_random_01                   0.878865    1648371       1624006  0.985           5415            1.534        100.0
small_random_02                   0.892052    1673194       1628488  0.973           5490            1.551        100.0
small_random_03                   0.901096    1689677       1629067  0.964           5573            1.575        100.0
small_random_04                   0.842095    1578016       1628462  1.032           5451            1.540        100.0
tree_00                          70.956050  134371335     171056391  1.273         510766            1.978        100.0
tree_01                          71.576097  135409326     171529354  1.267         511056            1.971        100.0
