case                     task-clock (ms)     cycles  instructions    IPC  branch-misses  branch-miss (%)  running (%)
max (complete_plane_01)       385.245587          -             -      -              -                -            -
sum                          2593.296683          -             -      -              -                -            -
example_00                      0.882840    1655177       1627699  0.983           5552            1.577        100.0
example_01                      0.888518    1665582       1620743  0.973           5578            1.599        100.0
anti53256_00                    0.975569    1831092       1737763  0.949           7468            2.013        100.0
binary_tree_00                 40.838270   77259506     259038176  3.353         232905            0.367        100.0
complete_00                   205.880312  390187161    1292209518  3.312        1047117            0.361        100.0
complete_01                   195.642936  370808539    1242193511  3.350         905241            0.324        100.0
complete_mandist_00           254.900574  482993572    1532013135  3.172        1676683            0.491        100.0
complete_mandist_01           254.637083  482619910    1504174419  3.117        1640924            0.490        100.0
complete_plane_00             380.040842  720188708    2206728521  3.064        2960681            0.607        100.0
complete_plane_01             385.245587  730063725    2223944380  3.046        2916867            0.592        100.0
cycles_00                      46.030972   87121454     297137754  3.411         242596            0.334        100.0
grid_00                        81.794239  154872699     482804975  3.117         860135            0.753        100.0
issue610_00                     0.907054    1701406       1656122  0.973           6063            1.707        100.0
lila_arena_00                   3.537385    6686564      13914304  2.081          44837            1.525        100.0
max_random_00                 161.552748  306050124     465490754  1.521        6343938            5.805        100.0
max_random_01                 379.346382  718966353     859351890  1.195       17698629            9.064        100.0
minimal_00                      0.898057    1684968       1645302  0.976           5478            1.524        100.0
small_random_00                 0.887463    1664197       1647258  0.990           5876            1.661        100.0
small_random_01                 0.925482    1736628       1628552  0.938           5814            1.660        100.0
sparse_00                      47.138470   89315609     287798183  3.222         359210            0.510        100.0
sparse_01                      30.581729   57838355     195477122  3.380         105213            0.220        100.0
sparse_02                      21.311724   40364677     133302581  3.302          55160            0.169        100.0
sparse_03                      54.273331  102725203     312568428  3.043         601603            0.790        100.0
sparse_04                      44.179116   83568630     276364200  3.307         282846            0.418        100.0
