case                 task-clock (ms)    cycles  instructions    IPC  branch-misses  branch-miss (%)  running (%)
max (max_random_00)        24.039751         -             -      -              -                -            -
sum                       270.096112         -             -      -              -                -            -
example_00                  0.855498   1603927       1606796  1.002           5487            1.577        100.0
max_random_00              24.039751  45536165      54510615  1.197         385319            8.824        100.0
max_random_01              22.937320  43447010      53394606  1.229         360656            8.209        100.0
max_random_02              22.746638  43100002      59806538  1.388         321444            7.160        100.0
path_00                    18.081289  34256752      73816303  2.155          68210            1.183        100.0
path_01                    19.027725  36051604      78402845  2.175          70709            1.224        100.0
path_02                    19.042983  36079733      78765534  2.183         104971            1.706        100.0
path_03                    19.931894  37735854      83574348  2.215         100239            1.684        100.0
random_00                  16.381435  30975189      39768941  1.284         254665            7.490        100.0
random_01                  15.592566  29540520      39420772  1.334         230606            6.617        100.0
random_02                  14.715668  27877250      35091836  1.259         237507            8.440        100.0
random_03                   5.261510   9898946      11347214  1.146          30594            1.926        100.0
random_04                  10.381918  19660928      31721878  1.613         128117            5.136        100.0
random_05                  17.009851  32225452      41407241  1.285         265713            8.206        100.0
random_06                  11.885567  22489688      30618641  1.361         136208            4.499        100.0
random_07                   3.235662   6114596       6496641  1.062          17297            1.711        100.0
random_08                   5.260201   9952793      16969276  1.705          63167            4.288        100.0
random_09                  23.708636  44923939      54389563  1.211         386935            9.059        100.0
