case                   task-clock (ms)    cycles  instructions    IPC  branch-misses  branch-miss (%)  running (%)
max (max_random_05)          50.431106         -             -      -              -                -            -
sum                         720.896932         -             -      -              -                -            -
example_00                    0.864943   1621624       1626386  1.003           5609            1.588        100.0
example_01                    0.867293   1625551       1610143  0.991           5561            1.593        100.0
lowrank_max_random_00        30.715058  58088292      92952839  1.600          42464            0.277        100.0
lowrank_max_random_01        41.864638  79189531     132535946  1.674          56781            0.253        100.0
lowrank_max_random_02        29.447916  55686029      91911891  1.651          38703            0.254        100.0
lowrank_max_random_03        29.539381  55845909      90542510  1.621          47833            0.318        100.0
lowrank_max_random_04        21.164607  39985496      64773586  1.620          41918            0.393        100.0
max_random_00                50.292080  95197398     151706948  1.594          55568            0.217        100.0
max_random_01                50.313512  95164122     151911097  1.596          56710            0.221        100.0
max_random_02                49.694414  94042197     151988117  1.616          56998            0.222        100.0
max_random_03                49.906364  94454880     151658436  1.606          56356            0.220        100.0
max_random_04                48.987880  92724074     151849158  1.638          55986            0.218        100.0
max_random_05                50.431106  95459508     151750033  1.590          56310            0.220        100.0
middle_00                     1.642815   3095848       5045061  1.630          11358            1.165        100.0
middle_01                     0.950580   1783459       2042544  1.145           6983            1.613        100.0
middle_02                     0.896191   1681337       1784034  1.061           6038            1.571        100.0
middle_03                     0.948022   1779247       2028895  1.140           6954            1.616        100.0
middle_04                     1.333274   2509492       3753630  1.496           9498            1.276        100.0
middle_05                     2.037384   3844193       6764761  1.760          13859            1.068        100.0
perm_max_random_00           34.858186  65999654     143845024  2.179         144088            0.587        100.0
perm_max_random_01           32.373561  61231152     144667745  2.363         145129            0.587        100.0
perm_max_random_02           32.801764  62043258     134612823  2.170         137273            0.600        100.0
perm_max_random_03           31.726733  59992724     142377919  2.373         138363            0.567        100.0
perm_max_random_04           31.778586  60103920     132311109  2.201         119267            0.530        100.0
random_00                     1.616617   3046426       5001987  1.642          11241            1.168        100.0
random_01                     0.953229   1788420       2013421  1.126           6991            1.657        100.0
random_02                     0.916180   1718043       1758404  1.023           6126            1.629        100.0
random_03                    27.547669  52083554      89307975  1.715          48621            0.317        100.0
random_04                    15.113950  28632393      52213262  1.824          33776            0.370        100.0
random_05                    44.026800  83309135     139567372  1.675          59846            0.253        100.0
small_00                      0.872338   1635045       1602954  0.980           5427            1.554        100.0
small_01                      0.863620   1619365       1587927  0.981           5295            1.554        100.0
small_02                      0.873202   1637298       1606496  0.981           5441            1.563        100.0
small_03                      0.884823   1658864       1585292  0.956           5320            1.563        100.0
small_04                      0.873357   1637429       1605929  0.981           5470            1.572        100.0
small_05                      0.918859   1722770       1586818  0.921           5321            1.562        100.0
