case                 task-clock (ms)    cycles  instructions    IPC  branch-misses  branch-miss (%)  running (%)
max (max_random_03)        36.766770         -             -      -              -                -            -
sum                       402.297944         -             -      -              -                -            -
example_00                  0.886628   1663154       1638493  0.985           5539            1.548        100.0
example_01                  0.902516   1693098       1629088  0.962           5461            1.540        100.0
example_02                  0.905031   1698171       1638818  0.965           5539            1.548        100.0
example_03                  0.895522   1678547       1623806  0.967           5345            1.512        100.0
all_same_00                 1.010475   1898107       1927730  1.016           5414            1.336        100.0
all_same_01                 1.038755   1950445       1946126  0.998           5441            1.330        100.0
all_same_02                 1.021093   1917947       1941482  1.012           5382            1.318        100.0
all_same_03                 1.006630   1890179       1939947  1.026           5331            1.307        100.0
all_same_04                 1.016821   1910332       1931895  1.011           5475            1.349        100.0
fib_str_00                 20.923161  39644808      82636381  2.084          31138            0.202        100.0
fib_str_01                 17.191720  32571674      70116259  2.153          21747            0.169        100.0
fib_str_02                 17.184691  32557333      67794378  2.082          24289            0.193        100.0
fib_str_03                 11.614071  21997182      47213217  2.146          22091            0.248        100.0
fib_str_04                 25.093468  47551630     101939664  2.144          31234            0.168        100.0
max_random_00              36.504723  69181440      77167724  1.115         954381            6.869        100.0
max_random_01              36.709157  69567246      77647266  1.116         959279            6.862        100.0
max_random_02              36.758321  69661448      77672752  1.115         958557            6.853        100.0
max_random_03              36.766770  69663469      77499239  1.112         962056            6.893        100.0
max_random_04              36.677575  69489682      77148014  1.110         956345            6.878        100.0
random_00                  28.366245  53752966      61892333  1.151         725255            6.506        100.0
random_01                  34.175537  64752121      72922942  1.126         890318            6.782        100.0
random_02                   4.478492   8471225      10283433  1.214          99831            5.257        100.0
random_03                  31.696176  60064724      67847196  1.130         816087            6.680        100.0
random_04                  19.474366  36897978      44690650  1.211         488496            6.067        100.0
