case                 task-clock (ms)    cycles  instructions    IPC  branch-misses  branch-miss (%)  running (%)
max (max_random_03)        11.756568         -             -      -              -                -            -
sum                       119.935884         -             -      -              -                -            -
example_00                  0.879738   1649761       1635367  0.991           5611            1.589        100.0
identity_00                 0.853728   1600380       1627699  1.017           5175            1.462        100.0
max_identity_00             0.957934   1797290       1983353  1.104           5554            1.341        100.0
max_random_00              11.699160  22158632      43988966  1.985          13693            0.765        100.0
max_random_01              11.692163  22145602      43983213  1.986          13580            0.758        100.0
max_random_02              11.710219  22179575      43979603  1.983          13577            0.758        100.0
max_random_03              11.756568  22253782      43982046  1.976          13846            0.773        100.0
max_random_04              11.719884  22198046      43962155  1.980          13489            0.755        100.0
random_00                  10.985045  20804943      41597880  1.999          12489            0.751        100.0
random_01                  10.927178  20695177      41243750  1.993          12329            0.750        100.0
random_02                  10.750277  20360499      41024546  2.015          11820            0.738        100.0
random_03                   5.735081  10853531      20441952  1.883          10689            1.038        100.0
random_04                  11.481386  21745738      43171054  1.985          13126            0.756        100.0
small_degree_00             0.886645   1662941       1634012  0.983           5441            1.531        100.0
small_degree_01             0.894133   1676180       1630879  0.973           5491            1.551        100.0
small_degree_02             0.851740   1596835       1630511  1.021           5376            1.526        100.0
small_degree_03             0.880538   1650665       1647042  0.998           5585            1.564        100.0
small_degree_04             0.882484   1654743       1652791  0.999           5642            1.575        100.0
small_degree_05             0.889933   1669056       1640931  0.983           5637            1.593        100.0
small_degree_06             0.863451   1618409       1652891  1.021           5599            1.564        100.0
small_degree_07             0.856595   1605352       1637310  1.020           5356            1.518        100.0
small_degree_08             0.864202   1620274       1644407  1.015           5553            1.561        100.0
small_degree_09             0.917802   1720880       1665000  0.968           5662            1.575        100.0
