case                  task-clock (ms)     cycles  instructions    IPC  branch-misses  branch-miss (%)  running (%)
max (small_dense_05)        66.669789          -             -      -              -                -            -
sum                        363.948240          -             -      -              -                -            -
example_00                   0.823726    1543989       1626586  1.053           5614            1.590        100.0
example_01                   0.880451    1650184       1619510  0.981           5404            1.527        100.0
example_02                   0.821676    1539874       1618329  1.051           5267            1.491        100.0
max_random_00                0.859760    1612145       1624817  1.008           5422            1.529        100.0
max_random_01                0.814505    1526053       1595285  1.045           5326            1.534        100.0
max_random_02                0.836169    1566866       1613828  1.030           5202            1.475        100.0
max_random_03               16.669293   31525602      45458624  1.442          12549            0.167        100.0
max_random_04                0.804085    1505662       1604450  1.066           5224            1.496        100.0
max_random_05               16.774254   31780890      45941310  1.446          12447            0.164        100.0
max_random_06                0.883673    1643993       1627646  0.990           5662            1.593        100.0
max_random_07                0.822477    1540219       1624265  1.055           5385            1.519        100.0
max_random_08                0.880256    1651050       1619065  0.981           5339            1.511        100.0
max_random_09                0.811994    1521280       1618226  1.064           5339            1.511        100.0
min_K_00                     3.424177    6473006       9853956  1.522           7306            0.451        100.0
min_K_01                     3.794673    7175378      11307702  1.576           7368            0.401        100.0
random_00                    0.879556    1649486       1620355  0.982           5431            1.534        100.0
random_01                    0.866033    1623504       1618662  0.997           5283            1.496        100.0
random_02                    0.856228    1605645       1619102  1.008           5418            1.532        100.0
random_03                    0.830338    1555499       1619147  1.041           5405            1.529        100.0
random_04                    0.888149    1665294       1619574  0.973           5456            1.543        100.0
random_05                    6.138352   11617805      15951053  1.373           8719            0.322        100.0
random_06                    0.784844    1469789       1598646  1.088           5230            1.497        100.0
random_07                   10.855726   20561986      29365811  1.428          10414            0.212        100.0
random_08                   13.370048   25328181      36173226  1.428          11281            0.188        100.0
random_09                    0.822406    1539902       1608353  1.044           5441            1.548        100.0
small_N_00                   0.860740    1614098       1624262  1.006           5469            1.543        100.0
small_N_01                   0.909267    1705520       1621554  0.951           5373            1.517        100.0
small_N_02                   0.801408    1501270       1623237  1.081           5359            1.513        100.0
small_N_03                   0.869456    1630492       1613340  0.989           5198            1.474        100.0
small_N_04                   0.845803    1585534       1632438  1.030           5546            1.558        100.0
small_N_05                   0.892818    1674449       1632451  0.975           5474            1.538        100.0
small_N_06                   0.831551    1558479       1634797  1.049           5511            1.547        100.0
small_N_07                   0.879015    1649134       1631869  0.990           5496            1.544        100.0
small_N_08                   0.831354    1557339       1625894  1.044           5341            1.506        100.0
small_N_09                   0.920021    1725560       1633046  0.946           5642            1.583        100.0
small_dense_00              61.424340  116418484     134596307  1.156          14181            0.089        100.0
small_dense_01               0.866231    1624191       1625345  1.001           5461            1.539        100.0
small_dense_02               0.812764    1522860       1624630  1.067           5389            1.520        100.0
small_dense_03               6.807307   12886062      21989563  1.706           8846            0.257        100.0
small_dense_04               0.901410    1690768       1568617  0.928           5298            1.573        100.0
small_dense_05              66.669789  126361867     224448400  1.776          13662            0.053        100.0
small_dense_06              61.724548  116947859     152589413  1.305          14495            0.081        100.0
small_dense_07               0.859333    1611032       1618583  1.005           5334            1.509        100.0
small_dense_08              62.198719  117866635     170397862  1.446          14089            0.071        100.0
small_dense_09               6.849517   12965853      21932660  1.692           8616            0.252        100.0
