case                 task-clock (ms)     cycles  instructions    IPC  branch-misses  branch-miss (%)  running (%)
max (gen_524288_01)       157.022914          -             -      -              -                -            -
sum                      2642.159579          -             -      -              -                -            -
example_00                  0.835505    1566147       1618698  1.034           5528            1.591        100.0
example_01                  0.860958    1613698       1646964  1.021           5391            1.505        100.0
all_same_00                90.534507  171481613     342347775  1.996          31505            0.188        100.0
all_same_01               155.519079  294368028     597477437  2.030          43214            0.200        100.0
all_same_02               155.359822  294055525     596903980  2.030          42665            0.199        100.0
all_same_03               155.876211  295044604     597500995  2.025          43739            0.203        100.0
gen_131072_00              38.403298   72663372     143906792  1.980          37344            0.650        100.0
gen_131073_00              57.384075  108644602     222815551  2.051          39835            0.617        100.0
gen_177147_00              64.040410  121240241     246090689  2.030          48584            0.614        100.0
gen_177148_00              64.044999  121269281     245978913  2.028          47751            0.606        100.0
gen_262144_00              76.413831  144695752     289111026  1.998          63142            0.595        100.0
gen_262145_00             118.969038  224838993     463339284  2.061          68245            0.520        100.0
gen_265721_00             118.678314  224456913     465747442  2.075          68639            0.514        100.0
gen_265722_00             119.239434  225481996     465224450  2.063          69423            0.524        100.0
gen_354294_00             132.264253  250178362     510243728  2.040          84581            0.525        100.0
gen_354295_00             132.005965  249828518     509929868  2.041          84319            0.526        100.0
gen_524288_00             156.469097  296194954     597288877  2.017         115141            0.530        100.0
gen_524288_01             157.022914  297127192     596341719  2.007         115085            0.535        100.0
medium_00                   3.208957    6065426       9302246  1.534           9144            1.167        100.0
medium_01                   2.182517    4119033       5894280  1.431           8348            1.360        100.0
medium_02                   3.034429    5734982       8834924  1.541           9136            1.201        100.0
random_00                 138.592458  262329737     533431679  2.033          92230            0.526        100.0
random_01                 143.982657  272641012     552771085  2.027          98990            0.526        100.0
random_02                  70.065707  132682838     268416969  2.023          55107            0.600        100.0
small_00                    0.873601    1637712       1649591  1.007           5555            1.548        100.0
small_01                    0.822923    1541684       1615983  1.048           5380            1.551        100.0
small_02                    0.856446    1605192       1637232  1.020           5398            1.515        100.0
small_03                    0.895685    1679119       1617185  0.963           5502            1.585        100.0
small_04                    0.838638    1572222       1640996  1.044           5301            1.485        100.0
small_05                    0.878543    1648050       1652989  1.003           5470            1.520        100.0
small_06                    0.834139    1563386       1651821  1.057           5448            1.515        100.0
small_07                    0.858434    1609284       1652508  1.027           5445            1.514        100.0
small_08                    0.839599    1574126       1641396  1.043           5311            1.487        100.0
small_09                    0.878794    1647853       1657891  1.006           5683            1.576        100.0
small_10                    0.853423    1599519       1652278  1.033           5460            1.519        100.0
small_11                    0.841660    1577329       1650998  1.047           5474            1.523        100.0
small_12                    1.023547    1922087       1650659  0.859           5454            1.519        100.0
small_13                    0.876631    1643973       1619196  0.985           5381            1.548        100.0
small_14                    0.840348    1573734       1646228  1.046           5293            1.477        100.0
small_15                    0.864262    1620689       1652734  1.020           5553            1.544        100.0
small_and_large_00        118.346367  224032182     463586058  2.069          69103            0.526        100.0
small_and_large_01        118.890291  224765335     464190747  2.065          69560            0.525        100.0
small_and_large_02        117.897669  223000569     463844931  2.080          68687            0.520        100.0
small_and_large_03        118.160144  223733605     463599895  2.072          67836            0.516        100.0
