case                 task-clock (ms)     cycles  instructions    IPC  branch-misses  branch-miss (%)  running (%)
max (max_random_00)        73.775930          -             -      -              -                -            -
sum                       979.300880          -             -      -              -                -            -
example_00                  0.894381    1677366       1630837  0.972           5518            1.558        100.0
example_01                  0.868574    1628130       1634000  1.004           5614            1.583        100.0
N_1_00                      4.709367    8908666      18550923  2.082           7204            0.439        100.0
c_0_00                     61.611999  116620560     201749008  1.730          61322            0.398        100.0
max_random_00              73.775930  139716903     240936332  1.724          77141            0.390        100.0
max_random_01              73.461318  139098507     240596864  1.730          77560            0.393        100.0
max_random_02              73.630308  139419484     240350657  1.724          77177            0.393        100.0
max_random_03              73.725091  139586538     240235997  1.721          77714            0.396        100.0
medium_random_00            2.528490    4774000       6743981  1.413           8500            1.111        100.0
medium_random_01            2.503908    4728233       6746166  1.427           8481            1.108        100.0
medium_random_02            2.486361    4694262       6740202  1.436           8430            1.103        100.0
medium_random_03            2.531054    4779340       6764549  1.415           8482            1.104        100.0
small_random_00             0.909442    1705470       1660809  0.974           5515            1.531        100.0
small_random_01             0.875186    1641242       1648666  1.005           5508            1.547        100.0
small_random_02             0.897462    1683235       1655073  0.983           5726            1.603        100.0
small_random_03             0.882471    1655600       1662868  1.004           5542            1.550        100.0
type0_random_00             6.033650   11420337      21607019  1.892          49749            1.819        100.0
type0_random_01             5.976942   11312068      21826604  1.929          57616            2.006        100.0
type0_random_02             1.607131    3028296       4276184  1.412          12171            1.801        100.0
type0_random_03             6.965811   13185383      25502000  1.934          55177            1.776        100.0
type1_random_00            64.201710  121553168     211488187  1.740          61715            0.374        100.0
type1_random_01            57.311313  108622701     188727588  1.737          68389            0.480        100.0
type1_random_02             7.920105   14995443      24302628  1.621          14477            0.672        100.0
type1_random_03            66.362000  125664542     217077605  1.727          65669            0.386        100.0
type2_random_00            61.730691  116863948     204340817  1.749          61268            0.388        100.0
type2_random_01            65.811538  124618707     216394772  1.736          69000            0.403        100.0
type2_random_02            29.980788   56814384     101129845  1.780          18835            0.239        100.0
type2_random_03            35.753902   67744017     115006357  1.698          60519            0.625        100.0
type3_random_00            61.889098  117143243     202636693  1.730          61940            0.398        100.0
type3_random_01            65.728768  124577017     215182093  1.727          69174            0.409        100.0
type3_random_02            29.937790   56714254     100754607  1.777          19560            0.250        100.0
type3_random_03            35.798301   67842879     114885789  1.693          60275            0.624        100.0
