case                                task-clock (ms)     cycles  instructions    IPC  branch-misses  branch-miss (%)  running (%)
max (nontrivial_frobenius_form_02)       101.772300          -             -      -              -                -            -
sum                                     1694.014431          -             -      -              -                -            -
example_00                                 0.874804    1640463       1608557  0.981           5405            1.539        100.0
example_01                                 0.875246    1641101       1595074  0.972           5465            1.591        100.0
example_02                                 0.913491    1713273       1622903  0.947           5516            1.560        100.0
max_det_zero_random_00                   100.585866  190605889     354753870  1.861         181219            1.499        100.0
max_det_zero_random_01                   100.522928  190457509     354731440  1.863         187811            1.554        100.0
max_det_zero_random_02                   100.557687  190598163     354734356  1.861         190419            1.574        100.0
max_det_zero_random_03                    91.983649  174303396     354717510  2.035         189152            1.565        100.0
max_random_00                            100.581420  190642732     354716407  1.861         189527            1.568        100.0
max_random_01                            100.596169  190645119     354764381  1.861         181314            1.498        100.0
max_random_02                            100.747310  190922834     354913758  1.859         189152            1.559        100.0
max_random_03                            100.545062  190549038     354751140  1.862         187472            1.550        100.0
max_zero_00                                3.306621    6250009       9909366  1.585           9115            0.820        100.0
nontrivial_frobenius_form_00               3.308683    6254332       9927582  1.587           9188            0.823        100.0
nontrivial_frobenius_form_01              92.433374  175162202     357382881  2.040         166760            1.282        100.0
nontrivial_frobenius_form_02             101.772300  192886036     357564825  1.854         176303            1.383        100.0
nontrivial_frobenius_form_03             101.427970  192222201     354987796  1.847         173720            1.400        100.0
nontrivial_frobenius_form_04             101.133852  191673529     353196914  1.843         172767            1.418        100.0
nontrivial_frobenius_form_05              91.881534  174136772     354634984  2.037         188435            1.562        100.0
nontrivial_frobenius_form_06             100.749941  190936620     353539218  1.852         187382            1.555        100.0
nontrivial_frobenius_form_07              91.995184  174353024     352091569  2.019         173534            1.449        100.0
nontrivial_frobenius_form_08             100.883160  191181136     352108388  1.842         177307            1.475        100.0
nontrivial_frobenius_form_09             100.848837  191136114     352323006  1.843         173876            1.441        100.0
small_multiple_root_00                     0.878439    1647234       1591274  0.966           5341            1.557        100.0
small_multiple_root_01                     0.879079    1648853       1640488  0.995           5561            1.558        100.0
small_random_00                            1.000851    1878710       2136477  1.137           6308            1.615        100.0
small_random_01                            0.873720    1638549       1613634  0.985           5567            1.610        100.0
small_random_02                            0.951577    1786141       1782007  0.998           5914            1.608        100.0
small_random_03                            0.905677    1698921       1608679  0.947           5630            1.626        100.0
