2026-10-01 lenovo / Intel(R) Core(TM) i5-10210U CPU @ 1.60GHz
Two complete passes; per binary/case minimum task-clock; all counters from that same run.
Cases: 35, including examples. Units: ms. No CPU pinning.
Compiler: g++ (GCC) 16.2.1 20260819 (Red Hat 16.2.1-2); rustc 1.98.1 (48a229cea 2026-09-01)
Build host: master; glibc 2.43
Environment: Linux 7.2.8-200.fc44.x86_64; affinity [0, 1, 2, 3]; stack 268435456 bytes; bench_env OK.
cxx_flags.txt: -std=c++23 -DEVAL -DONLINE_JUDGE -Iinclude -O3 -fwhole-program -fno-exceptions -fno-rtti -march=x86-64-v3 -fno-pie -no-pie -nostdlib++ -static -lm -s
cpp_flags.txt: -std=c++23 -DEVAL -DONLINE_JUDGE -Iac-library -include cassert -O3 -fwhole-program -fno-exceptions -fno-rtti -march=x86-64-v3 -fno-pie -no-pie -static -lgmp -s
rust_flags.txt: -C opt-level=3 -C codegen-units=1 -C lto=fat -C panic=abort -C target-cpu=x86-64-v3 -C target-feature=+crt-static -C relocation-model=static -C link-arg=-Wl,-u,__cxa_thread_atexit_impl -C strip=symbols

solution                                max (ms)       sum (ms)
Anonymous                                 60.698704     597.747445
QedDust413                                69.948804     685.671724
Rohan_Kapri                               58.901474     573.712618
cmk666                                    59.073611     574.166607
rogeryoungh                               79.869720     779.011797
main                                      57.010087     480.914952

submissions/polynomial/sqrt_of_formal_power_series/Anonymous.cpp
SHA-256: 26357491d5aba918ed1e534b75e7adcb591d735207c0cd40f20553c54b6f0be2
case                 task-clock (ms)    cycles  instructions    IPC  branch-misses  branch-miss (%)  running (%)
max (max_random_01)        60.698704         -             -      -              -                -            -
sum                       597.747445         -             -      -              -                -            -
example_00                  1.045059   1652587       2512066  1.520           7066            1.211        100.0
example_01                  1.012524   1601282       2471473  1.543           7096            1.246        100.0
all_zero_00                 8.539163  13604163      33570158  2.468           9096            0.136        100.0
all_zero_01                 9.922069  15823361      39358706  2.487           9032            0.115        100.0
lower_deg_zero_00          51.414585  82030722     177582288  2.165         107516            0.880        100.0
lower_deg_zero_01          40.711009  64971739     141624079  2.180          70052            0.643        100.0
lower_deg_zero_02           7.013649  11180242      30944910  2.768          37132            0.740        100.0
lower_deg_zero_03           8.167522  13023843      36156143  2.776          58113            1.045        100.0
lower_deg_zero_04           5.770273   9196303      25282585  2.749          13900            0.314        100.0
lower_deg_zero_05           7.215577  11502727      31827573  2.767          40370            0.790        100.0
lower_deg_zero_06           6.880411  10968305      30178734  2.751          33305            0.673        100.0
lower_deg_zero_07           6.442140  10268295      28227572  2.749          25632            0.541        100.0
max_random_00               8.874068  14151182      39318901  2.778          70183            1.188        100.0
max_random_01              60.698704  96850701     210539338  2.174         135271            1.044        100.0
max_random_02              60.296736  96220651     210578836  2.188         135752            1.047        100.0
monomial_00                44.184624  70501003     149536121  2.121          15278            0.126        100.0
monomial_01                 5.442867   8673592      23645012  2.726           8326            0.195        100.0
monomial_02                49.842991  79548555     168513917  2.118          15278            0.119        100.0
monomial_03                 5.364891   8548622      23420618  2.740           8600            0.202        100.0
near_262144_00              5.194941   8276490      21803018  2.634          40845            1.211        100.0
near_262144_01             30.486009  48634102     106539079  2.191          76958            1.119        100.0
near_262144_02             33.240006  53030922     114770669  2.164          76433            1.066        100.0
random_00                   8.869946  14143276      39269334  2.777          70245            1.191        100.0
random_01                  60.197905  96079120     210530747  2.191         134568            1.039        100.0
random_02                  60.286111  96218702     210542783  2.188         135306            1.044        100.0
small_degree_00             1.091954   1728374       2498712  1.446           7086            1.223        100.0
small_degree_01             1.075055   1701224       2492026  1.465           7195            1.250        100.0
small_degree_02             1.050764   1661959       2505402  1.507           7085            1.221        100.0
small_degree_03             1.050102   1660206       2505832  1.509           7216            1.244        100.0
small_degree_04             1.048896   1658002       2497682  1.506           7089            1.225        100.0
small_degree_05             1.067064   1687649       2505443  1.485           7188            1.239        100.0
small_degree_06             1.033323   1633947       2496718  1.528           7059            1.219        100.0
small_degree_07             1.089794   1723877       2510428  1.456           7103            1.217        100.0
small_degree_08             1.067096   1688096       2479276  1.469           7234            1.269        100.0
small_degree_09             1.059617   1676239       2472348  1.475           7201            1.264        100.0

submissions/polynomial/sqrt_of_formal_power_series/QedDust413.cpp
SHA-256: f9f30408a0d2c8b9084ac9c4f77edbd6a01bb62c957f7824afd573c86ae63f1b
case                 task-clock (ms)     cycles  instructions    IPC  branch-misses  branch-miss (%)  running (%)
max (max_random_01)        69.948804          -             -      -              -                -            -
sum                       685.671724          -             -      -              -                -            -
example_00                  1.044618    1652933       2487503  1.505           7275            1.259        100.0
example_01                  1.033624    1634830       2470128  1.511           7100            1.243        100.0
all_zero_00                 8.906401   14201111      30701749  2.162           7918            0.158        100.0
all_zero_01                10.378354   16552608      35986317  2.174           7907            0.135        100.0
lower_deg_zero_00          58.685116   93664582     197209814  2.105          99806            0.783        100.0
lower_deg_zero_01          46.074338   73534158     151252256  2.057          66238            0.631        100.0
lower_deg_zero_02           8.642352   13780483      44761843  3.248          32922            0.551        100.0
lower_deg_zero_03          10.732199   17117578      56967763  3.328          51536            0.729        100.0
lower_deg_zero_04           6.274313   10000312      31495867  3.149          12152            0.254        100.0
lower_deg_zero_05           8.968996   14301708      46874149  3.278          35770            0.579        100.0
lower_deg_zero_06           8.307519   13246364      42918993  3.240          30193            0.519        100.0
lower_deg_zero_07           7.495450   11949613      38412663  3.215          22797            0.422        100.0
max_random_00              11.935973   19038369      64105521  3.367          61515            0.798        100.0
max_random_01              69.948804  111627342     239023383  2.141         126252            0.879        100.0
max_random_02              69.676131  111178070     239066048  2.150         126493            0.880        100.0
monomial_00                48.863800   77986648     147600130  1.893          12671            0.139        100.0
monomial_01                 5.681784    9054039      27583982  3.047           7655            0.177        100.0
monomial_02                55.433260   88473533     166083335  1.877          12994            0.137        100.0
monomial_03                 5.540532    8828537      26907935  3.048           7737            0.184        100.0
near_262144_00              6.789874   10823385      34822288  3.217          35845            0.829        100.0
near_262144_01             35.256269   56241452     121247160  2.156          72013            0.944        100.0
near_262144_02             38.154175   60875764     129453862  2.127          71182            0.911        100.0
random_00                  11.978241   19093690      64155249  3.360          62098            0.804        100.0
random_01                  69.629837  111111979     239083156  2.152         127006            0.883        100.0
random_02                  69.604813  111093812     239068379  2.152         126223            0.878        100.0
small_degree_00             1.078358    1706342       2495754  1.463           7208            1.242        100.0
small_degree_01             1.073058    1696985       2462479  1.451           7296            1.287        100.0
small_degree_02             1.074901    1700575       2501821  1.471           7124            1.227        100.0
small_degree_03             1.033006    1633885       2492041  1.525           7327            1.270        100.0
small_degree_04             1.072878    1697339       2497852  1.472           7390            1.279        100.0
small_degree_05             1.066413    1686130       2504340  1.485           7289            1.255        100.0
small_degree_06             1.066176    1686378       2490309  1.477           7092            1.224        100.0
small_degree_07             1.043735    1650850       2486310  1.506           7043            1.222        100.0
small_degree_08             1.070967    1694283       2488587  1.469           7393            1.290        100.0
small_degree_09             1.055459    1668581       2452966  1.470           7061            1.249        100.0

submissions/polynomial/sqrt_of_formal_power_series/Rohan_Kapri.cpp
SHA-256: 083e0dd27ad8b7e72b397c34e36a4b6cbb81c5d8471401048f89c96048229ae0
case               task-clock (ms)    cycles  instructions    IPC  branch-misses  branch-miss (%)  running (%)
max (random_02)          58.901474         -             -      -              -                -            -
sum                     573.712618         -             -      -              -                -            -
example_00                1.011491   1599552       2468546  1.543           6896            1.213        100.0
example_01                1.030663   1630385       2478008  1.520           6725            1.172        100.0
all_zero_00               7.109597  11333856      30335992  2.677           7385            0.115        100.0
all_zero_01               8.261072  13171624      35530339  2.697           7451            0.100        100.0
lower_deg_zero_00        50.599131  80756969     182390359  2.259         119707            0.820        100.0
lower_deg_zero_01        39.853285  63602854     144551894  2.273          79092            0.624        100.0
lower_deg_zero_02         6.084474   9697460      25627815  2.643          36764            0.812        100.0
lower_deg_zero_03         7.391427  11783231      31199488  2.648          58934            1.128        100.0
lower_deg_zero_04         4.640572   7391991      19487193  2.636          12336            0.330        100.0
lower_deg_zero_05         6.318887  10071857      26564478  2.637          40598            0.874        100.0
lower_deg_zero_06         5.869484   9353601      24727993  2.644          32837            0.745        100.0
lower_deg_zero_07         5.396499   8598594      22696142  2.640          24905            0.599        100.0
max_random_00             8.150362  12995438      34462863  2.652          70788            1.256        100.0
max_random_01            58.784892  93822938     215919797  2.301         151735            0.977        100.0
max_random_02            58.830924  93896391     215752567  2.298         151360            0.978        100.0
monomial_00              43.606743  69593503     154056853  2.214          25438            0.190        100.0
monomial_01               4.346179   6922401      18074919  2.611           7135            0.200        100.0
monomial_02              49.733883  79375241     174530227  2.199          27461            0.193        100.0
monomial_03               4.309380   6864450      18042096  2.628           7184            0.202        100.0
near_262144_00            4.752159   7570936      19218850  2.539          40144            1.247        100.0
near_262144_01           28.697158  45794605     107207360  2.341          84353            1.029        100.0
near_262144_02           32.506653  51875677     118728823  2.289          84970            0.959        100.0
random_00                 8.155388  13003625      34483874  2.652          70776            1.254        100.0
random_01                58.851442  93911422     215853969  2.298         151918            0.980        100.0
random_02                58.901474  93991893     215759994  2.296         152182            0.983        100.0
small_degree_00           1.057270   1671304       2465009  1.475           6727            1.183        100.0
small_degree_01           1.053440   1665850       2458998  1.476           6788            1.202        100.0
small_degree_02           1.024269   1619311       2486258  1.535           6723            1.170        100.0
small_degree_03           1.061896   1680092       2504733  1.491           6852            1.182        100.0
small_degree_04           1.062580   1681323       2519487  1.499           6886            1.186        100.0
small_degree_05           1.046410   1654755       2517275  1.521           6926            1.193        100.0
small_degree_06           1.036352   1637988       2489437  1.520           6754            1.169        100.0
small_degree_07           1.043561   1649213       2487406  1.508           6697            1.160        100.0
small_degree_08           1.075670   1701671       2528792  1.486           6940            1.187        100.0
small_degree_09           1.057951   1671914       2488393  1.488           6686            1.158        100.0

submissions/polynomial/sqrt_of_formal_power_series/cmk666.cpp
SHA-256: 083e0dd27ad8b7e72b397c34e36a4b6cbb81c5d8471401048f89c96048229ae0
case                 task-clock (ms)    cycles  instructions    IPC  branch-misses  branch-miss (%)  running (%)
max (max_random_02)        59.073611         -             -      -              -                -            -
sum                       574.166607         -             -      -              -                -            -
example_00                  1.026648   1623685       2461711  1.516           6673            1.176        100.0
example_01                  0.996117   1575375       2450418  1.555           6782            1.203        100.0
all_zero_00                 7.115443  11343092      30333823  2.674           7448            0.116        100.0
all_zero_01                 8.225297  13114519      35563888  2.712           7551            0.101        100.0
lower_deg_zero_00          50.673011  80874076     182209231  2.253         118942            0.817        100.0
lower_deg_zero_01          39.971102  63791925     144500753  2.265          79420            0.627        100.0
lower_deg_zero_02           6.052215   9645601      25590984  2.653          36836            0.816        100.0
lower_deg_zero_03           7.398091  11794274      31217053  2.647          59102            1.129        100.0
lower_deg_zero_04           4.609764   7343539      19478854  2.653          12456            0.333        100.0
lower_deg_zero_05           6.283934  10016352      26568145  2.652          40050            0.862        100.0
lower_deg_zero_06           5.903713   9408205      24710238  2.626          32846            0.746        100.0
lower_deg_zero_07           5.403522   8609676      22648376  2.631          25059            0.605        100.0
max_random_00               8.154110  13001412      34518325  2.655          71440            1.264        100.0
max_random_01              58.919368  94038110     215751475  2.294         150688            0.973        100.0
max_random_02              59.073611  94255676     216098436  2.293         152679            0.981        100.0
monomial_00                43.544845  69495661     154011125  2.216          25053            0.187        100.0
monomial_01                 4.326122   6890806      18063645  2.621           7129            0.200        100.0
monomial_02                49.554013  79088043     174343740  2.204          27333            0.192        100.0
monomial_03                 4.326832   6891332      18064051  2.621           7235            0.203        100.0
near_262144_00              4.762050   7586065      19276803  2.541          40510            1.252        100.0
near_262144_01             28.878657  46083236     107215293  2.327          84267            1.028        100.0
near_262144_02             32.655019  52112397     118723649  2.278          85121            0.961        100.0
random_00                   8.114939  12938304      34513670  2.668          70895            1.254        100.0
random_01                  59.037921  94226472     216083479  2.293         150731            0.968        100.0
random_02                  58.727943  93732374     215759663  2.302         151578            0.979        100.0
small_degree_00             1.023062   1617792       2477775  1.532           6838            1.192        100.0
small_degree_01             1.049185   1659464       2492286  1.502           6810            1.183        100.0
small_degree_02             1.051739   1662695       2466802  1.484           6913            1.222        100.0
small_degree_03             1.025421   1621105       2498069  1.541           6892            1.191        100.0
small_degree_04             1.081249   1710678       2517231  1.471           6897            1.188        100.0
small_degree_05             1.071893   1695044       2520305  1.487           6863            1.181        100.0
small_degree_06             1.008211   1593938       2483301  1.558           6785            1.180        100.0
small_degree_07             1.075357   1701072       2481850  1.459           6640            1.152        100.0
small_degree_08             1.050871   1661753       2492431  1.500           6969            1.221        100.0
small_degree_09             0.995332   1573544       2450459  1.557           6729            1.194        100.0

submissions/polynomial/sqrt_of_formal_power_series/rogeryoungh.cpp
SHA-256: c4c480ee9f91f8317ea57d6f6b38fc25ddbd2142769f899cb3a2c4c48095dc76
case               task-clock (ms)     cycles  instructions    IPC  branch-misses  branch-miss (%)  running (%)
max (random_02)          79.869720          -             -      -              -                -            -
sum                     779.011797          -             -      -              -                -            -
example_00                1.097893    1736303       2635959  1.518           8535            1.448        100.0
example_01                1.043115    1650099       2569759  1.557           6989            1.194        100.0
all_zero_00               8.840521   14097344      40479191  2.871           8784            0.107        100.0
all_zero_01              10.305677   16421668      47477829  2.891           8933            0.093        100.0
lower_deg_zero_00        66.924285  106815799     232401933  2.176         108949            0.598        100.0
lower_deg_zero_01        52.310519   83487252     183137756  2.194          73153            0.475        100.0
lower_deg_zero_02         9.392259   14976702      44499936  2.971          35549            0.503        100.0
lower_deg_zero_03        11.298272   18020375      54808797  3.041          56090            0.666        100.0
lower_deg_zero_04         7.353071   11722065      33281337  2.839          13219            0.236        100.0
lower_deg_zero_05         9.741742   15535837      46267065  2.978          38579            0.528        100.0
lower_deg_zero_06         9.105338   14519662      42908767  2.955          31950            0.466        100.0
lower_deg_zero_07         8.626278   13753559      39149033  2.846          24904            0.391        100.0
max_random_00            12.425623   19819209      60869043  3.071          67242            0.728        100.0
max_random_01            79.751979  127275018     275478749  2.164         137131            0.690        100.0
max_random_02            79.790496  127342102     275591355  2.164         137081            0.689        100.0
monomial_00              56.790328   90639566     194362500  2.144          17907            0.112        100.0
monomial_01               6.723387   10716857      30377150  2.835           8105            0.155        100.0
monomial_02              65.712989  104882865     219009761  2.088          19150            0.113        100.0
monomial_03               6.631838   10571589      30097957  2.847           8285            0.158        100.0
near_262144_00            7.046800   11233263      33094064  2.946          38750            0.759        100.0
near_262144_01           40.020915   63870230     139135827  2.178          77868            0.745        100.0
near_262144_02           44.936665   71716575     153124161  2.135          78873            0.711        100.0
random_00                12.426760   19821672      60874704  3.071          67284            0.729        100.0
random_01                79.858383  127461864     275440392  2.161         136516            0.687        100.0
random_02                79.869720  127480057     275548763  2.162         136324            0.685        100.0
small_degree_00           1.091704    1726993       2570524  1.488           7085            1.210        100.0
small_degree_01           1.078535    1705208       2589261  1.518           7365            1.258        100.0
small_degree_02           1.113472    1762653       2576623  1.462           7213            1.244        100.0
small_degree_03           1.105026    1749016       2600548  1.487           7121            1.211        100.0
small_degree_04           1.070959    1693427       2570201  1.518           7223            1.257        100.0
small_degree_05           1.108286    1753620       2609117  1.488           7183            1.227        100.0
small_degree_06           1.105870    1750248       2552791  1.459           7096            1.229        100.0
small_degree_07           1.083096    1713473       2563058  1.496           7053            1.212        100.0
small_degree_08           1.117067    1767599       2621570  1.483           7251            1.244        100.0
small_degree_09           1.112929    1761608       2537425  1.440           7072            1.236        100.0

src/polynomial/sqrt_of_formal_power_series/main.cxx
SHA-256: d5fcd09b5786ca2ffee25ad26919344290e79ad17fcac64f9d8bb05a9975ce21
case                 task-clock (ms)    cycles  instructions    IPC  branch-misses  branch-miss (%)  running (%)
max (max_random_02)        57.010087         -             -      -              -                -            -
sum                       480.914952         -             -      -              -                -            -
example_00                  0.870902   1374369       1790709  1.303           5733            1.432        100.0
example_01                  0.842246   1328868       1777232  1.337           5678            1.426        100.0
all_zero_00                 5.334006   8499704      20588023  2.422           7356            0.195        100.0
all_zero_01                 6.150348   9803289      24077078  2.456           7570            0.172        100.0
lower_deg_zero_00          56.892381  90801020     226512519  2.495          57347            0.580        100.0
lower_deg_zero_01          30.473697  48631192     122374019  2.516          30870            0.411        100.0
lower_deg_zero_02           4.686835   7466877      18277704  2.448          31452            1.021        100.0
lower_deg_zero_03           5.382155   8575802      20419447  2.381          49764            1.625        100.0
lower_deg_zero_04           3.897000   6205904      15881587  2.559          11123            0.361        100.0
lower_deg_zero_05           4.838126   7706893      18603184  2.414          34245            1.117        100.0
lower_deg_zero_06           4.569122   7278060      17902411  2.460          28177            0.918        100.0
lower_deg_zero_07           4.306478   6858256      17132053  2.498          21669            0.703        100.0
max_random_00               5.857237   9334493      21733136  2.328          60015            1.953        100.0
max_random_01              56.979702  90923153     227843177  2.506          73361            0.813        100.0
max_random_02              57.010087  90960935     227892055  2.505          74111            0.820        100.0
monomial_00                 6.607388  10531343      25865741  2.456           7571            0.161        100.0
monomial_01                 3.699491   5890089      15263588  2.591           6510            0.213        100.0
monomial_02                 6.615775  10546301      25894071  2.455           7656            0.163        100.0
monomial_03                 3.674672   5850816      15174013  2.593           6478            0.213        100.0
near_262144_00              3.491095   5557362      12264718  2.207          34488            1.908        100.0
near_262144_01             28.268791  45110920     112069654  2.484          42909            0.883        100.0
near_262144_02             52.201661  83315164     207922227  2.496          47172            0.673        100.0
random_00                   5.856853   9333642      21761904  2.332          60092            1.951        100.0
random_01                  56.992072  90943515     227899407  2.506          73408            0.812        100.0
random_02                  57.000702  90974836     227914866  2.505          73122            0.808        100.0
small_degree_00             0.822168   1296045       1787666  1.379           5567            1.384        100.0
small_degree_01             0.869458   1372610       1811371  1.320           5706            1.397        100.0
small_degree_02             0.867144   1369176       1804603  1.318           5625            1.380        100.0
small_degree_03             0.796777   1255985       1786872  1.423           5396            1.342        100.0
small_degree_04             0.847244   1337043       1813032  1.356           5739            1.403        100.0
small_degree_05             0.836133   1319461       1787946  1.355           5418            1.347        100.0
small_degree_06             0.829020   1307897       1787680  1.367           5570            1.385        100.0
small_degree_07             0.850773   1342692       1801491  1.342           5584            1.372        100.0
small_degree_08             0.859735   1356751       1811445  1.335           5665            1.387        100.0
small_degree_09             0.837678   1321890       1754706  1.327           5459            1.395        100.0
