case                         task-clock (ms)    cycles  instructions    IPC  branch-misses  branch-miss (%)  running (%)
max (almost_line_01)               47.903911         -             -      -              -                -            -
sum                               824.451315         -             -      -              -                -            -
example_00                          0.856146   1603932       1608080  1.003           5422            1.558        100.0
almost_line_00                     47.464536  89898089     118144221  1.314         694286            5.615        100.0
almost_line_01                     47.903911  90767440     118568804  1.306         697444            5.595        100.0
binary_00                          47.121670  89235064     112717054  1.263         477784            3.811        100.0
binary_01                          47.165612  89369419     113273336  1.267         484685            3.828        100.0
binary_02                          46.643030  88340971     112625344  1.275         483567            3.870        100.0
line_00                            28.236046  53506200      82880186  1.549          34282            0.374        100.0
line_01                            31.425219  59552952      90141877  1.514          31640            0.311        100.0
line_02                            15.386763  29149179      45113055  1.548         154000            3.526        100.0
line_03                            16.673159  31588356      45085606  1.427          11227            0.179        100.0
line_04                            13.973494  26470225      38763941  1.464          16924            0.343        100.0
max_line_00                        35.174660  66659640     102642598  1.540          33674            0.297        100.0
max_line_01                        35.761339  67727966     102949238  1.520          34808            0.305        100.0
max_line_02                        35.520396  67316600     102793598  1.527          34059            0.300        100.0
max_random_00                      44.994182  85237987     112663522  1.322         298716            2.391        100.0
max_random_01                      45.298600  85792650     112760378  1.314         302579            2.416        100.0
max_random_02                      45.399985  86043408     112985184  1.313         302459            2.401        100.0
path_graph_root_centroid_00        34.565040  65446447     111393780  1.702          13709            0.112        100.0
path_graph_root_centroid_01        34.757879  65849096     111334213  1.691          13818            0.113        100.0
path_graph_root_centroid_02        34.887483  66102536     111679138  1.689          13846            0.112        100.0
random_00                          35.726912  67707203      90981156  1.344         234704            2.328        100.0
random_01                          40.386640  76522103      98403651  1.286         280139            2.519        100.0
random_02                          15.874687  30074187      54603876  1.816          41480            0.804        100.0
random_03                          24.599466  46613584      46636503  1.000         255679            3.927        100.0
random_04                          18.654460  35344935      41107866  1.163         170483            3.259        100.0
