case               task-clock (ms)    cycles  instructions    IPC  branch-misses  branch-miss (%)  running (%)
max (random_01)          10.173737         -             -      -              -                -            -
sum                     102.843983         -             -      -              -                -            -
example_00                0.880593   1651770       1603135  0.971           5533            1.591        100.0
alternating_00            4.672082   8837319      16508146  1.868           8283            0.229        100.0
alternating_01            6.666795  12620442      26235340  2.079           8651            0.150        100.0
alternating_02            1.059472   1989419       2282242  1.147           5405            1.039        100.0
alternating_03            4.062543   7683702      13154925  1.712           8172            0.286        100.0
alternating_04            3.851404   7282540      13889312  1.907           7994            0.266        100.0
hack_998244353_00         7.045869  13337061      15950055  1.196         159354            5.356        100.0
hack_998244353_01         6.110948  11564786      15785392  1.365          84639            2.820        100.0
hack_998244353_02         5.618966  10634153      15706566  1.477          52365            1.720        100.0
random_00                 8.123969  15380729      12340078  0.802         332631           13.713        100.0
random_01                10.173737  19267943      14745816  0.765         446828           15.026        100.0
random_02                 1.840450   3470306       3053173  0.880          47084            7.516        100.0
random_03                 7.114050  13468180      12492473  0.928         243095           10.579        100.0
random_04                 5.441176  10296574       8961194  0.870         198643           11.545        100.0
random_ab_00              9.536627  18059661      53186663  2.945          28566            0.413        100.0
random_ab_01              5.984833  11326800      28537368  2.519          27058            0.552        100.0
random_ab_02              1.307974   2461970       3314284  1.346           9451            1.122        100.0
random_ab_03              3.486431   6591316      12966154  1.967          22480            0.646        100.0
random_ab_04              9.866064  18683603      58498655  3.131          18266            0.279        100.0
