case                           task-clock (ms)     cycles  instructions    IPC  branch-misses  branch-miss (%)  running (%)
max (length_ratio_integer_02)        59.832678          -             -      -              -                -            -
sum                                 869.664959          -             -      -              -                -            -
example_00                            0.814554    1525593       1645298  1.078           5403            1.505        100.0
a_max_b_random_00                    32.547810   61662889     107542283  1.744          22786            0.304        100.0
a_max_b_random_01                    43.193018   81845341     139788390  1.708          27310            0.301        100.0
a_max_b_random_02                    43.054722   81566545     143963924  1.765          25990            0.276        100.0
burnikel_ziegler_bound_00            37.796066   71613381     169211525  2.363         123357            0.911        100.0
burnikel_ziegler_bound_01            33.747735   63939947     153567518  2.402         149882            1.316        100.0
burnikel_ziegler_bound_02            43.666215   82755524     185315118  2.239         112408            0.762        100.0
burnikel_ziegler_bound_03            34.076092   64576194     153845759  2.382         149722            1.366        100.0
large_00                             27.729607   52546082     117722153  2.240          54788            0.815        100.0
large_01                             32.155289   60934793     141003896  2.314          63130            0.818        100.0
length_ratio_integer_00              53.350650  100979041     184878385  1.831          30997            0.272        100.0
length_ratio_integer_01              47.980191   90868721     165253053  1.819          29078            0.292        100.0
length_ratio_integer_02              59.832678  113401215     215897586  1.904          31007            0.249        100.0
length_ratio_integer_03              52.834545  100019124     192907229  1.929          28696            0.260        100.0
length_ratio_integer_04              53.498378  101394810     188268967  1.857          30983            0.236        100.0
length_ratio_integer_05              41.462142   78540583     168757020  2.149          28188            0.286        100.0
max_00                                5.454862   10322629      12704974  1.231           8113            0.318        100.0
max_01                                9.693849   18357489      14663305  0.799           7890            0.475        100.0
max_02                                2.175579    4106164       3418706  0.833           5975            0.862        100.0
medium_00                            27.170320   51486211      61920963  1.203         274015            4.173        100.0
medium_01                            28.365550   53691574      73060786  1.361         291216            5.162        100.0
medium_02                            31.578976   59842679     135696694  2.268         157485            1.699        100.0
r_nearly_zero_00                     25.584348   48479449      60137864  1.240         241066            3.733        100.0
r_nearly_zero_01                     42.566762   80657139     139119288  1.725         263856            2.337        100.0
r_nearly_zero_02                     29.103137   55148039     124322014  2.254          60356            0.793        100.0
small_00                             30.231884   57276008      95675101  1.670           8035            0.075        100.0
