case            task-clock (ms)     cycles  instructions    IPC  branch-misses  branch-miss (%)  running (%)
max (large_00)        93.453257          -             -      -              -                -            -
sum                  653.156583          -             -      -              -                -            -
example_00             0.849334    1592944       1601790  1.006           5531            1.606        100.0
example_01             0.806872    1511239       1607201  1.063           5487            1.585        100.0
all_zero_00            0.878097    1646338       1593920  0.968           5375            1.565        100.0
all_zero_01            0.855801    1604394       1603203  0.999           5332            1.545        100.0
all_zero_02            0.855849    1603980       1613633  1.006           5482            1.582        100.0
all_zero_03            2.841632    5368000       8407284  1.566           8869            0.861        100.0
ans_zero_00           87.744496  165996547     271969640  1.638         140686            0.609        100.0
ans_zero_01           40.973840   77605317     134329437  1.731          76542            0.657        100.0
large_00              93.453257  176878495     297000337  1.679         257339            1.112        100.0
large_01              93.412846  176809161     296905243  1.679         257636            1.115        100.0
large_02              42.752440   80986327     146539396  1.809         133476            1.152        100.0
large_03              42.784638   81085533     146545406  1.807         133768            1.155        100.0
large_04              21.022928   39833431      73082505  1.835          71699            1.201        100.0
large_05              20.795383   39401405      73067843  1.854          72052            1.208        100.0
n_equals_00            0.855222    1603506       1599612  0.998           5410            1.577        100.0
n_equals_01            0.871716    1634547       1616909  0.989           5383            1.540        100.0
n_equals_02            0.882208    1654093       1611373  0.974           5587            1.619        100.0
n_equals_03            0.831619    1558817       1608193  1.032           5589            1.624        100.0
n_equals_04            0.870933    1633722       1634830  1.001           5613            1.594        100.0
n_equals_05            0.871932    1634312       1618272  0.990           5440            1.577        100.0
n_equals_06            0.910425    1707336       1661693  0.973           5748            1.619        100.0
n_equals_07            0.875818    1641697       1652568  1.007           5731            1.645        100.0
n_equals_08            0.924389    1733988       1704333  0.983           6091            1.702        100.0
n_equals_09            0.925635    1736400       1750737  1.008           6201            1.738        100.0
n_equals_10            0.959661    1799957       1875698  1.042           6622            1.804        100.0
n_equals_11            1.035597    1944798       2132126  1.096           6930            1.776        100.0
n_equals_12            1.184277    2226085       2660537  1.195           8045            1.854        100.0
n_equals_13            1.534750    2890701       3783907  1.309           9698            1.799        100.0
n_equals_14            2.134811    4028906       5947784  1.476          11835            1.649        100.0
n_equals_15            3.417662    6461005      10409306  1.611          16726            1.525        100.0
n_equals_16            5.855667   11082253      19290025  1.741          24291            1.339        100.0
n_equals_17           10.872858   20592893      37021629  1.798          40504            1.267        100.0
n_equals_18           20.934498   39651032      73095637  1.843          72080            1.206        100.0
n_equals_19           42.739997   81001043     146534651  1.809         133030            1.149        100.0
n_equals_20           93.020922  176025745     296253545  1.683         258745            1.128        100.0
small_00               0.845598    1585618       1602941  1.011           5380            1.552        100.0
small_01               0.850004    1592203       1598183  1.004           5371            1.566        100.0
small_02               0.869831    1630564       1602980  0.983           5479            1.594        100.0
small_03               1.041661    1955831       1588285  0.812           5471            1.606        100.0
small_04               0.880767    1651051       1603674  0.971           5451            1.584        100.0
small_05               0.842442    1578883       1580394  1.001           5225            1.541        100.0
small_06               0.872109    1635060       1623697  0.993           5539            1.580        100.0
small_07               0.876949    1645129       1613174  0.981           5555            1.608        100.0
small_08               0.890355    1668659       1625515  0.974           5460            1.555        100.0
small_09               0.878912    1648565       1634239  0.991           5597            1.589        100.0
small_10               0.880789    1651387       1627029  0.985           5566            1.586        100.0
small_11               0.889156    1666284       1629386  0.978           5636            1.603        100.0
