case                  task-clock (ms)     cycles  instructions    IPC  branch-misses  branch-miss (%)  running (%)
max (max_lowrank_04)        79.751365          -             -      -              -                -            -
sum                        713.893316          -             -      -              -                -            -
example_00                   0.872333    1636034       1598995  0.977           5443            1.587        100.0
example_01                   0.888517    1665248       1625365  0.976           5439            1.539        100.0
example_02                   0.846260    1585604       1584024  0.999           5373            1.581        100.0
max_lowrank_00               9.583091   18077782      21796557  1.206          24345            0.722        100.0
max_lowrank_01               8.209096   15487176      20091659  1.297          25152            0.794        100.0
max_lowrank_02              12.668545   23939033      34233630  1.430          41907            0.806        100.0
max_lowrank_03              31.783730   60113126      93704343  1.559          42226            0.274        100.0
max_lowrank_04              79.751365  151039439     235962365  1.562         105913            0.261        100.0
max_lowrank_05               7.875772   14854274      19215572  1.294          22463            0.743        100.0
max_lowrank_06               9.952873   18792093      23011562  1.225          25989            0.732        100.0
max_lowrank_07              10.609209   20035856      27807645  1.388          35340            0.789        100.0
max_lowrank_08              40.097458   75872226     126663890  1.669          49812            0.265        100.0
max_lowrank_09              76.298737  144462697     231629911  1.603         106493            0.266        100.0
max_random_00               76.514822  144906348     233354780  1.610         105511            0.260        100.0
max_random_01               77.656154  147069303     233657979  1.589         108026            0.267        100.0
max_random_02               78.026911  147727397     233986114  1.584         106857            0.263        100.0
max_random_03               76.025368  143963926     233548380  1.622         107553            0.265        100.0
max_random_04               78.567332  148722142     233717667  1.572         107294            0.264        100.0
max_small_00                 1.189063    2236065       2666749  1.193          13955            2.453        100.0
max_small_01                 1.245186    2342494       2665501  1.138          13843            2.473        100.0
random_00                    3.809341    7143843      13172862  1.844          20711            0.996        100.0
random_01                    3.518332    6650962      11643552  1.751          17819            1.144        100.0
random_02                    1.714324    3232050       4153041  1.285           7297            1.040        100.0
random_03                   10.079689   19088826      38421563  2.013          41768            0.560        100.0
random_04                    4.952958    9371170      19124798  2.041          27577            0.714        100.0
small_max_00                 2.526089    4770403       4260579  0.893           6928            0.988        100.0
small_max_01                 0.894705    1678275       1657039  0.987           5945            1.671        100.0
small_random_00              0.871060    1633632       1625848  0.995           5401            1.527        100.0
small_random_01              0.857612    1606803       1625622  1.012           5335            1.511        100.0
small_random_02              0.871319    1633685       1633079  1.000           5606            1.580        100.0
small_random_03              0.861859    1615224       1619461  1.003           5221            1.483        100.0
small_random_04              0.851459    1596354       1627748  1.020           5532            1.562        100.0
smallest_00                  0.850105    1593817       1627924  1.021           5340            1.510        100.0
smallest_01                  0.839852    1573744       1624684  1.032           5423            1.536        100.0
smallest_02                  0.877204    1644654       1630196  0.991           5484            1.548        100.0
smallest_03                  0.855586    1603854       1625894  1.014           5470            1.547        100.0
