case                task-clock (ms)    cycles  instructions    IPC  branch-misses  branch-miss (%)  running (%)
max (large_max_01)        17.003690         -             -      -              -                -            -
sum                      180.738557         -             -      -              -                -            -
example_00                 0.891091   1670748       1596312  0.955           5496            1.605        100.0
example_01                 0.875198   1641069       1581485  0.964           5367            1.580        100.0
large_max_00              16.975873  32161161      59104737  1.838         267314            4.258        100.0
large_max_01              17.003690  32214437      59004531  1.832         267764            4.273        100.0
large_min_00              16.094754  30490804      46910092  1.538         479916            8.723        100.0
large_min_01              16.067062  30439565      46906896  1.541         479571            8.704        100.0
large_triangle_00         13.473843  25522094      45288879  1.774         248751            4.559        100.0
large_triangle_01         13.461560  25498859      46035381  1.805         246368            4.519        100.0
max_random_00             16.143070  30568894      59453802  1.945         235590            3.574        100.0
max_random_01             16.139758  30577597      59463356  1.945         234554            3.557        100.0
max_random_02             16.225827  30740407      59482872  1.935         235335            3.568        100.0
random_00                 13.702708  25942938      41380495  1.595         355408            7.695        100.0
random_01                 16.649561  31543206      50895107  1.614         420854            7.654        100.0
random_02                  2.689899   5080858       7064161  1.390          54228            5.769        100.0
small_00                   0.828861   1552861       1599408  1.030           5411            1.562        100.0
small_01                   0.862803   1618197       1585443  0.980           5484            1.613        100.0
small_02                   0.887559   1663923       1582271  0.951           5405            1.592        100.0
small_03                   0.892251   1673474       1580509  0.944           5373            1.583        100.0
small_04                   0.873189   1637074       1567997  0.958           5347            1.588        100.0
