case                    task-clock (ms)    cycles  instructions    IPC  branch-misses  branch-miss (%)  running (%)
max (max_random_01)           25.865852         -             -      -              -                -            -
sum                          611.363162         -             -      -              -                -            -
example_00                     0.855453   1603984       1598792  0.997           5484            1.599        100.0
example_01                     0.842307   1578397       1643174  1.041           5455            1.526        100.0
all_same_00                   24.655202  46588925     100956134  2.167          11874            0.508        100.0
all_same_01                   25.593780  48383600     103859692  2.147          11619            0.454        100.0
all_same_02                   25.806678  48786953     103853555  2.129          12034            0.470        100.0
all_same_03                   25.823291  48913704     103881255  2.124          12563            0.490        100.0
fft_killer_00                 25.599313  48431689     103865780  2.145          12133            0.473        100.0
fft_killer_01                 25.757050  48808805     103820964  2.127          11952            0.469        100.0
fft_killer_02                 25.788842  48752707     103814924  2.129          11883            0.467        100.0
fft_killer_03                 25.825948  48821970     103830689  2.127          12062            0.473        100.0
fft_killer_04                 25.743836  48784037     103856683  2.129          11825            0.462        100.0
fft_killer_05                 25.833215  48920113     103872829  2.123          12545            0.489        100.0
fft_killer_06                 25.703680  48569860     103877177  2.139          12482            0.486        100.0
fft_killer_07                 25.814022  48780601     103871915  2.129          12282            0.479        100.0
fft_killer_08                 25.787733  48716401     103875007  2.132          12592            0.491        100.0
fft_killer_09                 25.822810  48816300     103872998  2.128          12217            0.476        100.0
max_ans_zero_00               25.782288  48856811     103472564  2.118          25570            1.024        100.0
max_random_00                 25.801189  48891656     103628196  2.120          25785            1.016        100.0
max_random_01                 25.865852  48897842     103507602  2.117          25626            1.021        100.0
medium_00                      1.365623   2569718       3298369  1.284           7824            1.649        100.0
medium_01                      1.101568   2069772       2532956  1.224           6657            1.579        100.0
medium_02                      1.369969   2578849       3209199  1.244           7849            1.673        100.0
medium_all_zero_00             1.313024   2470103       3136769  1.270           6508            1.377        100.0
medium_pre_suf_zero_00         0.926186   1736899       1864049  1.073           6040            1.613        100.0
medium_pre_suf_zero_01         0.897620   1683244       1861204  1.106           5920            1.583        100.0
medium_pre_suf_zero_02         0.925766   1736538       1834707  1.057           5798            1.553        100.0
medium_pre_suf_zero_03         0.925381   1736160       1838280  1.059           5702            1.522        100.0
medium_pre_suf_zero_04         0.944172   1713268       1858733  1.085           5977            1.602        100.0
random_00                     23.932402  45292684      95897872  2.117          24313            1.034        100.0
random_01                     24.520459  46334961      98332999  2.122          25418            1.051        100.0
random_02                     12.586761  23784100      49913354  2.099          22855            1.431        100.0
signed_overflow_00             0.823017   1542534       1647937  1.068           5471            1.533        100.0
small_00                       0.839704   1573685       1632959  1.038           5284            1.487        100.0
small_01                       0.836450   1567500       1642964  1.048           5523            1.547        100.0
small_02                       0.845137   1583525       1638070  1.034           5435            1.525        100.0
small_03                       0.838592   1571836       1645197  1.047           5445            1.524        100.0
small_04                       0.855330   1602887       1656824  1.034           5622            1.559        100.0
small_05                       0.832032   1558738       1643009  1.054           5426            1.518        100.0
small_06                       0.855955   1603945       1644510  1.025           5548            1.552        100.0
small_07                       0.796434   1492188       1623284  1.088           5253            1.488        100.0
small_08                       0.853070   1599428       1641432  1.026           5409            1.515        100.0
small_09                       0.861899   1615740       1642821  1.017           5316            1.489        100.0
small_10                       0.830936   1557690       1629308  1.046           5396            1.522        100.0
small_11                       0.863742   1619775       1644433  1.015           5513            1.541        100.0
small_12                       0.853127   1599192       1643954  1.028           5518            1.544        100.0
small_13                       0.855289   1603073       1642012  1.024           5418            1.517        100.0
small_14                       0.841798   1577096       1648200  1.045           5547            1.549        100.0
small_15                       0.833926   1562624       1642037  1.051           5371            1.504        100.0
small_and_large_00            21.742704  41141249      86469139  2.102          18162            0.900        100.0
small_and_large_01            21.731148  41155597      86516645  2.102          18718            0.926        100.0
small_and_large_02            21.515310  40768535      86492899  2.122          18521            0.916        100.0
small_and_large_03            21.701376  41064742      86519086  2.107          18049            0.893        100.0
unsigned_overflow_00           0.844766   1584019       1644359  1.038           5515            1.545        100.0
