2026-10-01 lenovo / Intel(R) Core(TM) i5-10210U CPU @ 1.60GHz
Two complete passes; per binary/case minimum task-clock; all counters from that same run.
Cases: 25, including examples. Units: ms. No CPU pinning.
Compiler: g++ (GCC) 16.2.1 20260819 (Red Hat 16.2.1-2); rustc 1.98.1 (48a229cea 2026-09-01)
Build host: master; glibc 2.43
Environment: Linux 7.2.8-200.fc44.x86_64; affinity [0, 1, 2, 3]; stack 268435456 bytes; bench_env OK.
cxx_flags.txt: -std=c++23 -DEVAL -DONLINE_JUDGE -Iinclude -O3 -fwhole-program -fno-exceptions -fno-rtti -march=x86-64-v3 -fno-pie -no-pie -nostdlib++ -static -lm -s
cpp_flags.txt: -std=c++23 -DEVAL -DONLINE_JUDGE -Iac-library -include cassert -O3 -fwhole-program -fno-exceptions -fno-rtti -march=x86-64-v3 -fno-pie -no-pie -static -lgmp -s
rust_flags.txt: -C opt-level=3 -C codegen-units=1 -C lto=fat -C panic=abort -C target-cpu=x86-64-v3 -C target-feature=+crt-static -C relocation-model=static -C link-arg=-Wl,-u,__cxa_thread_atexit_impl -C strip=symbols

solution                                max (ms)       sum (ms)
Anonymous                                188.563393    2752.674987
IceKylin                                 187.369301    2744.891330
Rohan_Kapri                              185.888017    2752.858166
chaihf                                   188.041560    2695.501769
toomer                                   219.284762    3538.042207
main                                     181.288932    2652.653829

submissions/data_structure/point_set_range_composite_large_array/Anonymous.cpp
SHA-256: ed625d851daa7dd9f9337e5b449294bfe1bde8e27fb519d4f8c046e2b40ac594
case                   task-clock (ms)     cycles  instructions    IPC  branch-misses  branch-miss (%)  running (%)
max (many_query_0_01)       188.563393          -             -      -              -                -            -
sum                        2752.674987          -             -      -              -                -            -
example_00                    1.035858    1638146       2439977  1.489           7008            1.245        100.0
dense_00                     57.605766   91855988     169044351  1.840         859050            3.812        100.0
dense_01                     96.319027  153653632     276917686  1.802        1507174            5.633        100.0
dense_02                    150.877509  240728268     379568098  1.577        1625820            5.094        100.0
many_query_0_00             187.239525  298728307     422739052  1.415         372532            1.206        100.0
many_query_0_01             188.563393  300856339     422973833  1.406         715118            2.311        100.0
many_query_1_00             124.261851  198205597     307016572  1.549        1477708            4.574        100.0
many_query_1_01             122.670846  195701661     305804170  1.563        1487574            4.615        100.0
max_random_00               161.973110  258429407     384755360  1.489        1710892            5.257        100.0
max_random_01               162.991404  260035224     384735674  1.480        1701210            5.232        100.0
max_random_02               163.193557  260385693     384937644  1.478        1729538            5.310        100.0
near_0_and_N_00             143.441122  228844754     364354267  1.592        1945870            6.208        100.0
near_0_and_N_01             144.447480  230450999     365727413  1.587        1945225            6.174        100.0
query_0_then_1_00           154.012804  245731323     384785406  1.566        1156929            3.556        100.0
query_0_then_1_01           156.111983  249043740     385022173  1.546        1159466            3.557        100.0
random_00                   133.637555  213195412     329491504  1.545        1572080            5.441        100.0
random_01                   134.859286  215132207     326468274  1.518        1592990            5.618        100.0
random_02                   122.741502  195792809     296360699  1.514        1329748            5.220        100.0
random_03                     8.018315   12783980      20337797  1.591          96599            4.311        100.0
random_04                    30.215842   48217940      74444018  1.544         345801            4.976        100.0
small_N_00                   55.407389   88347039     154007101  1.743         864776            3.929        100.0
small_N_01                   59.834379   95413965     160993579  1.687        1071306            4.825        100.0
small_N_02                   63.410621  101107325     169893588  1.680        1180826            5.235        100.0
small_N_03                   63.507090  101276562     169853578  1.677        1206250            5.350        100.0
small_N_04                   66.297773  105730878     178324068  1.687        1284162            5.617        100.0

submissions/data_structure/point_set_range_composite_large_array/IceKylin.cpp
SHA-256: ed625d851daa7dd9f9337e5b449294bfe1bde8e27fb519d4f8c046e2b40ac594
case                   task-clock (ms)     cycles  instructions    IPC  branch-misses  branch-miss (%)  running (%)
max (many_query_0_00)       187.369301          -             -      -              -                -            -
sum                        2744.891330          -             -      -              -                -            -
example_00                    1.035218    1637895       2434206  1.486           7003            1.252        100.0
dense_00                     57.447251   91602722     168260729  1.837         858967            3.844        100.0
dense_01                     96.206299  153425835     276460632  1.802        1506919            5.656        100.0
dense_02                    150.182414  239599134     379594491  1.584        1636263            5.125        100.0
many_query_0_00             187.369301  298969317     423566747  1.417         551275            1.774        100.0
many_query_0_01             185.130111  295380356     422703466  1.431         339376            1.099        100.0
many_query_1_00             123.958996  197757835     307882958  1.557        1476493            4.540        100.0
many_query_1_01             124.047713  197887531     306049975  1.547        1488193            4.608        100.0
max_random_00               159.795297  254950262     384732607  1.509        1706626            5.245        100.0
max_random_01               161.576457  257794088     384756887  1.492        1700353            5.228        100.0
max_random_02               161.518607  257674889     384753501  1.493        1709076            5.254        100.0
near_0_and_N_00             143.509694  228948024     363932012  1.590        1951254            6.248        100.0
near_0_and_N_01             143.831085  229495968     364803662  1.590        1945001            6.219        100.0
query_0_then_1_00           156.114479  249086338     384724187  1.545        1160457            3.569        100.0
query_0_then_1_01           153.914951  245592436     384702336  1.566        1159806            3.566        100.0
random_00                   134.242952  214171752     329222794  1.537        1561591            5.416        100.0
random_01                   134.515199  214607619     326442360  1.521        1587624            5.600        100.0
random_02                   123.803891  197480116     296375151  1.501        1346902            5.285        100.0
random_03                     8.025065   12795599      20382652  1.593          96548            4.291        100.0
random_04                    30.059143   47966938      74441998  1.552         345357            4.968        100.0
small_N_00                   55.543306   88547917     153826269  1.737         867872            3.951        100.0
small_N_01                   59.925773   95560285     161029900  1.685        1070529            4.820        100.0
small_N_02                   63.268940  100896297     169952352  1.684        1178295            5.218        100.0
small_N_03                   63.565392  101368598     169887800  1.676        1206205            5.346        100.0
small_N_04                   66.303796  105740878     178288425  1.686        1280682            5.604        100.0

submissions/data_structure/point_set_range_composite_large_array/Rohan_Kapri.cpp
SHA-256: 0b504c16bb5128cdd78a5bd8d53d8c48b616fe03d6b49a61e65f9c4cfafac514
case                   task-clock (ms)     cycles  instructions    IPC  branch-misses  branch-miss (%)  running (%)
max (many_query_0_01)       185.888017          -             -      -              -                -            -
sum                        2752.858166          -             -      -              -                -            -
example_00                    1.050920    1662278       2456888  1.478           7032            1.237        100.0
dense_00                     57.213480   91188874     160909703  1.765         861355            4.331        100.0
dense_01                     97.071260  154836217     274840737  1.775        1509176            6.238        100.0
dense_02                    150.390846  239967472     381596169  1.590        1634012            5.629        100.0
many_query_0_00             184.882870  295025864     433427914  1.469         279216            0.997        100.0
many_query_0_01             185.888017  296588882     433483337  1.462         357749            1.277        100.0
many_query_1_00             123.672675  197287250     299382744  1.517        1474713            5.016        100.0
many_query_1_01             123.023079  196263185     299120531  1.524        1486183            5.025        100.0
max_random_00               164.173239  261920285     386815629  1.477        1715174            5.769        100.0
max_random_01               163.491822  260822366     386866999  1.483        1717985            5.783        100.0
max_random_02               162.679998  259568961     386788968  1.490        1713558            5.769        100.0
near_0_and_N_00             143.145813  228344770     366369172  1.604        1945535            6.738        100.0
near_0_and_N_01             143.187779  228423082     367209593  1.608        1942338            6.718        100.0
query_0_then_1_00           156.065589  249024771     386983198  1.554        1152473            3.874        100.0
query_0_then_1_01           154.795921  246974046     388688796  1.574        1156968            3.842        100.0
random_00                   134.456155  214488252     330872479  1.543        1566114            5.867        100.0
random_01                   136.515835  217748079     328047446  1.507        1587568            6.076        100.0
random_02                   123.641212  197266964     297821652  1.510        1339106            5.748        100.0
random_03                     8.028912   12801225      20213125  1.579          96392            4.661        100.0
random_04                    30.066296   47979648      74320916  1.549         347450            5.492        100.0
small_N_00                   55.463481   88420087     147524816  1.668         871025            4.294        100.0
small_N_01                   60.040302   95742297     155418066  1.623        1071977            5.218        100.0
small_N_02                   63.391059  101091288     164923652  1.631        1177631            5.641        100.0
small_N_03                   63.739747  101647748     164747264  1.621        1204872            5.776        100.0
small_N_04                   66.781859  106488327     173879475  1.633        1280512            6.038        100.0

submissions/data_structure/point_set_range_composite_large_array/chaihf.cpp
SHA-256: e1b8b7eacfe1e08f0f4d5065986cd0b5e9d4c9e44ba508885b095083be28647a
case                   task-clock (ms)     cycles  instructions    IPC  branch-misses  branch-miss (%)  running (%)
max (many_query_0_00)       188.041560          -             -      -              -                -            -
sum                        2695.501769          -             -      -              -                -            -
example_00                    1.013850    1602925       2419901  1.510           6719            1.208        100.0
dense_00                     55.126677   87923691     166629835  1.895         866125            3.331        100.0
dense_01                     94.598410  150874172     277493328  1.839        1502481            4.941        100.0
dense_02                    148.598607  237063544     380755739  1.606        1706116            4.826        100.0
many_query_0_00             188.041560  300016309     424312507  1.414         624536            1.925        100.0
many_query_0_01             187.869967  299763704     424426832  1.416         593270            1.828        100.0
many_query_1_00             119.227991  190171551     299527067  1.575        1461861            4.033        100.0
many_query_1_01             118.528496  189088451     298258754  1.577        1472079            4.069        100.0
max_random_00               157.120144  250667640     381412843  1.522        1703803            4.832        100.0
max_random_01               160.394146  255875373     381495301  1.491        1729359            4.906        100.0
max_random_02               159.406685  254358153     381475992  1.500        1726608            4.896        100.0
near_0_and_N_00             139.893616  223211016     361829073  1.621        1910355            5.595        100.0
near_0_and_N_01             140.852942  224691834     362707836  1.614        1928914            5.639        100.0
query_0_then_1_00           153.717791  245260425     381360145  1.555        1352879            3.842        100.0
query_0_then_1_01           155.040768  247370733     381394592  1.542        1359737            3.859        100.0
random_00                   130.945581  208850554     311736308  1.493        1598791            5.541        100.0
random_01                   130.483461  208164547     313723261  1.507        1604755            5.514        100.0
random_02                   120.632005  192446411     291769118  1.516        1354699            4.972        100.0
random_03                     7.832023   12486415      20022081  1.604          95879            4.041        100.0
random_04                    29.265019   46699868      73134196  1.566         340830            4.606        100.0
small_N_00                   53.225774   84906719     151228642  1.781         867174            3.587        100.0
small_N_01                   57.481331   91657090     158974608  1.734        1066272            4.324        100.0
small_N_02                   60.828707   96973592     168369437  1.736        1176264            4.699        100.0
small_N_03                   61.228089   97622111     168195710  1.723        1205156            4.816        100.0
small_N_04                   64.148129  102298528     177083556  1.731        1280233            5.050        100.0

submissions/data_structure/point_set_range_composite_large_array/toomer.rs
SHA-256: e45499e444db38b13b1fd3b856c79d1b0514f082596ef9fd72deb3253afed6c2
case                 task-clock (ms)     cycles  instructions    IPC  branch-misses  branch-miss (%)  running (%)
max (max_random_00)       219.284762          -             -      -              -                -            -
sum                      3538.042207          -             -      -              -                -            -
example_00                  1.033681    1635130       2063993  1.262           7550            1.621        100.0
dense_00                   70.186819  112023665     198672531  1.773        1415190            5.199        100.0
dense_01                  128.849018  205612499     374837417  1.823        3307622            7.459        100.0
dense_02                  212.899245  339791450     546821238  1.609        5512236            8.877        100.0
many_query_0_00           213.134007  340169005     565606777  1.663         717852            1.143        100.0
many_query_0_01           209.669091  334622352     564491825  1.687         587628            0.940        100.0
many_query_1_00           157.998598  252146622     441194025  1.750        5710386           11.117        100.0
many_query_1_01           157.749213  251751166     440304091  1.749        5701996           11.120        100.0
max_random_00             219.284762  349967911     553126928  1.581        5636036            8.931        100.0
max_random_01             217.138077  346573607     552970318  1.596        5624607            8.922        100.0
max_random_02             218.247475  348310119     552993309  1.588        5635677            8.939        100.0
near_0_and_N_00           188.158113  300300481     515120735  1.715        4941598            8.639        100.0
near_0_and_N_01           187.584225  299381357     516307610  1.725        4918937            8.586        100.0
query_0_then_1_00         199.433781  318338446     553063148  1.737        4435641            7.032        100.0
query_0_then_1_01         202.469363  323128515     553232324  1.712        4633125            7.342        100.0
random_00                 179.177396  285962684     450896675  1.577        4756298            9.231        100.0
random_01                 180.042613  287322835     453097291  1.577        4768694            9.213        100.0
random_02                 163.535905  260990542     419099666  1.606        4261671            8.903        100.0
random_03                   9.818985   15658425      26100659  1.667         242433            7.394        100.0
random_04                  38.291739   61109987     100425844  1.643        1002048            8.400        100.0
small_N_00                 72.793037  116166150     195338602  1.682        1418359            5.723        100.0
small_N_01                 75.430944  120394326     204524623  1.699        1504997            5.763        100.0
small_N_02                 77.615223  123841238     211872049  1.711        1608424            6.009        100.0
small_N_03                 77.493338  123662626     215086036  1.739        1564513            5.749        100.0
small_N_04                 80.007559  127683077     220189594  1.725        1715619            6.226        100.0

src/data_structure/point_set_range_composite_large_array/main.cxx
SHA-256: b63f31a2b20b83cfc1f15dcd264f7ad2bf1cadb7aa0067b9ed06bf5a18948f86
case                   task-clock (ms)     cycles  instructions    IPC  branch-misses  branch-miss (%)  running (%)
max (many_query_0_01)       181.288932          -             -      -              -                -            -
sum                        2652.653829          -             -      -              -                -            -
example_00                    0.777798    1226319       1747224  1.425           5398            1.393        100.0
dense_00                     59.001047   94083563     165086385  1.755         762755            3.746        100.0
dense_01                     96.102524  153280186     272547069  1.778        1423975            5.568        100.0
dense_02                    149.785607  239001553     379928296  1.590        1751741            5.625        100.0
many_query_0_00             180.128523  287393650     398422265  1.386         591885            2.025        100.0
many_query_0_01             181.288932  289251376     397847069  1.375         596467            2.048        100.0
many_query_1_00             110.015133  175481920     340433760  1.940        1377286            4.120        100.0
many_query_1_01             109.316618  174332982     339679411  1.948        1371218            4.104        100.0
max_random_00               155.816510  248599216     392160106  1.577        1768618            5.487        100.0
max_random_01               153.901674  245552946     392457178  1.598        1767848            5.474        100.0
max_random_02               154.349739  246257750     392380565  1.593        1766430            5.469        100.0
near_0_and_N_00             140.683779  224455577     363085647  1.618        1990591            6.422        100.0
near_0_and_N_01             141.031072  225026082     364041409  1.618        1961734            6.328        100.0
query_0_then_1_00           149.461186  238464723     392189660  1.645        1288199            3.998        100.0
query_0_then_1_01           148.852513  237511798     393718675  1.658        1288035            3.959        100.0
random_00                   128.652535  205218822     319049858  1.555        1626280            6.119        100.0
random_01                   128.460235  204929368     320930627  1.566        1618981            6.067        100.0
random_02                   116.331622  185573872     297227496  1.602        1383864            5.616        100.0
random_03                     7.219521   11509415      19500593  1.694          92922            4.745        100.0
random_04                    28.090738   44801831      74289427  1.658         341396            5.198        100.0
small_N_00                   57.002202   90892878     151937918  1.672         764689            3.792        100.0
small_N_01                   60.850343   97021171     157717280  1.626         965073            4.676        100.0
small_N_02                   64.649781  103061802     163806794  1.589        1161853            5.551        100.0
small_N_03                   64.405733  102710230     165457330  1.611        1104764            5.263        100.0
small_N_04                   66.478464  106002320     170588765  1.609        1214695            5.738        100.0
