case                        task-clock (ms)    cycles  instructions    IPC  branch-misses  branch-miss (%)  running (%)
max (small_width_query_02)        30.226876         -             -      -              -                -            -
sum                              406.961574         -             -      -              -                -            -
example_00                         0.865339   1621731       1591454  0.981           5346            1.550        100.0
max_random_00                     27.160696  51449464      79199238  1.539         206802            2.757        100.0
max_random_01                     27.445395  52007965      79643776  1.531         253349            3.426        100.0
max_random_02                     27.615725  52331442      79636049  1.522         227545            3.029        100.0
max_random_03                     29.010897  54976676      82695088  1.504         323497            4.301        100.0
max_random_04                     26.827761  50816052      78753422  1.550         202638            2.741        100.0
random_00                         23.145910  43798389      65792562  1.502         197460            3.157        100.0
random_01                         25.713894  48725844      70741553  1.452         219220            3.158        100.0
random_02                         12.783586  24214311      46843780  1.935          94271            3.131        100.0
random_03                         12.619766  23905230      30719409  1.285          70614            1.590        100.0
random_04                         11.502193  21785546      29335062  1.347          91862            2.575        100.0
small_00                           0.879314   1649377       1694987  1.028           5402            1.526        100.0
small_01                           0.931870   1748944       1736744  0.993           5870            1.614        100.0
small_02                           0.892180   1672851       1711308  1.023           5879            1.665        100.0
small_03                           0.936865   1757746       1751581  0.996           6013            1.648        100.0
small_04                           0.895122   1678391       1727192  1.029           5869            1.643        100.0
small_05                           0.921213   1728467       1724836  0.998           5760            1.625        100.0
small_06                           0.901183   1690457       1732506  1.025           5667            1.584        100.0
small_07                           0.905594   1698080       1735870  1.022           5649            1.577        100.0
small_08                           0.881761   1653494       1714968  1.037           5493            1.552        100.0
small_09                           0.914465   1715486       1729151  1.008           5798            1.626        100.0
small_values_00                   23.725461  44957938      69783439  1.552          70587            0.961        100.0
small_width_query_00              29.944722  56607831      86760702  1.533         171867            2.290        100.0
small_width_query_01              29.871779  56607841      86835355  1.534         167808            2.236        100.0
small_width_query_02              30.226876  57281832      86880226  1.517         170188            2.261        100.0
small_width_query_03              29.733617  56346016      87302171  1.549         156307            2.064        100.0
small_width_query_04              29.708390  56276701      86754603  1.542         171223            2.283        100.0
