2026-10-01 lenovo / Intel(R) Core(TM) i5-10210U CPU @ 1.60GHz
Two complete passes; per binary/case minimum task-clock; all counters from that same run.
Cases: 35, including examples. Units: ms. No CPU pinning.
Compiler: g++ (GCC) 16.2.1 20260819 (Red Hat 16.2.1-2); rustc 1.98.1 (48a229cea 2026-09-01)
Build host: master; glibc 2.43
Environment: Linux 7.2.8-200.fc44.x86_64; affinity [0, 1, 2, 3]; stack 268435456 bytes; bench_env OK.
cxx_flags.txt: -std=c++23 -DEVAL -DONLINE_JUDGE -Iinclude -O3 -fwhole-program -fno-exceptions -fno-rtti -march=x86-64-v3 -fno-pie -no-pie -nostdlib++ -static -lm -s
cpp_flags.txt: -std=c++23 -DEVAL -DONLINE_JUDGE -Iac-library -include cassert -O3 -fwhole-program -fno-exceptions -fno-rtti -march=x86-64-v3 -fno-pie -no-pie -static -lgmp -s
rust_flags.txt: -C opt-level=3 -C codegen-units=1 -C lto=fat -C panic=abort -C target-cpu=x86-64-v3 -C target-feature=+crt-static -C relocation-model=static -C link-arg=-Wl,-u,__cxa_thread_atexit_impl -C strip=symbols

solution                                max (ms)       sum (ms)
JustinRochester                          119.459203    1324.808060
Nachia                                   168.255719    2153.960873
adamant                                  160.819994    2553.250987
sakikuroe                                 94.301167    1208.760027
urectanc                                 117.792553    1525.615707
main                                      70.391923     516.497248

submissions/polynomial/pow_of_formal_power_series_sparse/JustinRochester.cpp
SHA-256: 95409b1a299ffd3c2015a974a04a76e7496129e95d59650d5e8b935cda3a65f0
case                  task-clock (ms)     cycles  instructions    IPC  branch-misses  branch-miss (%)  running (%)
max (small_dense_02)       119.459203          -             -      -              -                -            -
sum                       1324.808060          -             -      -              -                -            -
example_00                   0.972823    1537804       2391025  1.555           6567            1.194        100.0
example_01                   1.000802    1582144       2419045  1.529           6674            1.196        100.0
example_02                   0.972499    1537083       2416572  1.572           6637            1.191        100.0
example_03                   1.004634    1588655       2405627  1.514           6574            1.188        100.0
low_deg_zero2_00            77.868468  124285572     328640463  2.644          11047            0.026        100.0
low_deg_zero2_01            78.478813  125260681     333130868  2.660          13508            0.032        100.0
low_deg_zero2_02            69.383891  110727258     293919829  2.654          11302            0.027        100.0
low_deg_zero2_03            70.245087  112092623     295828842  2.639          11155            0.027        100.0
low_deg_zero2_04            68.142732  108759523     288040055  2.648          10893            0.026        100.0
low_deg_zero_00             13.801202   22015152      32461519  1.475           7920            0.136        100.0
low_deg_zero_01             13.779594   21980823      32522332  1.480           8002            0.136        100.0
max_random_00               68.286549  108967242     291506220  2.675          10324            0.026        100.0
max_random_01               75.022056  119742164     320368996  2.675          10471            0.026        100.0
max_random_02               64.049270  102226743     272592877  2.667           9684            0.024        100.0
max_random_03               63.071510  100665647     269169695  2.674           9621            0.024        100.0
max_random_04               69.986312  111703545     298846021  2.675          10148            0.025        100.0
min_K_00                     6.014336    9585310      14407204  1.503           7594            0.283        100.0
min_K_01                     6.948211   11076912      16672400  1.505           7592            0.246        100.0
overflow_killer_00           1.015173    1605001       2417304  1.506           6603            1.185        100.0
overflow_killer_01           1.031098    1629875       2403893  1.475           6594            1.189        100.0
random_00                   25.377652   40494242     108775489  2.686           8344            0.052        100.0
random_01                   35.347827   56409981     151393835  2.684          12834            0.068        100.0
random_02                   42.615088   67997749     182305897  2.681           9543            0.041        100.0
random_03                   12.885101   20552579      39247924  1.910           7688            0.130        100.0
random_04                   25.341615   40437816      82276589  2.035           8227            0.064        100.0
small_N_00                   0.997017    1576985       2412580  1.530           6572            1.181        100.0
small_N_01                   1.001510    1584309       2443962  1.543           6739            1.188        100.0
small_N_02                   1.010068    1597592       2388486  1.495           6508            1.184        100.0
small_N_03                   1.022197    1615990       2442151  1.511           6619            1.168        100.0
small_N_04                   0.990118    1565202       2434418  1.555           6687            1.188        100.0
small_dense_00              96.676747  154295038     422070171  2.735         111293            0.229        100.0
small_dense_01             103.361663  164979579     458143455  2.777         111299            0.216        100.0
small_dense_02             119.459203  190675794     530179083  2.781         111788            0.194        100.0
small_dense_03              13.853564   22099509      32519257  1.471           8067            0.138        100.0
small_dense_04              93.793630  149682240     386119067  2.580         111697            0.245        100.0

submissions/polynomial/pow_of_formal_power_series_sparse/Nachia.cpp
SHA-256: 9c9b6132712a404f3c70935c631124b1b275532bfff3e5918960914c5006f7dc
case                  task-clock (ms)     cycles  instructions    IPC  branch-misses  branch-miss (%)  running (%)
max (small_dense_02)       168.255719          -             -      -              -                -            -
sum                       2153.960873          -             -      -              -                -            -
example_00                   1.017734    1609272       2429862  1.510           6611            1.175        100.0
example_01                   1.027946    1624681       2426930  1.494           6836            1.222        100.0
example_02                   0.979668    1547473       2390291  1.545           6529            1.187        100.0
example_03                   1.016012    1606284       2440430  1.519           6586            1.162        100.0
low_deg_zero2_00           135.906470  216930210     368517628  1.699          11665            0.039        100.0
low_deg_zero2_01           137.878372  220066152     375051628  1.704          15040            0.049        100.0
low_deg_zero2_02           123.462627  197033427     314468515  1.596          12368            0.045        100.0
low_deg_zero2_03           124.085128  198023061     318294233  1.607          12155            0.044        100.0
low_deg_zero2_04           121.203212  193459566     305690869  1.580          11408            0.042        100.0
low_deg_zero_00              8.652917   13797242      34677886  2.513           8194            0.094        100.0
low_deg_zero_01              8.584521   13687565      34659844  2.532           8177            0.094        100.0
max_random_00              122.373864  195328359     311602021  1.595          10650            0.042        100.0
max_random_01              132.870896  212071856     355734649  1.677          11750            0.043        100.0
max_random_02              115.671069  184613360     283423481  1.535          10463            0.044        100.0
max_random_03              114.206245  182275462     277769980  1.524          10375            0.044        100.0
max_random_04              124.959305  199455806     322597970  1.617          10905            0.042        100.0
min_K_00                     3.776444    6013525      14983950  2.492           7384            0.198        100.0
min_K_01                     4.308204    6862171      17318156  2.524           7568            0.175        100.0
overflow_killer_00           1.013492    1602988       2446281  1.526           6624            1.167        100.0
overflow_killer_01           1.001048    1582973       2423083  1.531           6707            1.200        100.0
random_00                   45.816318   73120380     112977775  1.545           8735            0.090        100.0
random_01                   62.374010   99551593     167680516  1.684          13086            0.101        100.0
random_02                   75.339992  120247848     199648428  1.660           9764            0.062        100.0
random_03                   30.316840   48378587      38707734  0.800           8110            0.115        100.0
random_04                   59.151793   94407768      83560207  0.885           9063            0.067        100.0
small_N_00                   1.017263    1608467       2416492  1.502           6679            1.198        100.0
small_N_01                   1.017561    1609002       2410125  1.498           6706            1.211        100.0
small_N_02                   1.034551    1636304       2431720  1.486           6663            1.180        100.0
small_N_03                   0.986645    1559691       2405737  1.542           6658            1.204        100.0
small_N_04                   0.996991    1576132       2451625  1.555           6821            1.200        100.0
small_dense_00             137.455712  219362504     361226337  1.647         120200            0.303        100.0
small_dense_01             148.923799  237680354     404293051  1.701         121155            0.291        100.0
small_dense_02             168.255719  268544360     490400460  1.826         120179            0.263        100.0
small_dense_03               8.662250   13811966      34672801  2.510           8026            0.092        100.0
small_dense_04             128.616255  205278244     318139874  1.550         119965            0.319        100.0

submissions/polynomial/pow_of_formal_power_series_sparse/adamant.cpp
SHA-256: 5be35af34b524452588aedc8d6139835858efdcc7368f55c71a8b617c20a95df
case                  task-clock (ms)     cycles  instructions    IPC  branch-misses  branch-miss (%)  running (%)
max (small_dense_02)       160.819994          -             -      -              -                -            -
sum                       2553.250987          -             -      -              -                -            -
example_00                  19.163573   30561042      41885079  1.371           8664            0.743        100.0
example_01                  19.094149   30463696      41902151  1.375           8499            0.724        100.0
example_02                   1.036873    1639458       2466882  1.505           7319            1.290        100.0
example_03                   1.015715    1606063       2491032  1.551           7267            1.260        100.0
low_deg_zero2_00           157.860615  251781376     257105729  1.021          14793            0.071        100.0
low_deg_zero2_01           157.917122  251895644     257746031  1.023          14503            0.071        100.0
low_deg_zero2_02           153.612832  245071151     232167573  0.947          14064            0.082        100.0
low_deg_zero2_03           155.552662  248183101     241393979  0.973          15456            0.082        100.0
low_deg_zero2_04           155.324944  247725189     237754929  0.960          14670            0.080        100.0
low_deg_zero_00             14.741513   23515872      20229490  0.860           8763            0.465        100.0
low_deg_zero_01             14.838833   23672380      20833396  0.880           8738            0.429        100.0
max_random_00              153.888677  245514993     235853823  0.961          14149            0.080        100.0
max_random_01              155.903969  248812762     249612617  1.003          14125            0.073        100.0
max_random_02              153.320636  244612168     227481585  0.930          13488            0.080        100.0
max_random_03              152.736254  243710755     225921385  0.927          14849            0.089        100.0
max_random_04              154.153544  245947053     239029324  0.972          14512            0.081        100.0
min_K_00                     7.040881   11223827      13563408  1.208           8020            0.384        100.0
min_K_01                     8.177957   13040025      15642517  1.200           8166            0.344        100.0
overflow_killer_00           1.059671    1676661       2475536  1.476           7134            1.248        100.0
overflow_killer_01           1.060557    1676374       2462379  1.469           7217            1.274        100.0
random_00                   71.853031  114670211     116551394  1.016          11299            0.145        100.0
random_01                   82.739159  132043567     140082203  1.061          11616            0.118        100.0
random_02                   97.736975  156001273     160184520  1.027          11917            0.104        100.0
random_03                   35.286085   56313786      69480256  1.234           9626            0.151        100.0
random_04                   67.540521  107698085     132918343  1.234          12180            0.115        100.0
small_N_00                  19.116680   30501935      41860799  1.372           8521            0.734        100.0
small_N_01                  19.153671   30559786      41901575  1.371           8521            0.726        100.0
small_N_02                  19.155654   30562361      41864152  1.370           8598            0.741        100.0
small_N_03                   1.066073    1686068       2487880  1.476           7084            1.230        100.0
small_N_04                  19.130983   30523531      41870680  1.372           8555            0.735        100.0
small_dense_00             101.136404  161342857     263954346  1.636          11692            0.063        100.0
small_dense_01             108.251661  172677685     296777714  1.719          11770            0.057        100.0
small_dense_02             160.819994  256578553     255494930  0.996          12871            0.069        100.0
small_dense_03              15.969491   25476465      28460327  1.117           8696            0.222        100.0
small_dense_04              96.793628  154410676     235088907  1.522          10953            0.059        100.0

submissions/polynomial/pow_of_formal_power_series_sparse/sakikuroe.rs
SHA-256: 3096c70ef13c4f5381db2d23bbdad92a4e2d3e1cff6b200e388df30a1992cfea
case                  task-clock (ms)     cycles  instructions    IPC  branch-misses  branch-miss (%)  running (%)
max (small_dense_02)        94.301167          -             -      -              -                -            -
sum                       1208.760027          -             -      -              -                -            -
example_00                   0.986432    1559653       2035197  1.305           7076            1.536        100.0
example_01                   0.960730    1518259       1999959  1.317           6986            1.548        100.0
example_02                   0.980188    1549441       2020036  1.304           7059            1.550        100.0
example_03                   0.981333    1550711       2005074  1.293           6979            1.550        100.0
low_deg_zero2_00            76.128974  121492775     396893904  3.267          24235            0.042        100.0
low_deg_zero2_01            76.704984  122428899     399651404  3.264          26441            0.045        100.0
low_deg_zero2_02            65.264083  104164967     338422293  3.249          22293            0.042        100.0
low_deg_zero2_03            66.507687  106134122     344513299  3.246          22991            0.043        100.0
low_deg_zero2_04            63.988107  102129240     331185988  3.243          18509            0.035        100.0
low_deg_zero_00             20.525068   32748687     105326947  3.216          15001            0.052        100.0
low_deg_zero_01             20.175212   32190091     104562373  3.248          14314            0.050        100.0
max_random_00               68.081064  108645489     352780846  3.247          22013            0.041        100.0
max_random_01               76.052414  121386529     396914267  3.270          21593            0.037        100.0
max_random_02               62.331635   99485332     321652023  3.233          23673            0.046        100.0
max_random_03               61.670476   98429035     318214538  3.233          20663            0.040        100.0
max_random_04               69.862906  111490952     362745121  3.254          21997            0.040        100.0
min_K_00                     7.224255   11517084      38231713  3.320          10728            0.103        100.0
min_K_01                     8.483212   13526428      45048006  3.330          11022            0.089        100.0
overflow_killer_00           0.978499    1546758       2046366  1.323           7051            1.516        100.0
overflow_killer_01           0.986148    1558965       2043038  1.311           7016            1.515        100.0
random_00                   25.443388   40600511     128728691  3.171          14358            0.070        100.0
random_01                   36.072882   57566757     185604845  3.224          19320            0.071        100.0
random_02                   43.058298   68718511     223376430  3.251          16689            0.051        100.0
random_03                   11.528107   18373492      58441621  3.181          11383            0.075        100.0
random_04                   24.719284   39428830     123979007  3.144          15312            0.053        100.0
small_N_00                   0.970168    1533773       2025214  1.320           7236            1.586        100.0
small_N_01                   0.970698    1534223       2011072  1.311           7177            1.590        100.0
small_N_02                   1.007672    1592913       2065420  1.297           7153            1.520        100.0
small_N_03                   0.976725    1542496       2046842  1.327           7024            1.510        100.0
small_N_04                   0.974010    1539574       2006927  1.304           7052            1.564        100.0
small_dense_00              66.398352  105959012     287994773  2.718         129868            0.299        100.0
small_dense_01              75.012899  119699785     331695602  2.771         133500            0.282        100.0
small_dense_02              94.301167  150516197     419575419  2.788         134905            0.244        100.0
small_dense_03              16.883159   26934740      94773548  3.519          13841            0.053        100.0
small_dense_04              61.569811   98266966     243298525  2.476         130504            0.332        100.0

submissions/polynomial/pow_of_formal_power_series_sparse/urectanc.rs
SHA-256: 0c392ca47f48da5a096e39c36a54a4f5a790bcbeb413c71b3eb451361eae5e05
case                  task-clock (ms)     cycles  instructions    IPC  branch-misses  branch-miss (%)  running (%)
max (small_dense_02)       117.792553          -             -      -              -                -            -
sum                       1525.615707          -             -      -              -                -            -
example_00                   1.121112    1773853       2302378  1.298           7046            1.361        100.0
example_01                   1.121375    1774311       2321910  1.309           6948            1.320        100.0
example_02                   1.089065    1723679       2298194  1.333           7008            1.355        100.0
example_03                   1.131503    1790526       2301681  1.285           7050            1.362        100.0
low_deg_zero2_00            97.538078  155683251     358758806  2.304          12980            0.033        100.0
low_deg_zero2_01            99.285604  158473087     363973142  2.297          15667            0.040        100.0
low_deg_zero2_02            85.553130  136553708     305662730  2.238          12166            0.035        100.0
low_deg_zero2_03            86.517357  138091845     310505171  2.249          12537            0.035        100.0
low_deg_zero2_04            84.093900  134199892     298936925  2.228          13409            0.039        100.0
low_deg_zero_00             15.762101   25145792      45226154  1.799           9393            0.119        100.0
low_deg_zero_01             15.773532   25139118      45328431  1.803           9891            0.125        100.0
max_random_00               88.198415  140775184     318474684  2.262          12387            0.034        100.0
max_random_01               97.919206  156275711     360298179  2.306          13768            0.035        100.0
max_random_02               81.853603  130648321     290464244  2.223          12069            0.036        100.0
max_random_03               80.836642  128989378     286221514  2.219          13054            0.039        100.0
max_random_04               90.470021  144384374     328830820  2.277          13011            0.035        100.0
min_K_00                     6.613477   10542421      18800266  1.783           8106            0.240        100.0
min_K_01                     7.680915   12247141      22099470  1.804           8492            0.216        100.0
overflow_killer_00           1.140534    1805567       2301485  1.275           7019            1.356        100.0
overflow_killer_01           1.150243    1820674       2330705  1.280           6947            1.316        100.0
random_00                   32.195686   51379032     115441395  2.247           9942            0.073        100.0
random_01                   45.455934   72545537     168534291  2.323          14086            0.077        100.0
random_02                   54.538373   87028589     202625384  2.328          11071            0.050        100.0
random_03                   16.529561   26371700      49295802  1.869           9085            0.094        100.0
random_04                   34.954405   55783342     107887212  1.934          10685            0.059        100.0
small_N_00                   1.126981    1783930       2286376  1.282           7042            1.373        100.0
small_N_01                   1.146250    1814829       2304846  1.270           7087            1.368        100.0
small_N_02                   1.114147    1761798       2326096  1.320           7037            1.335        100.0
small_N_03                   1.140411    1805063       2315901  1.283           6952            1.329        100.0
small_N_04                   1.122113    1775728       2325106  1.309           7058            1.338        100.0
small_dense_00              84.401348  134658838     265491470  1.972         121143            0.416        100.0
small_dense_01              94.727016  151180639     306372030  2.027         121469            0.379        100.0
small_dense_02             117.792553  187983667     388557872  2.067         121895            0.320        100.0
small_dense_03              15.811114   25224398      45308920  1.796           9241            0.116        100.0
small_dense_04              78.710002  125629363     224315614  1.786         120712            0.463        100.0

src/polynomial/pow_of_formal_power_series_sparse/main.cxx
SHA-256: 97f780205f6651c23289a071a7e7ac3e9d9c57e4783b091e9e25ce352078d664
case                  task-clock (ms)     cycles  instructions    IPC  branch-misses  branch-miss (%)  running (%)
max (small_dense_02)        70.391923          -             -      -              -                -            -
sum                        516.497248          -             -      -              -                -            -
example_00                   0.827070    1305680       1768001  1.354           5572            1.408        100.0
example_01                   0.820263    1293117       1733827  1.341           5375            1.397        100.0
example_02                   0.803140    1267262       1781549  1.406           5576            1.391        100.0
example_03                   0.821098    1295352       1745309  1.347           5509            1.415        100.0
low_deg_zero2_00            16.208482   25859045      47573104  1.840          10087            0.125        100.0
low_deg_zero2_01            16.827152   26846868      47978293  1.787          15230            0.188        100.0
low_deg_zero2_02            16.174911   25805964      47575546  1.844           9839            0.122        100.0
low_deg_zero2_03            16.149045   25764740      47624135  1.848           9468            0.117        100.0
low_deg_zero2_04            16.194152   25836383      47720050  1.847           9773            0.121        100.0
low_deg_zero_00              6.721211   10713276      22320197  2.083           7428            0.208        100.0
low_deg_zero_01              6.771076   10792857      22354622  2.071           7670            0.214        100.0
max_random_00               16.239731   25909170      47612449  1.838           9663            0.120        100.0
max_random_01               16.355134   26092856      47650716  1.826          10831            0.135        100.0
max_random_02               16.188127   25825845      47656807  1.845           9645            0.120        100.0
max_random_03               16.191829   25832563      47595053  1.842           9587            0.119        100.0
max_random_04               16.293044   25993913      47623134  1.832          10101            0.126        100.0
min_K_00                     3.128246    4978560       9997586  2.008           6644            0.393        100.0
min_K_01                     3.479077    5537937      11444268  2.067           6577            0.344        100.0
overflow_killer_00           0.817027    1288502       1749921  1.358           5549            1.421        100.0
overflow_killer_01           0.840430    1326281       1754521  1.323           5618            1.437        100.0
random_00                    6.773035   10796836      19822285  1.836           8026            0.235        100.0
random_01                    8.536984   13612178      23598673  1.734          16114            0.402        100.0
random_02                    9.594973   15302415      28359482  1.853           9116            0.188        100.0
random_03                    3.342570    5320092      10763081  2.023           6849            0.380        100.0
random_04                   13.168536   21006458      38654473  1.840           9061            0.138        100.0
small_N_00                   0.852268    1345095       1760860  1.309           5673            1.446        100.0
small_N_01                   0.820096    1293548       1741593  1.346           5434            1.407        100.0
small_N_02                   0.851152    1342578       1798569  1.340           5679            1.399        100.0
small_N_03                   0.830324    1309832       1775257  1.355           5437            1.360        100.0
small_N_04                   0.849693    1340660       1768009  1.319           5539            1.398        100.0
small_dense_00              68.283597  108986065     136908495  1.256          10358            0.061        100.0
small_dense_01              69.275951  110568684     154947167  1.401          10685            0.056        100.0
small_dense_02              70.391923  112350417     190941977  1.700          10664            0.046        100.0
small_dense_03               6.766364   10785708      22369024  2.074           7505            0.209        100.0
small_dense_04              68.309537  109026889     118921657  1.091          10535            0.070        100.0
