2026-10-02 lenovo / Intel(R) Core(TM) i5-10210U CPU @ 1.60GHz
Two complete passes per binary; per case minimum task-clock; all counters from that same run.
Unchanged binaries reuse their recorded passes; each section identifies its measurement batch.
Cases: 29, including examples. Units: ms. No CPU pinning.
Compiler: g++ (GCC) 16.2.1 20260819 (Red Hat 16.2.1-2); rustc 1.98.1 (48a229cea 2026-09-01)
Build host: fedora; glibc 2.43
Environment: Linux 7.2.8-200.fc44.x86_64; affinity [0, 1, 2, 3]; stack 268435456 bytes; bench_env OK.
cxx_flags.txt: -std=c++23 -DEVAL -DONLINE_JUDGE -Iinclude -O3 -fwhole-program -fno-exceptions -fno-rtti -march=x86-64-v3 -fno-pie -no-pie -nostdlib++ -static -lm -s
cpp_flags.txt: -std=c++23 -DEVAL -DONLINE_JUDGE -Iac-library -include cassert -O3 -fwhole-program -fno-exceptions -fno-rtti -march=x86-64-v3 -fno-pie -no-pie -static -lgmp -s
rust_flags.txt: -C opt-level=3 -C codegen-units=1 -C lto=fat -C panic=abort -C target-cpu=x86-64-v3 -C target-feature=+crt-static -C relocation-model=static -C link-arg=-Wl,-u,__cxa_thread_atexit_impl -C strip=symbols

solution                                max (ms)       sum (ms)
Anonymous                                161.955850    1444.162264
Rohan_Kapri                              102.710526     978.352583
nandhagk                                 101.153051     976.966221
sigma                                    164.914790    1474.202594
twins_fuyu                               117.152011    1234.486726
main                                      96.435405     971.809031
naive                                    160.916214    1290.479478

submissions/graph/shortest_path/Anonymous.cpp
SHA-256: 6359f274869cda48e17ffe3f0f4f464179b2370acf52b27bec48379bb94a18bc
Measured: bench/graph-polish-20261002/accepted-37 [Anonymous]
case                            task-clock (ms)     cycles  instructions    IPC  branch-misses  branch-miss (%)  running (%)
max (wrong_dijkstra_killer_01)       161.955850          -             -      -              -                -            -
sum                                 1444.162264          -             -      -              -                -            -
example_00                             0.959795    1516952       2438061  1.607           6639            1.181        100.0
example_01                             0.995076    1572628       2459029  1.564           6852            1.204        100.0
almost_line_00                        86.705640  138348038      99009877  0.716        1130077            6.683        100.0
almost_line_01                        86.504504  138051850      99004680  0.717        1131113            6.684        100.0
almost_line_02                        86.962345  138803427      92118267  0.664        1138596            6.462        100.0
grid_random_00                        21.689911   34608989      63882611  1.846         276048            2.774        100.0
grid_swirl_00                         86.392602  137893024     151897857  1.102        1378967            5.917        100.0
line_00                              136.045893  217040106     133623071  0.616         223176            0.895        100.0
max_dense_long_00                     45.527488   72628750      61457056  0.846          79511            0.863        100.0
max_dense_random_00                   33.616365   53647160      58486574  1.090          76765            0.872        100.0
max_dense_random_01                   32.904737   52510445      58346645  1.111          76501            0.870        100.0
max_dense_zero_00                     22.554189   35972200      49014225  1.363          11592            0.130        100.0
max_sparse_random_00                 127.398580  203349492     154016869  0.757        2565350           10.041        100.0
max_sparse_random_01                  84.872309  135437557     117354258  0.866        1678715            8.701        100.0
max_sparse_random_02                 100.347657  160150513     130491581  0.815        1999459            9.284        100.0
max_star_00                           19.627660   31317802      60595360  1.935         164334            1.791        100.0
max_star_01                           21.624853   34506292      67532030  1.957         219366            2.056        100.0
small_00                               0.996554    1575405       2465696  1.565           6970            1.223        100.0
small_01                               0.979589    1547270       2469423  1.596           7075            1.239        100.0
small_02                               0.996338    1575053       2463781  1.564           6975            1.224        100.0
small_03                               1.006493    1591007       2446992  1.538           7001            1.240        100.0
small_04                               0.991468    1567892       2459532  1.569           6889            1.210        100.0
sparse_random_00                      18.621762   29712244      55178397  1.857         277743            3.180        100.0
sparse_random_01                      18.660069   29759366      55963894  1.881         241260            2.721        100.0
sparse_random_02                      32.850303   52424369      59474831  1.134         538594            5.792        100.0
spfa_killer_00                        91.410118  145876291     131107995  0.899        1360119            5.996        100.0
wrong_dijkstra_handmade_00             0.990738    1565819       2438616  1.557           6710            1.192        100.0
wrong_dijkstra_killer_00             119.973378  191449352     214570344  1.121        3627041           10.124        100.0
wrong_dijkstra_killer_01             161.955850  258466625     258990285  1.002        2441680            5.970        100.0

submissions/graph/shortest_path/Rohan_Kapri.cpp
SHA-256: b86c400ecbfca59910c7e83c78c8fac6a98bbe628ce14ce8b3c6bbbbe68f9aa3
Measured: bench/graph-polish-20261002/accepted-37 [Rohan_Kapri]
case                            task-clock (ms)     cycles  instructions    IPC  branch-misses  branch-miss (%)  running (%)
max (wrong_dijkstra_killer_01)       102.710526          -             -      -              -                -            -
sum                                  978.352583          -             -      -              -                -            -
example_00                             0.839870    1325292       1904955  1.437           6267            1.458        100.0
example_01                             0.824359    1301171       1889920  1.452           6268            1.476        100.0
almost_line_00                        80.296219  128144926     107184741  0.836         581222            3.725        100.0
almost_line_01                        80.169704  127931340     106883714  0.835         585576            3.772        100.0
almost_line_02                        79.542518  126958630     109841269  0.865         497328            3.130        100.0
grid_random_00                        28.716967   45827226      61763132  1.348         105161            1.199        100.0
grid_swirl_00                         46.554890   74283224      91695646  1.234         371683            2.620        100.0
line_00                               56.023042   89415115     117249815  1.311         157131            1.005        100.0
max_dense_long_00                     21.728930   34671781      61215681  1.766          69191            0.800        100.0
max_dense_random_00                   21.049545   33587467      57455905  1.711          67884            0.844        100.0
max_dense_random_01                   21.087614   33648578      57242851  1.701          68174            0.853        100.0
max_dense_zero_00                     19.253967   30721243      52498096  1.709          10274            0.139        100.0
max_sparse_random_00                  28.916010   46126815      60562620  1.313          64603            0.738        100.0
max_sparse_random_01                  49.773127   79438130      90032854  1.133         272645            2.118        100.0
max_sparse_random_02                  61.473682   98084590     107684681  1.098         408279            2.677        100.0
max_star_00                           24.551724   39162169      61400537  1.568          62365            0.747        100.0
max_star_01                           26.162147   41747290      61594672  1.475          62049            0.740        100.0
small_00                               0.853212    1346437       1905930  1.416           6425            1.504        100.0
small_01                               0.825082    1300885       1913806  1.471           6356            1.473        100.0
small_02                               0.833636    1316029       1904701  1.447           6404            1.500        100.0
small_03                               0.842163    1328746       1923933  1.448           6461            1.492        100.0
small_04                               0.829338    1309144       1900795  1.452           6390            1.499        100.0
sparse_random_00                      25.623274   40888839      53854609  1.317          53784            0.670        100.0
sparse_random_01                      26.545513   42359866      55223534  1.304          53865            0.652        100.0
sparse_random_02                      26.925559   42967705      56676839  1.319         151113            1.848        100.0
spfa_killer_00                        78.949473  125995187     118581102  0.941         399979            2.219        100.0
wrong_dijkstra_handmade_00             0.858634    1355270       1912805  1.411           6298            1.459        100.0
wrong_dijkstra_killer_00              65.591858  104689938     203198077  1.941         110783            0.391        100.0
wrong_dijkstra_killer_01             102.710526  163940533     139862570  0.853         326822            1.471        100.0

submissions/graph/shortest_path/nandhagk.cpp
SHA-256: 6d26095628beab77fc941cb07ef928a56fb12b83aa1214f7291e739d6165e82a
Measured: bench/graph-polish-20261002/accepted-37 [nandhagk]
case                            task-clock (ms)     cycles  instructions    IPC  branch-misses  branch-miss (%)  running (%)
max (wrong_dijkstra_killer_01)       101.153051          -             -      -              -                -            -
sum                                  976.966221          -             -      -              -                -            -
example_00                             0.817821    1290230       1899363  1.472           6231            1.452        100.0
example_01                             0.828702    1308202       1903926  1.455           6305            1.468        100.0
almost_line_00                        80.209258  128006465     106818746  0.834         581024            3.749        100.0
almost_line_01                        80.055604  127761575     106862749  0.836         583579            3.761        100.0
almost_line_02                        80.027706  127693081     109865668  0.860         504840            3.176        100.0
grid_random_00                        28.742206   45867315      61759699  1.346         105163            1.199        100.0
grid_swirl_00                         46.444067   74124454      91698353  1.237         368970            2.601        100.0
line_00                               56.058976   89472271     117188668  1.310         158468            1.016        100.0
max_dense_long_00                     21.757618   34718587      61243062  1.764          69290            0.800        100.0
max_dense_random_00                   21.204268   33820404      57805766  1.709          68293            0.842        100.0
max_dense_random_01                   21.023339   33529931      57277506  1.708          68034            0.849        100.0
max_dense_zero_00                     19.253663   30721318      52525856  1.710           9738            0.132        100.0
max_sparse_random_00                  28.781487   45930977      60555690  1.318          63598            0.727        100.0
max_sparse_random_01                  49.708534   79335104      90126793  1.136         272556            2.112        100.0
max_sparse_random_02                  61.514052   98162849     107722366  1.097         407728            2.671        100.0
max_star_00                           24.600586   39255995      61411295  1.564          61998            0.742        100.0
max_star_01                           26.055255   41578972      61664425  1.483          62262            0.740        100.0
small_00                               0.866981    1368788       1917289  1.401           6365            1.474        100.0
small_01                               0.854790    1349205       1907653  1.414           6382            1.493        100.0
small_02                               0.870316    1374324       1919200  1.396           6395            1.480        100.0
small_03                               0.888487    1403226       1921572  1.369           6430            1.487        100.0
small_04                               0.826553    1304102       1899580  1.457           6237            1.465        100.0
sparse_random_00                      25.620682   40883132      53764681  1.315          53534            0.669        100.0
sparse_random_01                      26.692202   42594642      55310778  1.299          53912            0.650        100.0
sparse_random_02                      26.918585   42955166      56669920  1.319         151481            1.853        100.0
spfa_killer_00                        79.068217  126173325     118605097  0.940         398301            2.209        100.0
wrong_dijkstra_handmade_00             0.840030    1325951       1915651  1.445           6278            1.447        100.0
wrong_dijkstra_killer_00              65.283185  104196920     203498974  1.953         112312            0.395        100.0
wrong_dijkstra_killer_01             101.153051  161440580     139917215  0.867         326486            1.468        100.0

submissions/graph/shortest_path/sigma.cpp
SHA-256: c9278fd09fe56331b612180e4ea398d8a4fb0b3338571d0fd8faed7d75577534
Measured: bench/graph-polish-20261002/accepted-37 [sigma]
case                            task-clock (ms)     cycles  instructions    IPC  branch-misses  branch-miss (%)  running (%)
max (wrong_dijkstra_killer_01)       164.914790          -             -      -              -                -            -
sum                                 1474.202594          -             -      -              -                -            -
example_00                             0.960392    1517711       2457282  1.619           6710            1.180        100.0
example_01                             0.995930    1574474       2460219  1.563           6809            1.197        100.0
almost_line_00                        91.173637  145493233      98953331  0.680        1182215            6.828        100.0
almost_line_01                        91.796777  146486825      99022744  0.676        1182704            6.820        100.0
almost_line_02                        89.828317  143348365      93352930  0.651        1153460            6.356        100.0
grid_random_00                        22.212937   35444879      63982060  1.805         288208            2.882        100.0
grid_swirl_00                         87.095126  138968016     151255882  1.088        1377334            5.838        100.0
line_00                              140.693630  224459797     134593991  0.600         223700            0.876        100.0
max_dense_long_00                     47.865694   76366456      61050940  0.799         203714            2.150        100.0
max_dense_random_00                   35.438750   56556501      58700205  1.038         167879            1.862        100.0
max_dense_random_01                   34.930019   55744658      58631880  1.052         164139            1.821        100.0
max_dense_zero_00                     22.589752   36046667      48968596  1.358          12280            0.134        100.0
max_sparse_random_00                 128.217230  204629027     153944365  0.752        2590087           10.022        100.0
max_sparse_random_01                  84.786764  135329938     117843991  0.871        1683777            8.608        100.0
max_sparse_random_02                 100.278309  160028604     130828510  0.818        2012192            9.225        100.0
max_star_00                           19.629636   31321308      60651608  1.936         164278            1.791        100.0
max_star_01                           21.556199   34396635      67494322  1.962         221809            2.083        100.0
small_00                               0.995128    1573616       2470069  1.570           6923            1.212        100.0
small_01                               0.969413    1532410       2472842  1.614           7039            1.232        100.0
small_02                               1.012121    1600511       2472255  1.545           6984            1.222        100.0
small_03                               0.993163    1570354       2449558  1.560           6912            1.224        100.0
small_04                               0.996964    1576233       2466842  1.565           6789            1.191        100.0
sparse_random_00                      18.520953   29551737      55218328  1.869         278950            3.193        100.0
sparse_random_01                      18.631753   29727317      56059361  1.886         242904            2.734        100.0
sparse_random_02                      33.211908   53002135      59610047  1.125         566255            5.997        100.0
spfa_killer_00                        93.923070  149896838     132211127  0.882        1370070            5.943        100.0
wrong_dijkstra_handmade_00             0.984049    1555978       2445612  1.572           6826            1.210        100.0
wrong_dijkstra_killer_00             119.000183  189913434     216111073  1.138        3624989            9.964        100.0
wrong_dijkstra_killer_01             164.914790  263187821     260240201  0.989        2435295            5.879        100.0

submissions/graph/shortest_path/twins_fuyu.cpp
SHA-256: e91965a53446b681629881d9734fcc3a3e9ae1d6532d9063ff36b759bbd4269e
Measured: bench/graph-polish-20261002/accepted-37 [twins_fuyu]
case                            task-clock (ms)     cycles  instructions    IPC  branch-misses  branch-miss (%)  running (%)
max (wrong_dijkstra_killer_01)       117.152011          -             -      -              -                -            -
sum                                 1234.486726          -             -      -              -                -            -
example_00                             4.311631    6867615       6670103  0.971           7260            0.493        100.0
example_01                             8.653644   13799376      16440196  1.191          13641            0.412        100.0
almost_line_00                        96.155076  153461135     186149893  1.213        1127589            3.715        100.0
almost_line_01                        96.127656  153415842     185247798  1.207        1129140            3.746        100.0
almost_line_02                        88.416747  141099255     155245910  1.100        1105402            4.110        100.0
grid_random_00                        34.634989   55274388     106885532  1.934         275079            1.818        100.0
grid_swirl_00                         57.174726   91234976     154087372  1.689         515910            2.036        100.0
line_00                               96.855163  154579865     227873706  1.474         235197            0.580        100.0
max_dense_long_00                     23.577560   37621853      89166290  2.370          93006            0.709        100.0
max_dense_random_00                   23.093722   36851016      86316186  2.342          92186            0.738        100.0
max_dense_random_01                   22.966740   36648789      86006809  2.347          91153            0.734        100.0
max_dense_zero_00                     17.079026   27249340      54012063  1.982          11239            0.126        100.0
max_sparse_random_00                  38.976697   62204319     109698210  1.764         539815            3.465        100.0
max_sparse_random_01                  58.155236   92818686     135810356  1.463         762766            3.900        100.0
max_sparse_random_02                  69.054753  110216733     151508976  1.375         907931            4.147        100.0
max_star_00                           32.435035   51747876     112270504  2.170         178639            1.065        100.0
max_star_01                           62.949011  100385564     166955966  1.663         617777            2.486        100.0
small_00                               4.308909    6863421       6716270  0.979           7245            0.487        100.0
small_01                               4.329026    6895444       6723507  0.975           7628            0.513        100.0
small_02                               4.293952    6838845       6714336  0.982           7435            0.500        100.0
small_03                               4.285768    6825424       6681322  0.979           7521            0.511        100.0
small_04                               4.294503    6839916       6685377  0.977           7629            0.518        100.0
sparse_random_00                      34.143015   54488556      94768691  1.739         445605            3.242        100.0
sparse_random_01                      35.484079   56611117      96159104  1.699         465650            3.330        100.0
sparse_random_02                      32.262178   51485434      90981899  1.767         307891            2.329        100.0
spfa_killer_00                        87.618106  139833357     155438735  1.112        1040623            3.927        100.0
wrong_dijkstra_handmade_00             8.637874   13773572      16450471  1.194          14182            0.428        100.0
wrong_dijkstra_killer_00              67.059893  107032416     218889406  2.045         533742            1.653        100.0
wrong_dijkstra_killer_01             117.152011  186961739     191495417  1.024         833964            2.475        100.0

src/graph/shortest_path/main.cxx
SHA-256: 72cd3c12df0a16b038d14f69755613adec3da44d9a64e4d0ebde659ed6682fdb
Measured: bench/graph-polish-20261002/accepted-37 [main]
case                            task-clock (ms)     cycles  instructions    IPC  branch-misses  branch-miss (%)  running (%)
max (wrong_dijkstra_killer_01)        96.435405          -             -      -              -                -            -
sum                                  971.809031          -             -      -              -                -            -
example_00                             0.853057    1345888       1767113  1.313           5673            1.444        100.0
example_01                             0.778757    1226931       1795424  1.463           5380            1.324        100.0
almost_line_00                        76.592675  122250234     118166993  0.967         529132            3.835        100.0
almost_line_01                        76.801099  122565434     117981756  0.963         533404            3.879        100.0
almost_line_02                        77.857071  124266602     117489082  0.945         446977            3.081        100.0
grid_random_00                        31.083372   49604462      74991757  1.512         123667            1.644        100.0
grid_swirl_00                         49.292655   78670776     103565905  1.316         409263            3.458        100.0
line_00                               44.612764   71200529     105744327  1.485          14442            0.123        100.0
max_dense_long_00                     25.116371   40078691      76408102  1.906          86475            1.182        100.0
max_dense_random_00                   23.702794   37822985      70898488  1.874          85124            1.282        100.0
max_dense_random_01                   23.647296   37733363      70630570  1.872          83696            1.265        100.0
max_dense_zero_00                     19.174556   30593877      58799280  1.922          11106            0.182        100.0
max_sparse_random_00                  32.352616   51629038      74343997  1.440         112407            1.467        100.0
max_sparse_random_01                  50.323714   80316514     101538828  1.264         311290            2.814        100.0
max_sparse_random_02                  60.652309   96804163     118358746  1.223         438862            3.359        100.0
max_star_00                           22.229114   35470009      63273752  1.784          80902            1.287        100.0
max_star_01                           22.218692   35453199      63408222  1.789          80866            1.282        100.0
small_00                               0.842894    1330107       1811710  1.362           5529            1.354        100.0
small_01                               0.819232    1291588       1819596  1.409           5527            1.349        100.0
small_02                               0.819128    1291966       1803305  1.396           5684            1.404        100.0
small_03                               0.805297    1269183       1780257  1.403           5554            1.406        100.0
small_04                               0.806013    1270731       1809729  1.424           5820            1.434        100.0
sparse_random_00                      29.429962   46964315      67085779  1.428          88750            1.200        100.0
sparse_random_01                      30.633409   48843250      68185255  1.396          84839            1.097        100.0
sparse_random_02                      28.243417   45071598      67558959  1.499         155664            2.251        100.0
spfa_killer_00                        76.733785  122474804     127027356  1.037         407444            2.527        100.0
wrong_dijkstra_handmade_00             0.798134    1258566       1809326  1.438           5630            1.376        100.0
wrong_dijkstra_killer_00              68.153443  108758502     218478799  2.009         383696            1.452        100.0
wrong_dijkstra_killer_01              96.435405  153924007     142886376  0.928         507025            2.714        100.0

src/graph/shortest_path/naive.cxx
SHA-256: e15bd5c3d771e0f7d7a8db650c0f0e3466e1c9fa053c1f3ac56bc7200aedaf55
Measured: bench/graph-polish-20261002/accepted-37 [naive]
case                            task-clock (ms)     cycles  instructions    IPC  branch-misses  branch-miss (%)  running (%)
max (wrong_dijkstra_killer_01)       160.916214          -             -      -              -                -            -
sum                                 1290.479478          -             -      -              -                -            -
example_00                             0.797813    1258103       1754986  1.395           5514            1.410        100.0
example_01                             0.781787    1231767       1752787  1.423           5272            1.335        100.0
almost_line_00                        72.188290  115218304     113568573  0.986         645218            4.560        100.0
almost_line_01                        72.399568  115555447     113365011  0.981         649451            4.607        100.0
almost_line_02                        71.210535  113608763     113267011  0.997         661250            4.351        100.0
grid_random_00                        31.684042   50562989      71844290  1.421         159824            2.068        100.0
grid_swirl_00                         65.891686  105148888     168638754  1.604        1118440            4.862        100.0
line_00                              132.622458  211569283     151819236  0.718          14266            0.073        100.0
max_dense_long_00                     24.146931   38529820      71544719  1.857          72592            0.981        100.0
max_dense_random_00                   23.366362   37284570      67204706  1.802          70324            1.043        100.0
max_dense_random_01                   23.418248   37335177      66973767  1.794          68825            1.026        100.0
max_dense_zero_00                     20.639741   32931866      56938028  1.729           9233            0.147        100.0
max_sparse_random_00                  32.344532   51602052      71132649  1.378          94157            1.224        100.0
max_sparse_random_01                  56.250867   89778207     100981106  1.125         700256            5.554        100.0
max_sparse_random_02                  71.680730  114408926     119949793  1.048        1107373            7.060        100.0
max_star_00                           34.070256   54311747      83999491  1.547          63898            0.637        100.0
max_star_01                           86.823335  138548071     146069605  1.054        1219437            5.975        100.0
small_00                               0.789105    1244284       1770843  1.423           5680            1.444        100.0
small_01                               0.800107    1261175       1771691  1.405           5762            1.465        100.0
small_02                               0.792408    1249487       1771337  1.418           5902            1.500        100.0
small_03                               0.781178    1231941       1772863  1.439           5761            1.464        100.0
small_04                               0.787192    1240668       1773316  1.429           5839            1.483        100.0
sparse_random_00                      29.461708   47014644      63453374  1.350          73831            1.001        100.0
sparse_random_01                      30.886239   49246094      65605522  1.332          69587            0.894        100.0
sparse_random_02                      29.323144   46793876      63576686  1.359         292847            4.034        100.0
spfa_killer_00                        91.079230  145334023     188130356  1.294         977122            3.604        100.0
wrong_dijkstra_handmade_00             0.754918    1190041       1721105  1.446           5301            1.387        100.0
wrong_dijkstra_killer_00             123.790854  197536711     243597728  1.233        3349063            9.087        100.0
wrong_dijkstra_killer_01             160.916214  256836093     340448670  1.326        2081579            4.105        100.0
