case              task-clock (ms)     cycles  instructions    IPC  branch-misses  branch-miss (%)  running (%)
max (cycle_00)          55.186578          -             -      -              -                -            -
sum                    502.166945          -             -      -              -                -            -
example_00               0.857329    1607286       1595521  0.993           5410            1.581        100.0
example_01               0.885816    1661255       1608431  0.968           5387            1.547        100.0
complete_00              9.915377   18778118      34138369  1.818          12841            0.387        100.0
cycle_00                55.186578  104559472      70454738  0.674         191213            2.100        100.0
cycle_01                54.937645  104121602      69754252  0.670         190069            2.124        100.0
max_random_00            9.354660   17714223      34042035  1.922          10568            0.320        100.0
max_random_01           10.558197   19995928      34391347  1.720          14504            0.431        100.0
max_random_02           13.630864   25761827      35898158  1.393          46466            1.291        100.0
max_random_03           34.861420   66066152      43389246  0.657         337045            6.262        100.0
max_random_04            9.343015   17692297      34063249  1.925          10640            0.322        100.0
max_random_05           10.540761   19962868      34302539  1.718          13962            0.418        100.0
max_random_06           13.676955   25907432      35933962  1.387          46579            1.290        100.0
max_random_07           35.453014   67186443      43431640  0.646         334999            6.211        100.0
mid_no_00                8.515132   16123048      27268685  1.691          91928            3.557        100.0
mid_no_01                8.407250   15918713      27567111  1.732          84380            3.205        100.0
mid_random_00           10.210020   19335718      32803875  1.697         124026            3.808        100.0
mid_random_01            9.916642   18779590      32787080  1.746         113723            3.501        100.0
mid_random_02           10.295870   19498854      33040505  1.694         123862            3.757        100.0
mid_random_03           10.134028   19191568      32652737  1.701         122337            3.773        100.0
mid_random_04           10.068773   19068744      32693088  1.714         114590            3.541        100.0
path_00                 54.834816  103888870      70293469  0.677         191293            2.110        100.0
small_random_00         11.394059   21580860      38944259  1.805         142577            2.944        100.0
small_random_01         11.490444   21749604      39084744  1.797         144875            2.974        100.0
small_random_02         11.345558   21488095      38895333  1.810         142106            2.935        100.0
small_random_03         11.344544   21485748      38956667  1.813         142533            2.939        100.0
small_random_04         11.530300   21838329      39218433  1.796         146755            2.998        100.0
star_plus_one_00        22.908751   43407928      49874792  1.149          44080            0.742        100.0
triangle_path_00        40.569127   76859564      58196620  0.757         265506            3.702        100.0
