case                 task-clock (ms)     cycles  instructions    IPC  branch-misses  branch-miss (%)  running (%)
max (max_random_02)       179.666379          -             -      -              -                -            -
sum                       943.272126          -             -      -              -                -            -
example_00                  0.877042    1644631       1595661  0.970           5391            1.567        100.0
max_random_00             178.726979  338719186     722648970  2.133        2091604            4.279        100.0
max_random_01             179.562166  340315725     724194556  2.128        2094784            4.280        100.0
max_random_02             179.666379  340491431     723311716  2.124        2095659            4.284        100.0
random_00                 144.551440  273951320     584171226  2.132        1740001            4.362        100.0
random_01                 148.547686  281524495     596334539  2.118        1746175            4.310        100.0
random_02                  99.467699  188490774     427848717  2.270        1303361            4.455        100.0
small_00                    0.974545    1829579       1878097  1.027           6448            1.716        100.0
small_01                    0.970601    1822511       1889595  1.037           6556            1.738        100.0
small_02                    0.960426    1802854       1872144  1.038           6632            1.778        100.0
small_03                    0.959904    1801435       1879275  1.043           6448            1.715        100.0
small_04                    0.989218    1856012       1879274  1.013           6511            1.732        100.0
small_05                    0.995363    1868283       1872199  1.002           6461            1.733        100.0
small_06                    0.946302    1775384       1872969  1.055           6477            1.737        100.0
small_07                    0.966199    1814025       1883804  1.038           6519            1.732        100.0
small_08                    0.957724    1797416       1872445  1.042           6513            1.749        100.0
small_09                    0.978885    1837092       1884469  1.026           6610            1.758        100.0
small_random_00             1.111280    2087847       2450018  1.173           9849            2.369        100.0
small_random_01             1.062288    1995922       2205718  1.105           8609            2.161        100.0
