case                  task-clock (ms)     cycles  instructions    IPC  branch-misses  branch-miss (%)  running (%)
max (max_random_00)        129.717858          -             -      -              -                -            -
sum                        600.359174          -             -      -              -                -            -
example_00                   0.866840    1625527       1603775  0.987           5540            1.601        100.0
example_01                   0.835452    1567027       1597240  1.019           5552            1.621        100.0
example_02                   0.867457    1625649       1620021  0.997           5432            1.541        100.0
max_random_00              129.717858  245690666     759079415  3.090          85372            0.250        100.0
max_random_01              129.339752  245000538     758503774  3.096          84974            0.249        100.0
max_random_02              129.708727  245447779     758462239  3.090          85270            0.250        100.0
random_00                   76.135546  144153914     406333022  2.819         102556            0.538        100.0
random_01                   67.616909  128018697     386455463  3.019          88052            0.529        100.0
random_02                   51.118534   96767594     283867414  2.933          63031            0.498        100.0
signed_overflow_00           0.961765    1805083       1872290  1.037           5564            1.474        100.0
small_00                     1.091805    2052586       2376235  1.158           6413            1.527        100.0
small_01                     1.100376    2067694       2329301  1.127           7022            1.674        100.0
small_02                     0.966896    1814792       1714977  0.945           5737            1.578        100.0
small_03                     1.509014    2841292       3820925  1.345           8448            1.548        100.0
small_04                     1.031463    1937064       2115946  1.092           6469            1.628        100.0
small_05                     1.340034    2521920       3051059  1.210           8240            1.666        100.0
small_06                     1.072396    2014964       2191722  1.088           6835            1.627        100.0
small_07                     1.094654    2056984       2330707  1.133           6784            1.620        100.0
small_08                     0.954457    1790698       1839821  1.027           6088            1.601        100.0
small_09                     1.249852    2351428       2789380  1.186           8023            1.679        100.0
unsigned_overflow_00         0.889686    1668303       1653388  0.991           5456            1.558        100.0
unsigned_overflow_01         0.889701    1668660       1682310  1.008           5305            1.469        100.0
