case                task-clock (ms)     cycles  instructions    IPC  branch-misses  branch-miss (%)  running (%)
max (dense_01)            94.128949          -             -      -              -                -            -
sum                      654.404127          -             -      -              -                -            -
example_00                 0.858906    1609693       1600014  0.994           5497            1.586        100.0
almost_path_00            29.261699   55451223      67334694  1.214          51184            0.603        100.0
almost_path_01            26.589797   50386146      56084050  1.113          17320            0.218        100.0
almost_path_02             9.289360   17590953      21014555  1.195           9045            0.284        100.0
dense_00                  91.234587  172791026     255265818  1.477         560342            1.612        100.0
dense_01                  94.128949  178275402     265668696  1.490         562021            1.550        100.0
loop_00                   32.213637   61016642      77809566  1.275          27757            0.339        100.0
max_random_00             28.814833   54545961      71440822  1.310          61026            0.722        100.0
max_random_01             28.723861   54411818      71396054  1.312          61533            0.729        100.0
max_random_02             29.019730   54992580      71467806  1.300          60044            0.708        100.0
max_random_03             28.940782   54842869      71494254  1.304          60655            0.715        100.0
max_random_04             28.691483   54371518      71359357  1.312          60760            0.720        100.0
path_00                   26.100609   49459483      56742759  1.147          49532            0.763        100.0
random_00                 25.845570   48957266      64012016  1.308          44791            0.599        100.0
random_01                 72.609970  137582363     146267739  1.063         857867            4.448        100.0
random_02                  7.266136   13754947      19377537  1.409           9145            0.419        100.0
random_03                 50.242606   95175394     111317139  1.170         477244            3.291        100.0
random_04                 16.491182   31243462      36836713  1.179          25631            0.484        100.0
small_random_00            0.899405    1687104       1683163  0.998           5413            1.510        100.0
small_random_01            0.946294    1775696       1780276  1.003           7051            1.892        100.0
small_random_02            1.051897    1976194       2002574  1.013           8370            2.070        100.0
smallest_random_00         0.948381    1779358       1829881  1.028           6033            1.559        100.0
smallest_random_01         0.936540    1757707       1749647  0.995           5847            1.574        100.0
smallest_random_02         0.981476    1842974       1848334  1.003           6223            1.620        100.0
sparse_00                 11.103616   21030394      21248204  1.010          11338            0.284        100.0
sparse_01                 11.212821   21211457      21299868  1.004          11654            0.291        100.0
