case            task-clock (ms)    cycles  instructions    IPC  branch-misses  branch-miss (%)  running (%)
max (p_max_01)        49.632605         -             -      -              -                -            -
sum                  322.121325         -             -      -              -                -            -
example_00             0.874193   1638797       1616272  0.986           5493            1.571        100.0
example_01             0.884329   1658559       1595726  0.962           5475            1.598        100.0
all_zero_00            0.853032   1598781       1614630  1.010           5455            1.561        100.0
all_zero_01            0.853765   1600737       1594675  0.996           5393            1.575        100.0
all_zero_02            0.900797   1688949       1614540  0.956           5451            1.560        100.0
all_zero_03            0.856725   1606508       1596379  0.994           5403            1.576        100.0
large_00               2.337162   4411718       6493353  1.472          10976            1.491        100.0
large_01               3.657192   6914677      11647724  1.684          14194            1.266        100.0
large_02               6.558569  12414440      22034406  1.775          21798            1.148        100.0
large_03              12.421115  23527334      44474414  1.890          38351            1.090        100.0
large_04              21.775210  41259647      81046267  1.964          57656            0.979        100.0
large_05              49.169901  93072374     179271923  1.926         129839            1.012        100.0
medium_00              0.913542   1714069       1662980  0.970           5748            1.647        100.0
medium_01              0.915201   1717329       1671265  0.973           5626            1.587        100.0
medium_02              0.900657   1689498       1703951  1.009           5622            1.599        100.0
medium_03              0.933019   1751100       1752774  1.001           5783            1.600        100.0
medium_04              0.943750   1769954       1804546  1.020           5839            1.625        100.0
medium_05              0.931972   1748855       1882529  1.076           6004            1.617        100.0
medium_06              1.018319   1912637       2039418  1.066           6265            1.662        100.0
medium_07              1.011024   1898864       2107555  1.110           6274            1.618        100.0
medium_08              1.129390   2123145       2541801  1.197           6466            1.561        100.0
medium_09              1.203852   2264175       2780194  1.228           6767            1.534        100.0
medium_10              1.569753   2957820       3874857  1.310           8234            1.557        100.0
medium_11              1.465475   2759424       3631807  1.316           7792            1.534        100.0
p_max_00              49.293189  93307061     180202956  1.931         129485            1.000        100.0
p_max_01              49.632605  93910366     180241765  1.919         130428            1.007        100.0
p_max_02              49.351275  93415467     180202287  1.929         130119            1.005        100.0
p_max_03              49.208578  93107996     180237843  1.936         130793            1.010        100.0
small_00               0.900622   1630435       1598678  0.981           5427            1.580        100.0
small_01               0.876089   1642191       1612325  0.982           5381            1.542        100.0
small_02               0.883388   1656724       1602358  0.967           5494            1.599        100.0
small_03               0.848948   1591241       1599390  1.005           5439            1.584        100.0
small_04               0.889728   1668298       1620487  0.971           5520            1.575        100.0
small_05               0.850812   1595522       1621601  1.016           5579            1.590        100.0
small_06               0.876040   1643090       1624344  0.989           5461            1.557        100.0
small_07               0.884335   1657880       1622942  0.979           5517            1.573        100.0
small_08               0.885330   1660310       1617910  0.974           5644            1.634        100.0
small_09               0.891396   1672137       1625130  0.972           5460            1.558        100.0
small_10               0.889856   1667383       1627818  0.976           5481            1.585        100.0
small_11               0.881190   1651156       1630914  0.988           5603            1.618        100.0
