case                   task-clock (ms)      cycles  instructions    IPC  branch-misses  branch-miss (%)  running (%)
max (balance_many_01)      2617.685269           -             -      -              -                -            -
sum                       24591.019539           -             -      -              -                -            -
example_00                    0.874342     1638547       1618455  0.988           5468            1.563        100.0
example_01                    0.897691     1683551       1623859  0.965           5566            1.592        100.0
almostclique_00              47.628074    90265026     126200289  1.398         408621            2.724        100.0
balance_00                  912.012778  1728569772    1893509065  1.095       37138499           12.129        100.0
balance_01                  920.647444  1744952765    1895108988  1.086       37245186           12.154        100.0
balance_many_00            2577.327270  4884937701    5569817990  1.140       98628859           10.494        100.0
balance_many_01            2617.685269  4961401393    5572318171  1.123       98740854           10.506        100.0
clique_00                    47.228776    89508464     125412450  1.401         375042            2.522        100.0
clique_max_00                51.685629    97923932     134966599  1.378         622828            4.067        100.0
deep_00                    1912.409818  3624791863    4681388844  1.291       58272573            7.615        100.0
deep_01                    1920.195013  3639496589    4679826185  1.286       58225121            7.614        100.0
dense_00                     85.808749   162626051     217635687  1.338        1528899            5.269        100.0
dense_01                     85.605742   162221262     216201860  1.333        1514639            5.252        100.0
doubledeep_00              2108.284839  3996016483    4812411994  1.204       68457237            8.725        100.0
doubledeep_01              2119.187641  4016548160    4818585179  1.200       68874879            8.765        100.0
handmake_00                1898.197531  3597769832    4665023024  1.297       57968783            7.595        100.0
noedge_00                  1197.067850  2268907746    3619391698  1.595       34349480            5.515        100.0
only_00                       6.718887    12717605      31562222  2.482          26995            0.812        100.0
onlyzero_00                1797.794434  3407320584    5101257810  1.497       55789240            6.528        100.0
sparse_00                  2137.641496  4051625526    4861335373  1.200       75092310            9.324        100.0
sparse_01                  2146.120266  4067730805    4877709852  1.199       75219784            9.313        100.0
