2026-10-02 lenovo / Intel(R) Core(TM) i5-10210U CPU @ 1.60GHz
Two complete passes per binary; per case minimum task-clock; all counters from that same run.
Unchanged binaries reuse their recorded passes; each section identifies its measurement batch.
Cases: 34, including examples. Units: ms. No CPU pinning.
Compiler: g++ (GCC) 16.2.1 20260819 (Red Hat 16.2.1-2); rustc 1.98.1 (48a229cea 2026-09-01)
Build host: fedora; glibc 2.43
Environment: Linux 7.2.8-200.fc44.x86_64; affinity [0, 1, 2, 3]; stack 268435456 bytes; bench_env OK.
cxx_flags.txt: -std=c++23 -DEVAL -DONLINE_JUDGE -Iinclude -O3 -fwhole-program -fno-exceptions -fno-rtti -march=x86-64-v3 -fno-pie -no-pie -nostdlib++ -static -lm -s
cpp_flags.txt: -std=c++23 -DEVAL -DONLINE_JUDGE -Iac-library -include cassert -O3 -fwhole-program -fno-exceptions -fno-rtti -march=x86-64-v3 -fno-pie -no-pie -static -lgmp -s
rust_flags.txt: -C opt-level=3 -C codegen-units=1 -C lto=fat -C panic=abort -C target-cpu=x86-64-v3 -C target-feature=+crt-static -C relocation-model=static -C link-arg=-Wl,-u,__cxa_thread_atexit_impl -C strip=symbols

solution                                max (ms)       sum (ms)
Nachia                                   521.833327    5624.981019
Rohan_Kapri                              432.091464    4942.872631
adamant                                  430.234158    4935.559036
barty                                    562.292560    2340.764610
sansen                                   395.589681    4245.295510
main                                     145.887289    1240.342371
naive                                    144.654953    1552.769386

submissions/graph/chromatic_polynomial/Nachia.cpp
SHA-256: fe0558cac3cffab92c0e2b7076480f5eddec1b4b17bd3fbbb30ffaa090cc2144
Measured: bench/graph-polish-20261002/accepted-37 [Nachia]
case             task-clock (ms)     cycles  instructions    IPC  branch-misses  branch-miss (%)  running (%)
max (random_04)       521.833327          -             -      -              -                -            -
sum                  5624.981019          -             -      -              -                -            -
example_00              0.864605    1364739       1892143  1.386           5974            1.413        100.0
example_01            521.469506  831771991    2153289402  2.589        1006506            0.408        100.0
example_02              0.804455    1268488       1901015  1.499           5573            1.290        100.0
example_03              0.850076    1341848       1871697  1.395           5701            1.354        100.0
big_00                 47.608928   75982594     211357721  2.782         120852            0.475        100.0
big_01                104.293959  166356130     458107554  2.754         239858            0.442        100.0
big_02                519.375910  828453493    2151991894  2.598        1007179            0.408        100.0
big_03                 47.382916   75606265     211851207  2.802         120032            0.470        100.0
big_04                520.122182  829664966    2151716081  2.593        1014611            0.411        100.0
big_05                103.644556  165328814     457631483  2.768         245523            0.453        100.0
big_06                104.158263  166132830     457481025  2.754         240512            0.444        100.0
big_07                229.404832  365869445     991595214  2.710         490912            0.425        100.0
big_08                520.733489  830601138    2153284262  2.592        1002168            0.406        100.0
big_09                 47.214401   75324590     211334019  2.806         120247            0.472        100.0
clique_cycle_00       520.191565  829773855    2151244024  2.593        1004693            0.408        100.0
clique_cycle_01       520.003876  829482588    2151681782  2.594        1003979            0.407        100.0
clique_cycle_02       520.333089  829959753    2151090267  2.592        1005111            0.408        100.0
clique_cycle_03       521.556628  831939800    2154371557  2.590        1010475            0.409        100.0
loop_00                 1.247468    1976108       3847805  1.947           9304            1.317        100.0
loop_01                 0.836451    1319676       1955829  1.482           6165            1.396        100.0
multi_edge_00           1.277707    2024770       4009778  1.980           9510            1.290        100.0
multi_edge_01           0.882816    1393905       2195606  1.575           6350            1.279        100.0
multi_edge_02           1.247210    1975271       3778323  1.913           9298            1.355        100.0
multi_edge_03           0.902354    1412637       2192571  1.552           6026            1.210        100.0
random_00               1.257096    1991318       3810533  1.914           9369            1.356        100.0
random_01               0.851202    1343607       1931504  1.438           6305            1.457        100.0
random_02               1.253147    1985087       3783907  1.906           9312            1.356        100.0
random_03               0.822076    1296835       1905005  1.469           5710            1.320        100.0
random_04             521.833327  832375749    2154097130  2.588         997418            0.403        100.0
random_05               1.021938    1616231       2795501  1.730           8277            1.473        100.0
random_06               0.884564    1397113       1963881  1.406           6421            1.448        100.0
random_07             229.216494  365665742     990904620  2.710         493643            0.427        100.0
random_08              10.608823   16918177      46222806  2.732          34448            0.579        100.0
random_09               0.825110    1301529       1897637  1.458           5482            1.272        100.0

submissions/graph/chromatic_polynomial/Rohan_Kapri.cpp
SHA-256: a94340386a0e976200ecdae1ec54165b346e98883089a34dda727d4ce7f3b3d1
Measured: bench/graph-polish-20261002/accepted-37 [Rohan_Kapri]
case             task-clock (ms)     cycles  instructions    IPC  branch-misses  branch-miss (%)  running (%)
max (random_04)       432.091464          -             -      -              -                -            -
sum                  4942.872631          -             -      -              -                -            -
example_00             10.439034   16633853      19456419  1.170          10069            1.103        100.0
example_01            430.514259  686685837    1629396477  2.373          80812            0.096        100.0
example_02             10.293148   16417476      19234766  1.172           9245            1.071        100.0
example_03             10.283551   16400504      19143590  1.167           8974            1.069        100.0
big_00                 54.987850   87763030     195423071  2.227          32382            0.287        100.0
big_01                103.672514  165476452     388363000  2.347          39610            0.175        100.0
big_02                427.787979  682348727    1627699118  2.385          80375            0.096        100.0
big_03                 54.967837   87701725     195537212  2.230          33045            0.292        100.0
big_04                428.553035  683578271    1627295955  2.381          81844            0.097        100.0
big_05                103.753026  165589368     388220462  2.344          40054            0.177        100.0
big_06                103.797029  165646022     388275826  2.344          42019            0.185        100.0
big_07                206.363762  329349749     787538919  2.391          58069            0.135        100.0
big_08                431.476329  688227274    1628584545  2.366          80069            0.095        100.0
big_09                 55.031813   87831110     195517931  2.226          32843            0.291        100.0
clique_cycle_00       427.268216  681616254    1627043330  2.387          80792            0.096        100.0
clique_cycle_01       428.525355  683597249    1626965431  2.380          80887            0.096        100.0
clique_cycle_02       427.511625  681913390    1627468825  2.387          80271            0.096        100.0
clique_cycle_03       428.189371  682950795    1627383036  2.383          79514            0.095        100.0
loop_00                11.516811   18368840      22960395  1.250          15435            1.100        100.0
loop_01                10.461140   16684198      19620626  1.176          10217            1.075        100.0
multi_edge_00          11.473622   18300973      23004421  1.257          15293            1.081        100.0
multi_edge_01          10.459571   16681399      19631014  1.177          10151            1.066        100.0
multi_edge_02          11.481466   18312868      22968792  1.254          14911            1.059        100.0
multi_edge_03          10.282847   16400166      19181723  1.170           9024            1.063        100.0
random_00              11.493529   18331817      22963867  1.253          15201            1.083        100.0
random_01              10.454360   16674246      19621390  1.177          10305            1.084        100.0
random_02              11.446328   18257191      23005943  1.260          15048            1.062        100.0
random_03              10.238709   16329081      19109349  1.170           8891            1.070        100.0
random_04             432.091464  689317121    1628084241  2.362          83477            0.099        100.0
random_05              11.086904   17683138      21580386  1.220          14031            1.107        100.0
random_06              10.461619   16685561      19626120  1.176          10271            1.081        100.0
random_07             205.347887  327752059     787672322  2.403          55756            0.130        100.0
random_08              20.925747   33389724      62112185  1.860          24376            0.634        100.0
random_09              10.234894   16322914      19125984  1.172           8775            1.046        100.0

submissions/graph/chromatic_polynomial/adamant.cpp
SHA-256: a94340386a0e976200ecdae1ec54165b346e98883089a34dda727d4ce7f3b3d1
Measured: bench/graph-polish-20261002/accepted-37 [adamant]
case                   task-clock (ms)     cycles  instructions    IPC  branch-misses  branch-miss (%)  running (%)
max (clique_cycle_03)       430.234158          -             -      -              -                -            -
sum                        4935.559036          -             -      -              -                -            -
example_00                   10.417438   16614522      19401764  1.168          10145            1.135        100.0
example_01                  429.941508  685879533    1628413162  2.374          76943            0.092        100.0
example_02                   10.258900   16361021      19241000  1.176           9215            1.065        100.0
example_03                   10.321669   16461376      19159404  1.164           9351            1.111        100.0
big_00                       55.243998   88156119     195580977  2.219          34817            0.307        100.0
big_01                      103.762639  165589976     388380570  2.345          42287            0.186        100.0
big_02                      427.411440  681753564    1627874880  2.388          82655            0.098        100.0
big_03                       55.060715   87846291     195496211  2.225          32184            0.285        100.0
big_04                      427.935609  682669268    1628866328  2.386          85458            0.101        100.0
big_05                      103.941782  165876646     388298563  2.341          42318            0.186        100.0
big_06                      103.559684  165266796     388301720  2.350          39811            0.175        100.0
big_07                      204.490244  326351397     787700926  2.414          58716            0.137        100.0
big_08                      428.465478  683496670    1628464404  2.383          83417            0.099        100.0
big_09                       55.159229   88006259     195576087  2.222          32101            0.284        100.0
clique_cycle_00             427.469502  681916381    1628332310  2.388          83409            0.099        100.0
clique_cycle_01             428.229446  683028697    1627769820  2.383          80047            0.095        100.0
clique_cycle_02             427.558136  682063716    1627641333  2.386          81998            0.098        100.0
clique_cycle_03             430.234158  686365368    1627704911  2.371          80685            0.096        100.0
loop_00                      11.507603   18354717      22982440  1.252          15122            1.070        100.0
loop_01                      10.442554   16654320      19581996  1.176          10156            1.083        100.0
multi_edge_00                11.467175   18291084      23004867  1.258          15429            1.091        100.0
multi_edge_01                10.426703   16629861      19602631  1.179          10275            1.093        100.0
multi_edge_02                11.452452   18266520      22955880  1.257          14986            1.072        100.0
multi_edge_03                10.250453   16347272      19131238  1.170           8821            1.058        100.0
random_00                    11.437918   18242962      22989391  1.260          15125            1.070        100.0
random_01                    10.435574   16642416      19609679  1.178          10345            1.091        100.0
random_02                    11.482206   18313685      22995660  1.256          15357            1.086        100.0
random_03                    10.243304   16336677      19139533  1.172           8868            1.053        100.0
random_04                   428.367991  683272120    1627418800  2.382          82536            0.098        100.0
random_05                    11.069428   17655091      21562382  1.221          13836            1.094        100.0
random_06                    10.495265   16738124      19622352  1.172          10123            1.064        100.0
random_07                   205.796715  328455070     787587921  2.398          58472            0.136        100.0
random_08                    20.977397   33454910      62106743  1.856          24151            0.629        100.0
random_09                    10.244723   16338900      19144986  1.172           8738            1.035        100.0

submissions/graph/chromatic_polynomial/barty.cpp
SHA-256: d992135199b16d41a7b48d0747c2c8e5982648c8e868c036880aaeb4269ab9dc
Measured: bench/graph-polish-20261002/accepted-37 [barty]
case             task-clock (ms)     cycles  instructions    IPC  branch-misses  branch-miss (%)  running (%)
max (random_04)       562.292560          -             -      -              -                -            -
sum                  2340.764610          -             -      -              -                -            -
example_00              1.042743    1649097       2491611  1.511           6958            1.205        100.0
example_01              1.026995    1623495       2531865  1.560           7099            1.213        100.0
example_02              1.042301    1648750       2450246  1.486           6592            1.158        100.0
example_03              1.017617    1609605       2428076  1.508           6685            1.193        100.0
big_00                 25.837745   41230032      81513150  1.977         442389            2.895        100.0
big_01                  1.139360    1803701       2918658  1.618           9895            1.503        100.0
big_02                180.688079  288387976     627005577  2.174        2796375            2.649        100.0
big_03                 53.734521   85760423     189851308  2.214         835327            2.471        100.0
big_04                561.742825  896439514    1419911396  1.584        8806485            3.451        100.0
big_05                292.960076  467572852     931211019  1.992        4498918            2.694        100.0
big_06                164.105864  261887387     542369843  2.071        2487105            2.564        100.0
big_07                  3.828550    6096313      13615039  2.233          49010            1.980        100.0
big_08                337.037634  537852094     846842503  1.574        5378383            3.525        100.0
big_09                  1.160554    1837534       2931954  1.596          10408            1.576        100.0
clique_cycle_00       126.479810  201853028     437239049  2.166        1850499            2.521        100.0
clique_cycle_01         1.831507    2908017       5430691  1.867          21431            2.040        100.0
clique_cycle_02         4.494128    7158657      14723117  2.057          64717            2.417        100.0
clique_cycle_03         1.003607    1586655       2653186  1.672           7076            1.157        100.0
loop_00                 1.010682    1597752       2516154  1.575           6820            1.167        100.0
loop_01                 1.022362    1616195       2477944  1.533           6648            1.156        100.0
multi_edge_00           1.083517    1713796       2657608  1.551           7385            1.216        100.0
multi_edge_01           1.041825    1646847       2631832  1.598           6893            1.144        100.0
multi_edge_02           1.029321    1627394       2509962  1.542           7053            1.210        100.0
multi_edge_03           1.015598    1605135       2631694  1.640           6835            1.131        100.0
random_00               1.117185    1768279       2745126  1.552           8695            1.387        100.0
random_01               0.998351    1578246       2493301  1.580           7006            1.209        100.0
random_02               1.005813    1589833       2486518  1.564           7146            1.240        100.0
random_03               0.974014    1539232       2426933  1.577           6683            1.193        100.0
random_04             562.292560  897345963    1419852175  1.582        8808680            3.452        100.0
random_05               1.072670    1696871       2614864  1.541           7906            1.315        100.0
random_06               1.024799    1620754       2507455  1.547           7161            1.232        100.0
random_07               3.886772    6189170      13650091  2.205          48939            1.965        100.0
random_08               1.021857    1616298       2524603  1.562           7237            1.240        100.0
random_09               0.993368    1570252       2463163  1.569           6626            1.158        100.0

submissions/graph/chromatic_polynomial/sansen.rs
SHA-256: e41f718333cf4fda98776850b72d852854ac31e1ae44015739ed06e5791f60c1
Measured: bench/graph-polish-20261002/accepted-37 [sansen]
case              task-clock (ms)     cycles  instructions    IPC  branch-misses  branch-miss (%)  running (%)
max (example_01)       395.589681          -             -      -              -                -            -
sum                   4245.295510          -             -      -              -                -            -
example_00               0.958417    1513952       2020965  1.335           7078            1.545        100.0
example_01             395.589681  630972907    1507792237  2.390         222304            0.125        100.0
example_02               0.915529    1446043       2007098  1.388           6889            1.513        100.0
example_03               0.954838    1508710       1972422  1.307           6820            1.535        100.0
big_00                  35.952110   57358118     155146515  2.705          34170            0.177        100.0
big_01                  79.549188  126884076     328597649  2.590          56879            0.141        100.0
big_02                 390.186045  622341053    1509627669  2.426         217393            0.122        100.0
big_03                  35.901004   57294049     155021559  2.706          34548            0.179        100.0
big_04                 391.035896  623764271    1509141501  2.419         222300            0.124        100.0
big_05                  78.942106  125914371     328530821  2.609          56875            0.141        100.0
big_06                  79.179695  126269543     328641343  2.603          58544            0.145        100.0
big_07                 174.886680  279045829     701522364  2.514         106613            0.126        100.0
big_08                 391.241320  624030101    1508096570  2.417         221613            0.124        100.0
big_09                  35.911404   57309869     155110877  2.707          33725            0.174        100.0
clique_cycle_00        391.505830  624411596    1507978077  2.415         219893            0.123        100.0
clique_cycle_01        391.144935  623993795    1511665512  2.423         227244            0.127        100.0
clique_cycle_02        390.858982  623514300    1509263081  2.421         219587            0.123        100.0
clique_cycle_03        392.313977  625721914    1508749949  2.411         224935            0.126        100.0
loop_00                  1.258011    1992631       3490358  1.752           8800            1.321        100.0
loop_01                  0.927572    1464918       2062921  1.408           7131            1.524        100.0
multi_edge_00            1.255559    1989126       3502430  1.761           8980            1.347        100.0
multi_edge_01            0.968291    1529182       2105502  1.377           7073            1.482        100.0
multi_edge_02            1.241566    1966074       3438487  1.749           8862            1.366        100.0
multi_edge_03            0.972749    1537342       2039075  1.326           6924            1.503        100.0
random_00                1.240207    1964945       3487371  1.775           8818            1.324        100.0
random_01                0.952497    1505227       2064084  1.371           7304            1.567        100.0
random_02                1.224688    1939714       3455623  1.782           8931            1.365        100.0
random_03                0.946996    1495937       2001789  1.338           6728            1.479        100.0
random_04              390.994195  623695765    1508386820  2.418         220606            0.124        100.0
random_05                1.102573    1743229       2723339  1.562           8631            1.537        100.0
random_06                0.940559    1485863       2057887  1.385           7292            1.567        100.0
random_07              175.188243  279491705     701570363  2.510         109406            0.129        100.0
random_08                8.102068   12918151      34893620  2.701          16479            0.353        100.0
random_09                0.952099    1504428       2009430  1.336           6741            1.472        100.0

src/graph/chromatic_polynomial/main.cxx
SHA-256: ba0d9a6613171faf1fc145d16ab698ffb89fe8420f3cc232065073e8e14b1683
Measured: bench/graph-polish-20261002/accepted-37 [main]
case             task-clock (ms)     cycles  instructions    IPC  branch-misses  branch-miss (%)  running (%)
max (random_04)       145.887289          -             -      -              -                -            -
sum                  1240.342371          -             -      -              -                -            -
example_00              0.833484    1315130       1799083  1.368           5686            1.399        100.0
example_01              0.797930    1258026       1800171  1.431           5861            1.446        100.0
example_02              0.829058    1308189       1743539  1.333           5506            1.415        100.0
example_03              0.792709    1249840       1763375  1.411           5518            1.389        100.0
big_00                 14.154957   22579507      63696766  2.821          24344            0.420        100.0
big_01                  2.016870    3203758       7208268  2.250          10270            1.165        100.0
big_02                143.774995  229196745     653779282  2.852         143781            0.275        100.0
big_03                 14.127561   22536973      63732373  2.828          24768            0.426        100.0
big_04                144.391445  230249625     653522685  2.838         137225            0.263        100.0
big_05                 28.903248   46123909     135072452  2.928          39537            0.350        100.0
big_06                 29.033042   46331163     135090008  2.916          39851            0.352        100.0
big_07                 62.011438   98804187     294277529  2.978          72203            0.306        100.0
big_08                144.213843  230004319     653469445  2.841         136215            0.261        100.0
big_09                  3.482430    5543736      14073578  2.539          12747            0.856        100.0
clique_cycle_00       143.849804  229397749     653704841  2.850         134771            0.258        100.0
clique_cycle_01       143.429170  228641850     653332491  2.857         133433            0.256        100.0
clique_cycle_02       144.038204  229708351     653449785  2.845         134517            0.257        100.0
clique_cycle_03         0.797468    1257817       1739687  1.383           5388            1.393        100.0
loop_00                 0.813987    1283224       1776660  1.385           5602            1.401        100.0
loop_01                 0.753695    1187691       1728895  1.456           5321            1.380        100.0
multi_edge_00           0.824482    1300522       1797461  1.382           5682            1.405        100.0
multi_edge_01           0.787645    1241904       1787931  1.440           5356            1.331        100.0
multi_edge_02           0.793153    1250470       1762130  1.409           5864            1.493        100.0
multi_edge_03           0.796356    1255556       1737086  1.384           5417            1.410        100.0
random_00               0.915520    1445026       2259042  1.563           6712            1.510        100.0
random_01               0.753604    1187018       1751444  1.475           5320            1.347        100.0
random_02               0.799767    1261060       1749427  1.387           5538            1.418        100.0
random_03               0.803404    1267091       1770665  1.397           5364            1.346        100.0
random_04             145.887289  232661357     653871872  2.810         138080            0.264        100.0
random_05               0.874538    1380629       2020256  1.463           6457            1.509        100.0
random_06               0.796497    1256563       1797242  1.430           5669            1.404        100.0
random_07              61.644127   98302695     294366057  2.994          71018            0.300        100.0
random_08               0.823821    1298536       1779740  1.371           5796            1.446        100.0
random_09               0.796830    1256661       1770714  1.409           5357            1.343        100.0

src/graph/chromatic_polynomial/naive.cxx
SHA-256: 91b24da7bf211b975d7e40701de9fafba206b81b1f7d044124491893a2086890
Measured: bench/graph-polish-20261002/accepted-37 [naive]
case              task-clock (ms)     cycles  instructions    IPC  branch-misses  branch-miss (%)  running (%)
max (example_01)       144.654953          -             -      -              -                -            -
sum                   1552.769386          -             -      -              -                -            -
example_00               0.837731    1321630       1798678  1.361           5568            1.376        100.0
example_01             144.654953  230727093     645790479  2.799         164867            0.316        100.0
example_02               0.799826    1259765       1767852  1.403           5422            1.360        100.0
example_03               0.822699    1297546       1761958  1.358           5562            1.415        100.0
big_00                  13.897341   22168664      62351265  2.813          29081            0.502        100.0
big_01                  28.740602   45864140     132747441  2.894          46360            0.407        100.0
big_02                 141.920017  226320350     640789410  2.831         155858            0.298        100.0
big_03                  13.830621   22062758      62391514  2.828          26081            0.449        100.0
big_04                 143.112693  228226277     641221088  2.810         170401            0.326        100.0
big_05                  28.535136   45536114     132297791  2.905          45365            0.400        100.0
big_06                  28.439235   45383663     132229900  2.914          44595            0.394        100.0
big_07                  60.952577   97097603     288314941  2.969          88768            0.375        100.0
big_08                 144.145977  229830213     640675116  2.788         165688            0.317        100.0
big_09                  13.977826   22297483      62455636  2.801          29968            0.515        100.0
clique_cycle_00        141.881520  226213588     640577333  2.832         149944            0.287        100.0
clique_cycle_01        142.061269  226561394     640618927  2.828         155599            0.298        100.0
clique_cycle_02        143.186696  228366252     640636416  2.805         151144            0.290        100.0
clique_cycle_03        142.313564  226869517     641291003  2.827         158517            0.303        100.0
loop_00                  0.801025    1262978       1744734  1.381           5498            1.412        100.0
loop_01                  0.828099    1306297       1791423  1.371           5696            1.412        100.0
multi_edge_00            0.918219    1450036       2268168  1.564           6577            1.465        100.0
multi_edge_01            0.816239    1287872       1771117  1.375           5565            1.415        100.0
multi_edge_02            0.934803    1477019       2232118  1.511           6725            1.547        100.0
multi_edge_03            0.794851    1254016       1744014  1.391           5462            1.418        100.0
random_00                0.918334    1449586       2261304  1.560           6759            1.508        100.0
random_01                0.820224    1294011       1821127  1.407           5716            1.392        100.0
random_02                0.931501    1472076       2280990  1.550           6749            1.490        100.0
random_03                0.799835    1260907       1783611  1.415           5523            1.369        100.0
random_04              142.990289  227966159     641370997  2.813         170225            0.325        100.0
random_05                0.867969    1370366       2023283  1.476           6479            1.512        100.0
random_06                0.822027    1296219       1821033  1.405           5748            1.400        100.0
random_07               61.153917   97434377     288267196  2.959          99724            0.422        100.0
random_08                3.435343    5468590      13849270  2.533          12842            0.859        100.0
random_09                0.826428    1302557       1762832  1.353           5362            1.364        100.0
