2026-10-01 lenovo / Intel(R) Core(TM) i5-10210U CPU @ 1.60GHz
Two complete passes; per binary/case minimum task-clock; all counters from that same run.
Cases: 35, including examples. Units: ms. No CPU pinning.
Compiler: g++ (GCC) 16.2.1 20260819 (Red Hat 16.2.1-2); rustc 1.98.1 (48a229cea 2026-09-01)
Build host: master; glibc 2.43
Environment: Linux 7.2.8-200.fc44.x86_64; affinity [0, 1, 2, 3]; stack 268435456 bytes; bench_env OK.
cxx_flags.txt: -std=c++23 -DEVAL -DONLINE_JUDGE -Iinclude -O3 -fwhole-program -fno-exceptions -fno-rtti -march=x86-64-v3 -fno-pie -no-pie -nostdlib++ -static -lm -s
cpp_flags.txt: -std=c++23 -DEVAL -DONLINE_JUDGE -Iac-library -include cassert -O3 -fwhole-program -fno-exceptions -fno-rtti -march=x86-64-v3 -fno-pie -no-pie -static -lgmp -s
rust_flags.txt: -C opt-level=3 -C codegen-units=1 -C lto=fat -C panic=abort -C target-cpu=x86-64-v3 -C target-feature=+crt-static -C relocation-model=static -C link-arg=-Wl,-u,__cxa_thread_atexit_impl -C strip=symbols

solution                                max (ms)       sum (ms)
Anonymous                                 69.970086     883.068592
QedDust413                                82.216212    1085.352477
Rohan_Kapri                               70.371646     882.324307
cmk666                                    80.729903    1071.142880
urectanc                                 156.727482    1983.972072
main                                      59.721989     718.255476

submissions/polynomial/division_of_polynomials/Anonymous.cpp
SHA-256: 68e604821bcf6db3bdf66db7fb793aff9e808e154425ef1da421bf22c2724203
case               task-clock (ms)     cycles  instructions    IPC  branch-misses  branch-miss (%)  running (%)
max (n_max_02)           69.970086          -             -      -              -                -            -
sum                     883.068592          -             -      -              -                -            -
example_00                1.030469    1630053       2463266  1.511           7235            1.279        100.0
example_01                1.072681    1696483       2490150  1.468           7059            1.221        100.0
example_02                1.078192    1705311       2459322  1.442           7069            1.252        100.0
example_03                1.065196    1684905       2493099  1.480           7178            1.241        100.0
max_random_00            32.048366   51144264     112036177  2.191         104873            1.035        100.0
max_random_01            42.379882   67636201     153796728  2.274         168944            1.103        100.0
max_random_02            65.589156  104666763     219145176  2.094         133838            0.920        100.0
max_random_03            61.934192   98849957     204546154  2.069         118984            0.906        100.0
max_random_04            37.490353   59829701     126290378  2.111          91078            0.980        100.0
n_max_00                 49.450630   78906784     176939968  2.242         177461            1.076        100.0
n_max_01                 43.072353   68741132     157572301  2.292         182957            1.120        100.0
n_max_02                 69.970086  111662204     232990909  2.087         140756            0.925        100.0
n_max_03                 45.888509   73225129     165820602  2.265         180250            1.101        100.0
n_max_04                 60.714663   96904029     209174052  2.159         165369            1.005        100.0
q0_equals_zero_00         1.059549    1675521       2486827  1.484           7211            1.254        100.0
q0_equals_zero_01        13.916139   22199124      63368479  2.855           9619            0.085        100.0
q0_equals_zero_02        24.756287   39490552     107028941  2.710         183917            1.165        100.0
small_00                  1.051882    1663561       2502315  1.504           7251            1.259        100.0
small_01                  1.066551    1686780       2473070  1.466           7097            1.246        100.0
small_02                  1.100823    1741585       2518153  1.446           7262            1.243        100.0
small_03                  1.046895    1656080       2476306  1.495           7095            1.244        100.0
small_04                  1.067268    1688004       2487330  1.474           7192            1.252        100.0
small_05                  1.046061    1654507       2488318  1.504           7252            1.269        100.0
small_06                  1.053250    1665532       2513785  1.509           7103            1.216        100.0
small_07                  1.081985    1711897       2496527  1.458           7232            1.256        100.0
small_08                  1.107996    1752360       2498583  1.426           7324            1.279        100.0
small_09                  1.073748    1697481       2490205  1.467           7044            1.225        100.0
u_eq_0_00                16.991545   27109176      72745800  2.683         146737            1.318        100.0
v_eq_0_00                29.856675   47644457     104175290  2.187          76581            0.820        100.0
v_eq_0_01                38.899226   62054414     140852250  2.270         122693            0.875        100.0
v_random_00              30.577312   48795553     106912390  2.191          86329            0.897        100.0
v_random_01              40.163019   64097453     145504279  2.270         138599            0.957        100.0
v_random_02              65.047839  103818692     216444865  2.085         124059            0.869        100.0
v_random_03              61.466525   98102431     204158050  2.081         119014            0.910        100.0
v_random_04              36.853289   58814050     123937461  2.107          82169            0.907        100.0

submissions/polynomial/division_of_polynomials/QedDust413.cpp
SHA-256: 542da644a4356d3d6be10a5d64e726ca4b4f663fefb1fd11923582e7586efe26
case               task-clock (ms)     cycles  instructions    IPC  branch-misses  branch-miss (%)  running (%)
max (n_max_02)           82.216212          -             -      -              -                -            -
sum                    1085.352477          -             -      -              -                -            -
example_00                1.088960    1722880       2456504  1.426           7218            1.280        100.0
example_01                1.080497    1709410       2503193  1.464           7026            1.207        100.0
example_02                1.051598    1664093       2507621  1.507           7207            1.237        100.0
example_03                1.104252    1747222       2510218  1.437           7281            1.249        100.0
max_random_00            38.519760   61474461     142086271  2.311         124795            1.107        100.0
max_random_01            52.280591   83440151     203980328  2.445         202376            1.159        100.0
max_random_02            76.486766  122066683     252829755  2.071         154016            0.985        100.0
max_random_03            72.115743  115102748     234685741  2.039         134415            0.933        100.0
max_random_04            43.257101   69035805     147466986  2.136         103485            1.058        100.0
n_max_00                 59.477835   94929620     226783858  2.389         210130            1.148        100.0
n_max_01                 53.668810   85657301     212950647  2.486         219961            1.168        100.0
n_max_02                 82.216212  131226399     268419007  2.045         160642            0.969        100.0
n_max_03                 56.257651   89759950     218712317  2.437         215810            1.162        100.0
n_max_04                 70.690814  112808647     252463463  2.238         194676            1.103        100.0
q0_equals_zero_00         1.063571    1682945       2517006  1.496           7433            1.271        100.0
q0_equals_zero_01        29.749919   47475257     105764294  2.228           9457            0.100        100.0
q0_equals_zero_02        50.684926   80893149     205839290  2.545         225495            1.178        100.0
small_00                  1.094778    1731694       2523677  1.457           7514            1.292        100.0
small_01                  1.054002    1667196       2486039  1.491           7110            1.239        100.0
small_02                  1.071805    1695823       2525080  1.489           7335            1.255        100.0
small_03                  1.064375    1683312       2504519  1.488           7078            1.216        100.0
small_04                  1.081134    1710457       2512750  1.469           7180            1.231        100.0
small_05                  1.068091    1689595       2531994  1.499           7452            1.273        100.0
small_06                  1.064109    1682475       2507704  1.490           7125            1.223        100.0
small_07                  1.087960    1721205       2529150  1.469           7425            1.268        100.0
small_08                  1.088977    1723022       2541403  1.475           7437            1.269        100.0
small_09                  1.081378    1710198       2518732  1.473           7253            1.242        100.0
u_eq_0_00                24.800405   39574161     120806841  3.053         180146            1.304        100.0
v_eq_0_00                35.567245   56761751     132800271  2.340          95170            0.892        100.0
v_eq_0_01                47.401441   75650848     188566819  2.493         154528            0.939        100.0
v_random_00              36.657972   58502493     136027663  2.325         105323            0.967        100.0
v_random_01              49.215961   78535092     194132590  2.472         171701            1.021        100.0
v_random_02              75.690861  120766738     249694374  2.068         144948            0.939        100.0
v_random_03              72.115464  115102779     233810802  2.031         134242            0.941        100.0
v_random_04              42.351513   67591256     144732322  2.141          94265            0.980        100.0

submissions/polynomial/division_of_polynomials/Rohan_Kapri.cpp
SHA-256: 68e604821bcf6db3bdf66db7fb793aff9e808e154425ef1da421bf22c2724203
case               task-clock (ms)     cycles  instructions    IPC  branch-misses  branch-miss (%)  running (%)
max (n_max_02)           70.371646          -             -      -              -                -            -
sum                     882.324307          -             -      -              -                -            -
example_00                1.064548    1683645       2475830  1.471           7246            1.271        100.0
example_01                1.041564    1647287       2452367  1.489           7119            1.262        100.0
example_02                1.044833    1651493       2460575  1.490           7102            1.257        100.0
example_03                1.064855    1684432       2508086  1.489           7150            1.226        100.0
max_random_00            32.057938   51146599     112021259  2.190         105373            1.041        100.0
max_random_01            42.571704   67891274     153804708  2.265         169557            1.107        100.0
max_random_02            65.762684  104929472     219304093  2.090         134338            0.921        100.0
max_random_03            61.554165   98242772     204497881  2.082         118793            0.906        100.0
max_random_04            37.416577   59713125     126212835  2.114          90597            0.978        100.0
n_max_00                 49.487726   78966154     176616076  2.237         176892            1.077        100.0
n_max_01                 42.988522   68607277     157594221  2.297         182780            1.118        100.0
n_max_02                 70.371646  112318482     232950759  2.074         140035            0.921        100.0
n_max_03                 46.025602   73455210     165786122  2.257         180320            1.102        100.0
n_max_04                 60.250083   96162276     209143370  2.175         165246            1.004        100.0
q0_equals_zero_00         1.045238    1653098       2487649  1.505           7156            1.245        100.0
q0_equals_zero_01        13.851926   22096576      63349925  2.867           9426            0.084        100.0
q0_equals_zero_02        24.708602   39427815     107018276  2.714         183643            1.163        100.0
small_00                  1.052145    1663844       2490840  1.497           7262            1.270        100.0
small_01                  1.059464    1675822       2472687  1.476           7147            1.255        100.0
small_02                  1.047970    1658090       2513560  1.516           7252            1.243        100.0
small_03                  1.071434    1695072       2498064  1.474           7110            1.228        100.0
small_04                  1.049991    1659994       2487828  1.499           7158            1.245        100.0
small_05                  1.055388    1669202       2500518  1.498           7300            1.267        100.0
small_06                  1.042841    1649448       2481653  1.505           7052            1.229        100.0
small_07                  1.070576    1693145       2497746  1.475           7289            1.266        100.0
small_08                  1.065575    1685457       2535595  1.504           7374            1.258        100.0
small_09                  1.059861    1676701       2490670  1.485           7187            1.249        100.0
u_eq_0_00                17.002437   27125890      72738005  2.681         146631            1.318        100.0
v_eq_0_00                29.821419   47589475     104210571  2.190          76239            0.815        100.0
v_eq_0_01                38.809334   61936236     140789181  2.273         121830            0.870        100.0
v_random_00              30.649045   48910561     106931405  2.186          86824            0.902        100.0
v_random_01              40.195446   64148973     145568542  2.269         138527            0.955        100.0
v_random_02              64.822786  103460544     216544669  2.093         124229            0.869        100.0
v_random_03              61.383264   97970698     204138548  2.084         118504            0.906        100.0
v_random_04              36.757118   58659538     123941378  2.113          81946            0.905        100.0

submissions/polynomial/division_of_polynomials/cmk666.cpp
SHA-256: 629a64ac9ef964f667bef872fdf573b3caafc5fd6dbc1b6f667004529ec5da94
case                 task-clock (ms)     cycles  instructions    IPC  branch-misses  branch-miss (%)  running (%)
max (max_random_02)        80.729903          -             -      -              -                -            -
sum                      1071.142880          -             -      -              -                -            -
example_00                  1.048785    1658033       2533456  1.528           6983            1.190        100.0
example_01                  1.067393    1687560       2495408  1.479           6782            1.171        100.0
example_02                  1.015206    1605556       2446740  1.524           6649            1.184        100.0
example_03                  1.064506    1683437       2455794  1.459           6794            1.207        100.0
max_random_00              40.407758   64446248     132369448  2.054         126884            0.918        100.0
max_random_01              49.622936   79155281     173127774  2.187         202703            1.074        100.0
max_random_02              80.729903  128810107     269699092  2.094         174623            0.856        100.0
max_random_03              64.066248  102254267     221671946  2.168         154434            0.946        100.0
max_random_04              51.972230   82887284     171094363  2.064         116310            0.836        100.0
n_max_00                   55.706533   88865778     196092468  2.207         214201            1.064        100.0
n_max_01                   50.350794   80300438     177468273  2.210         219819            1.102        100.0
n_max_02                   77.424024  123547785     261870258  2.120         182905            0.932        100.0
n_max_03                   52.835711   84283573     186137769  2.208         217694            1.081        100.0
n_max_04                   65.319936  104181103     227172395  2.181         204456            1.003        100.0
q0_equals_zero_00           1.054131    1667058       2492039  1.495           6804            1.180        100.0
q0_equals_zero_01          35.590459   56755366     111348846  1.962          16148            0.128        100.0
q0_equals_zero_02          48.175215   76844866     168827436  2.197         221396            1.110        100.0
small_00                    1.079413    1708435       2545436  1.490           7068            1.203        100.0
small_01                    1.028193    1625032       2493394  1.534           6739            1.165        100.0
small_02                    1.063509    1682281       2534575  1.507           7067            1.205        100.0
small_03                    1.078594    1706461       2491835  1.460           6694            1.158        100.0
small_04                    1.049426    1659852       2452547  1.478           6688            1.185        100.0
small_05                    1.056666    1671831       2541920  1.520           7092            1.208        100.0
small_06                    1.044418    1651605       2459898  1.489           6771            1.197        100.0
small_07                    1.078823    1707138       2541568  1.489           6982            1.188        100.0
small_08                    1.070570    1693480       2552993  1.508           7151            1.215        100.0
small_09                    1.022088    1615025       2454962  1.520           6695            1.186        100.0
u_eq_0_00                  16.092446   25674083      72418456  2.821         169369            1.518        100.0
v_eq_0_00                  38.407886   61252817     120500870  1.967          98259            0.797        100.0
v_eq_0_01                  46.378944   73977931     154050030  2.082         156043            0.943        100.0
v_random_00                38.680543   61689026     123774798  2.006         107814            0.853        100.0
v_random_01                47.436215   75647790     160516181  2.122         172464            0.998        100.0
v_random_02                80.468751  128392899     266867335  2.079         166370            0.825        100.0
v_random_03                64.387354  102749172     221146798  2.152         154541            0.950        100.0
v_random_04                51.267273   81739405     167921276  2.054         108201            0.799        100.0

submissions/polynomial/division_of_polynomials/urectanc.rs
SHA-256: 6eb0ef699f677fa432905768c2c9a483cc1a6503fec92cdf4a0e5fcd04420d0c
case                 task-clock (ms)     cycles  instructions    IPC  branch-misses  branch-miss (%)  running (%)
max (max_random_02)       156.727482          -             -      -              -                -            -
sum                      1983.972072          -             -      -              -                -            -
example_00                  1.116414    1766223       2310146  1.308           7370            1.427        100.0
example_01                  1.135029    1795991       2303680  1.283           7327            1.420        100.0
example_02                  1.137466    1800562       2362916  1.312           7118            1.329        100.0
example_03                  1.124814    1780487       2308499  1.297           7196            1.387        100.0
max_random_00              61.637291   98376233     193428250  1.966         116792            0.738        100.0
max_random_01              75.618773  120663725     234724446  1.945         174325            0.831        100.0
max_random_02             156.727482  249912223     488365206  1.954         175393            0.533        100.0
max_random_03             154.807483  246873650     483135100  1.957         154594            0.482        100.0
max_random_04              89.704014  143152589     283069091  1.977         114649            0.570        100.0
n_max_00                  108.714691  173394768     335787137  1.937         191539            0.719        100.0
n_max_01                  101.525227  162048406     312710492  1.930         197074            0.763        100.0
n_max_02                  156.607859  249768469     492404841  1.971         175214            0.523        100.0
n_max_03                  109.664631  174956592     339137880  1.938         195643            0.717        100.0
n_max_04                  123.526392  196982356     384994715  1.954         188175            0.660        100.0
q0_equals_zero_00           1.158485    1833282       2359498  1.287           7323            1.369        100.0
q0_equals_zero_01          57.659563   92026667     185151419  2.012          28603            0.143        100.0
q0_equals_zero_02          70.740181  112905395     220459571  1.953         188691            0.881        100.0
small_00                    1.161601    1838237       2347156  1.277           7588            1.447        100.0
small_01                    1.140539    1805094       2346500  1.300           7151            1.343        100.0
small_02                    1.114235    1762882       2326686  1.320           7398            1.420        100.0
small_03                    1.129554    1788044       2330722  1.304           7241            1.379        100.0
small_04                    1.132134    1791956       2345546  1.309           7220            1.362        100.0
small_05                    1.152931    1824351       2342947  1.284           7556            1.443        100.0
small_06                    1.138257    1801625       2333146  1.295           7280            1.385        100.0
small_07                    1.170911    1854265       2370867  1.279           7449            1.390        100.0
small_08                    1.176065    1861417       2347817  1.261           7493            1.431        100.0
small_09                    1.154592    1827221       2345532  1.284           7202            1.359        100.0
u_eq_0_00                  43.994237   70212892     136219456  1.940         147480            0.976        100.0
v_eq_0_00                  58.065861   92657547     181944551  1.964          89179            0.587        100.0
v_eq_0_01                  69.622897  111106588     215655213  1.941         135127            0.676        100.0
v_random_00                59.260394   94580960     185851091  1.965          97687            0.634        100.0
v_random_01                71.709146  114453425     222505211  1.944         145515            0.715        100.0
v_random_02               154.936797  247096396     484578497  1.961         166751            0.510        100.0
v_random_03               153.788067  245221806     482439604  1.967         152716            0.477        100.0
v_random_04                88.518059  141284912     279472409  1.978         105840            0.532        100.0

src/polynomial/division_of_polynomials/main.cxx
SHA-256: bfbcee15a12ca50907b45046d1759cb49e5c847fd2331108195fca743ead7f4d
case               task-clock (ms)    cycles  instructions    IPC  branch-misses  branch-miss (%)  running (%)
max (n_max_02)           59.721989         -             -      -              -                -            -
sum                     718.255476         -             -      -              -                -            -
example_00                0.889703   1393123       1843648  1.323           6001            1.443        100.0
example_01                0.839353   1323657       1802531  1.362           5635            1.383        100.0
example_02                0.831868   1312373       1753150  1.336           5602            1.440        100.0
example_03                0.853624   1346917       1803871  1.339           5661            1.389        100.0
max_random_00            23.822281  38012368      92283250  2.428          71368            0.961        100.0
max_random_01            32.553845  51934423     125694247  2.420         111304            1.051        100.0
max_random_02            57.217488  91285860     213458650  2.338          88331            0.635        100.0
max_random_03            52.341554  83518697     192252888  2.302          77020            0.623        100.0
max_random_04            33.581480  53591735     124914273  2.331          61627            0.697        100.0
n_max_00                 40.882956  65246703     155350345  2.381         116702            0.940        100.0
n_max_01                 32.280927  51515220     125375495  2.434         119643            1.102        100.0
n_max_02                 59.721989  95318144     222049454  2.330          89779            0.626        100.0
n_max_03                 36.154699  57679092     138429221  2.400         118738            1.032        100.0
n_max_04                 54.827219  87505465     203927957  2.330         109924            0.741        100.0
q0_equals_zero_00         0.853987   1348218       1791164  1.329           5514            1.368        100.0
q0_equals_zero_01         7.419991  11829462      32285305  2.729           7574            0.131        100.0
q0_equals_zero_02        15.166942  24196160      64045424  2.647         115781            1.558        100.0
small_00                  0.835400   1317912       1811330  1.374           5649            1.384        100.0
small_01                  0.839096   1323121       1787047  1.351           5472            1.362        100.0
small_02                  0.812441   1280843       1761796  1.375           5488            1.398        100.0
small_03                  0.842994   1330453       1793446  1.348           5643            1.399        100.0
small_04                  0.832240   1312929       1771126  1.349           5291            1.328        100.0
small_05                  0.844286   1332996       1768406  1.327           5621            1.428        100.0
small_06                  0.836991   1321346       1823119  1.380           5677            1.381        100.0
small_07                  0.845126   1334311       1809448  1.356           5643            1.382        100.0
small_08                  0.881620   1392074       1828314  1.313           5706            1.387        100.0
small_09                  0.834453   1316040       1763497  1.340           5493            1.397        100.0
u_eq_0_00                11.972045  19095387      50254849  2.632          93673            1.568        100.0
v_eq_0_00                22.034222  35158912      82602757  2.349          71234            1.065        100.0
v_eq_0_01                29.818871  47585093     110020933  2.312         111614            1.180        100.0
v_random_00              22.734427  36275732      86064711  2.373          70965            1.018        100.0
v_random_01              30.808841  49165163     115657884  2.352         111554            1.131        100.0
v_random_02              56.709633  90493790     210264584  2.324          88317            0.645        100.0
v_random_03              52.278056  83434885     191912704  2.300          76964            0.623        100.0
v_random_04              33.254828  53068782     122056033  2.300          61650            0.715        100.0
