case                 task-clock (ms)   cycles  instructions    IPC  branch-misses  branch-miss (%)  running (%)
max (max_random_03)         3.263404        -             -      -              -                -            -
sum                        50.886672        -             -      -              -                -            -
example_00                  0.846097  1586107       1626071  1.025           5390            1.520        100.0
example_01                  0.853845  1599971       1629518  1.018           5520            1.552        100.0
example_02                  0.858906  1609181       1622196  1.008           5243            1.486        100.0
example_03                  0.893090  1675415       1631154  0.974           5392            1.513        100.0
max_random_00               2.946344  5566727       7304738  1.312          42755            3.816        100.0
max_random_01               2.885931  5451680       7241241  1.328          41597            3.750        100.0
max_random_02               2.862870  5408763       7193873  1.330          42172            3.819        100.0
max_random_03               3.263404  6167740       8308071  1.347          50453            4.066        100.0
max_random_04               2.907911  5494212       7204815  1.311          42791            3.856        100.0
random_00                   3.083952  5828193       7127653  1.223          59047            5.475        100.0
random_01                   2.129431  4018204       4984643  1.241          29424            3.610        100.0
random_02                   1.793245  3381704       4009431  1.186          17098            2.458        100.0
random_03                   2.942244  5559047       7004533  1.260          50483            4.745        100.0
random_04                   2.781852  5255471       6473178  1.232          50295            5.044        100.0
small_00                    3.068262  5797133       7119421  1.228          59141            5.495        100.0
small_01                    2.185736  4126185       4998847  1.211          29336            3.585        100.0
small_02                    1.824588  3440890       4003558  1.164          16944            2.443        100.0
small_03                    2.264572  4274568       5411726  1.266          33661            3.875        100.0
small_04                    2.778550  5249261       6475806  1.234          50460            5.063        100.0
small_c01_00                1.595573  3007039       3213700  1.069          18582            3.129        100.0
small_c01_01                1.026438  1928683       2004604  1.039           8260            2.035        100.0
small_c01_02                0.972801  1826410       1867735  1.023           7049            1.910        100.0
small_c01_03                1.080155  2028159       2077160  1.024           9000            2.151        100.0
small_c01_04                1.552916  2924929       2992114  1.023          18803            3.386        100.0
star_00                     1.487959  2801809       3527859  1.259          12264            2.107        100.0
