case                  task-clock (ms)    cycles  instructions    IPC  branch-misses  branch-miss (%)  running (%)
max (small_dense_02)        30.593477         -             -      -              -                -            -
sum                        180.945594         -             -      -              -                -            -
example_00                   0.861411   1615010       1626371  1.007           5410            1.524        100.0
example_01                   0.839925   1574255       1596863  1.014           5407            1.571        100.0
max_random_00                7.661386  14505393      29013726  2.000           9762            0.179        100.0
max_random_01                7.659728  14501838      29022493  2.001          10267            0.189        100.0
max_random_02                7.646392  14476763      29007343  2.004           9347            0.172        100.0
max_random_03                7.611130  14410340      28963547  2.010           9143            0.168        100.0
max_random_04                7.602268  14393850      29003353  2.015           8896            0.163        100.0
min_K_00                     3.421579   6467735       9827085  1.519           7082            0.439        100.0
min_K_01                     3.812577   7208801      11298914  1.567           7347            0.400        100.0
random_00                    3.403703   6434091       9842741  1.530           7050            0.437        100.0
random_01                    4.163060   7874072      14537234  1.846           7426            0.269        100.0
random_02                    4.953373   9358639      17630674  1.884           8261            0.248        100.0
random_03                    3.971690   7511138      13610563  1.812           7349            0.284        100.0
random_04                    6.356109  12030302      23670086  1.968           8480            0.190        100.0
small_N_00                   0.866311   1623943       1588691  0.978           5456            1.600        100.0
small_N_01                   0.873931   1638407       1616873  0.987           5425            1.542        100.0
small_N_02                   0.875208   1640916       1602571  0.977           5349            1.534        100.0
small_N_03                   0.869470   1629467       1596436  0.980           5453            1.584        100.0
small_N_04                   0.842539   1579155       1584918  1.004           5342            1.570        100.0
small_dense_00              22.660084  42935729     138069281  3.216           9082            0.063        100.0
small_dense_01              25.203591  47757644     159088990  3.331           9312            0.057        100.0
small_dense_02              30.593477  57975199     201165537  3.470           9674            0.047        100.0
small_dense_03               6.912843  13085596      21942370  1.677           8466            0.247        100.0
small_dense_04              21.283809  40312820     117127931  2.905           9708            0.078        100.0
