2026-10-01 lenovo / Intel(R) Core(TM) i5-10210U CPU @ 1.60GHz
Two complete passes; per binary/case minimum task-clock; all counters from that same run.
Cases: 30, including examples. Units: ms. No CPU pinning.
Compiler: g++ (GCC) 16.2.1 20260819 (Red Hat 16.2.1-2); rustc 1.98.1 (48a229cea 2026-09-01)
Build host: master; glibc 2.43
Environment: Linux 7.2.8-200.fc44.x86_64; affinity [0, 1, 2, 3]; stack 268435456 bytes; bench_env OK.
cxx_flags.txt: -std=c++23 -DEVAL -DONLINE_JUDGE -Iinclude -O3 -fwhole-program -fno-exceptions -fno-rtti -march=x86-64-v3 -fno-pie -no-pie -nostdlib++ -static -lm -s
cpp_flags.txt: -std=c++23 -DEVAL -DONLINE_JUDGE -Iac-library -include cassert -O3 -fwhole-program -fno-exceptions -fno-rtti -march=x86-64-v3 -fno-pie -no-pie -static -lgmp -s
rust_flags.txt: -C opt-level=3 -C codegen-units=1 -C lto=fat -C panic=abort -C target-cpu=x86-64-v3 -C target-feature=+crt-static -C relocation-model=static -C link-arg=-Wl,-u,__cxa_thread_atexit_impl -C strip=symbols

solution                                max (ms)       sum (ms)
Nachia                                   144.345160    1993.552756
Richard1211                              189.319113    2638.746343
Rohan_Kapri                              144.222577    1992.195886
orzsunset                                342.656756    4844.323241
soryuusi0219                             339.509789    4830.575707
main                                     109.610306    1470.310823

submissions/tree/common_interval_decomposition_tree/Nachia.cpp
SHA-256: 6a66ba0528361694bdbada19abaab2aa150ffac003a5c56cedcaeb940ee5e07b
case                  task-clock (ms)     cycles  instructions    IPC  branch-misses  branch-miss (%)  running (%)
max (killer_case_01)       144.345160          -             -      -              -                -            -
sum                       1993.552756          -             -      -              -                -            -
example_00                   0.862461    1360554       1928499  1.417           7035            1.628        100.0
example_01                   0.839014    1324139       1862438  1.407           5625            1.341        100.0
example_02                   0.832971    1314160       1875834  1.427           5843            1.384        100.0
almost_straight_00          68.233871  108783514     299927688  2.757          17166            0.027        100.0
almost_straight_01          82.302396  131251007     379515441  2.892          18883            0.025        100.0
almost_straight_02          10.027438   15991113      42937236  2.685           9928            0.112        100.0
ascending_order_00          68.388244  109066985     299348406  2.745          16609            0.026        100.0
ascending_order_01          80.561557  128499290     353419499  2.750          17111            0.023        100.0
ascending_order_02           9.632521   15360428      40375695  2.629           9207            0.107        100.0
descending_order_00         68.022714  108425718     299303165  2.760          17824            0.028        100.0
descending_order_01         81.192065  129462835     352812089  2.725          18051            0.024        100.0
descending_order_02          9.628309   15353232      40378426  2.630           9380            0.109        100.0
killer_case_00             144.119001  230012625     520391135  2.262        2040201            1.824        100.0
killer_case_01             144.345160  230370409     520030715  2.257        2053216            1.837        100.0
killer_case_02             143.614817  229176082     520093126  2.269        2041165            1.827        100.0
killer_case_03             144.120124  230024894     519758378  2.260        2042542            1.829        100.0
killer_case_04             143.725994  229378601     519855494  2.266        2037407            1.824        100.0
killer_straight_00         137.117798  218864189     562357367  2.569        1002986            0.828        100.0
max_random_00               96.399085  153781124     380952511  2.477         543551            0.686        100.0
max_random_01               97.175819  154991847     381220798  2.460         544173            0.686        100.0
max_random_02               96.718103  154291078     380907419  2.469         546526            0.690        100.0
random_00                   76.088818  121445020     299016213  2.462         455814            0.733        100.0
random_01                   89.586263  142904493     353570214  2.474         517285            0.704        100.0
random_02                   10.393660   16574944      40435203  2.440          68981            0.814        100.0
small_random_00              0.847440    1337897       1856989  1.388           5667            1.360        100.0
small_random_01              0.826741    1304544       1852333  1.420           5464            1.317        100.0
small_random_02              0.857230    1353568       1863209  1.377           5799            1.389        100.0
swap_random_00              78.978482  125946411     308536769  2.450         493134            0.766        100.0
swap_random_01              97.204962  155067433     384720375  2.481         631659            0.783        100.0
swap_random_02              10.909698   17400430      42341458  2.433          76952            0.862        100.0

submissions/tree/common_interval_decomposition_tree/Richard1211.cpp
SHA-256: 894fe1e495970b5dc202d3e532599fd88092bbd06b7213adcaeac67928ba9294
case                  task-clock (ms)     cycles  instructions    IPC  branch-misses  branch-miss (%)  running (%)
max (killer_case_00)       189.319113          -             -      -              -                -            -
sum                       2638.746343          -             -      -              -                -            -
example_00                   0.976786    1543906       2456191  1.591           6641            1.162        100.0
example_01                   0.947747    1497829       2402636  1.604           6630            1.196        100.0
example_02                   0.973607    1538094       2445281  1.590           6734            1.183        100.0
almost_straight_00          92.024845  146763985     400687944  2.730          19326            0.032        100.0
almost_straight_01         111.095576  177178157     498621061  2.814          23638            0.032        100.0
almost_straight_02          13.548033   21611528      55241335  2.556          11858            0.138        100.0
ascending_order_00          91.990009  146810744     399531443  2.721          18665            0.031        100.0
ascending_order_01         106.568323  169967434     471905142  2.776          19791            0.028        100.0
ascending_order_02          13.174978   21016414      52786006  2.512          11439            0.137        100.0
descending_order_00         91.693736  146269240     399505142  2.731          18192            0.030        100.0
descending_order_01        106.911941  170535533     471831993  2.767          19799            0.028        100.0
descending_order_02         13.191199   21042582      52733829  2.506          11444            0.137        100.0
killer_case_00             189.319113  302127990     712016127  2.357        2091864            1.935        100.0
killer_case_01             189.042196  301715797     713017409  2.363        2093523            1.932        100.0
killer_case_02             189.086052  301780790     712342248  2.360        2098614            1.940        100.0
killer_case_03             189.160642  301899711     711710332  2.357        2091617            1.936        100.0
killer_case_04             189.212905  302004539     711722281  2.357        2089412            1.934        100.0
killer_straight_00         187.156440  298713241     776592463  2.600         998084            0.851        100.0
max_random_00              127.255840  203004175     506586490  2.495         569104            0.745        100.0
max_random_01              126.842428  202357540     506485424  2.503         565690            0.741        100.0
max_random_02              126.458485  201805761     506555573  2.510         571827            0.749        100.0
random_00                   99.996930  159582362     396578887  2.485         477600            0.796        100.0
random_01                  118.430247  188921010     469551777  2.485         534805            0.755        100.0
random_02                   13.881750   22143939      52413878  2.367          69076            0.836        100.0
small_random_00              0.988344    1562353       2425565  1.553           6792            1.215        100.0
small_random_01              0.978194    1546818       2421926  1.566           6760            1.211        100.0
small_random_02              1.011650    1599173       2427293  1.518           6793            1.215        100.0
swap_random_00             103.557845  165206902     411232133  2.489         503913            0.811        100.0
swap_random_01             128.632480  205217648     515685897  2.513         648591            0.835        100.0
swap_random_02              14.638022   23350571      55287753  2.368          79307            0.913        100.0

submissions/tree/common_interval_decomposition_tree/Rohan_Kapri.cpp
SHA-256: 6a66ba0528361694bdbada19abaab2aa150ffac003a5c56cedcaeb940ee5e07b
case                  task-clock (ms)     cycles  instructions    IPC  branch-misses  branch-miss (%)  running (%)
max (killer_case_01)       144.222577          -             -      -              -                -            -
sum                       1992.195886          -             -      -              -                -            -
example_00                   0.881510    1391603       1857405  1.335           5722            1.375        100.0
example_01                   0.818008    1291287       1852402  1.435           5631            1.350        100.0
example_02                   0.852790    1345757       1874148  1.393           5782            1.371        100.0
almost_straight_00          67.676990  107931524     299176654  2.772          16045            0.025        100.0
almost_straight_01          82.503228  131575529     379538953  2.885          20089            0.026        100.0
almost_straight_02           9.990862   15933256      42971327  2.697          10321            0.117        100.0
ascending_order_00          67.946796  108363052     299186721  2.761          16577            0.026        100.0
ascending_order_01          80.836278  128891521     352627071  2.736          18198            0.025        100.0
ascending_order_02           9.616618   15334847      40374037  2.633           9545            0.111        100.0
descending_order_00         68.247910  108780821     299244772  2.751          17008            0.027        100.0
descending_order_01         80.951839  129123062     352992214  2.734          17109            0.023        100.0
descending_order_02          9.592745   15297244      40367084  2.639           9167            0.107        100.0
killer_case_00             143.937363  229733382     521538445  2.270        2041145            1.821        100.0
killer_case_01             144.222577  230150137     519873638  2.259        2046199            1.831        100.0
killer_case_02             143.480379  228992995     519842279  2.270        2043458            1.829        100.0
killer_case_03             143.786336  229491442     520048355  2.266        2047027            1.832        100.0
killer_case_04             143.873025  229627992     519807783  2.264        2037816            1.825        100.0
killer_straight_00         136.787147  218292722     562622548  2.577         998225            0.823        100.0
max_random_00               96.511645  153961053     380801716  2.473         546821            0.691        100.0
max_random_01               96.725290  154301441     380932806  2.469         545744            0.689        100.0
max_random_02               96.832306  154471357     380800721  2.465         548590            0.693        100.0
random_00                   76.121196  121496389     299018154  2.461         456801            0.734        100.0
random_01                   89.870317  143444220     353384154  2.464         516939            0.704        100.0
random_02                   10.402230   16590187      40470713  2.439          70103            0.826        100.0
small_random_00              0.855658    1350889       1874296  1.387           5826            1.382        100.0
small_random_01              0.851195    1343611       1908317  1.420           5692            1.309        100.0
small_random_02              0.843388    1330965       1882919  1.415           5594            1.315        100.0
swap_random_00              79.306312  126482656     308403367  2.438         492728            0.766        100.0
swap_random_01              96.931699  154614945     383840893  2.483         633769            0.787        100.0
swap_random_02              10.942249   17451867      42424842  2.431          78576            0.878        100.0

submissions/tree/common_interval_decomposition_tree/orzsunset.cpp
SHA-256: d73f429b7b2fdbf24ce24c8a6bb9307f5dfc5af6731044184e0165c9c0f33962
case                      task-clock (ms)     cycles  instructions    IPC  branch-misses  branch-miss (%)  running (%)
max (killer_straight_00)       342.656756          -             -      -              -                -            -
sum                           4844.323241          -             -      -              -                -            -
example_00                       1.011113    1598238       2414811  1.511           6623            1.189        100.0
example_01                       0.982461    1552862       2451304  1.579           6741            1.181        100.0
example_02                       0.956513    1511727       2428969  1.607           7022            1.253        100.0
almost_straight_00             165.038699  263393100     748643251  2.842         765109            0.507        100.0
almost_straight_01             200.579675  320126080     919329736  2.872         889584            0.484        100.0
almost_straight_02              23.436868   37396163     104745542  2.801         110517            0.521        100.0
ascending_order_00             165.109314  263522015     748594924  2.841         762410            0.505        100.0
ascending_order_01             196.074069  312933257     889693861  2.843         906008            0.506        100.0
ascending_order_02              22.978658   36665028     102329002  2.791         108016            0.520        100.0
descending_order_00            165.784016  264577360     751439263  2.840         729635            0.482        100.0
descending_order_01            197.670341  315479567     893563280  2.832         902042            0.502        100.0
descending_order_02             23.177067   36981610     102733753  2.778         111293            0.534        100.0
killer_case_00                 317.657855  507009452    1447771977  2.856        1806511            0.635        100.0
killer_case_01                 318.068321  507653771    1448526683  2.853        1818676            0.639        100.0
killer_case_02                 317.442922  506664770    1448191567  2.858        1813172            0.637        100.0
killer_case_03                 318.235227  507910518    1448138318  2.851        1821198            0.640        100.0
killer_case_04                 317.632925  506982572    1447858521  2.856        1813527            0.637        100.0
killer_straight_00             342.656756  546921024    1596507835  2.919        1673001            0.533        100.0
max_random_00                  260.292685  415354559     988954161  2.381        1755633            0.885        100.0
max_random_01                  265.213363  423214447     995837531  2.353        1798383            0.900        100.0
max_random_02                  262.774788  419289328     991600780  2.365        1799152            0.905        100.0
random_00                      204.249330  325974947     771950443  2.368        1427492            0.922        100.0
random_01                      245.029161  391064716     923556874  2.362        1681259            0.907        100.0
random_02                       27.050964   43152613     105548979  2.446         197744            0.926        100.0
small_random_00                  1.000164    1581565       2427708  1.535           6653            1.189        100.0
small_random_01                  1.001735    1583837       2408588  1.521           6617            1.195        100.0
small_random_02                  1.001234    1583167       2432546  1.537           6719            1.199        100.0
swap_random_00                 202.771987  323540853     806585319  2.493        1239424            0.767        100.0
swap_random_01                 251.411644  401167483    1025426419  2.556        1526557            0.746        100.0
swap_random_02                  28.033386   44733923     113307193  2.533         193115            0.844        100.0

submissions/tree/common_interval_decomposition_tree/soryuusi0219.cpp
SHA-256: 05076952c0480459560cdb3319b87f370c4ad7cfcab455a0d7753302c65a6266
case                      task-clock (ms)     cycles  instructions    IPC  branch-misses  branch-miss (%)  running (%)
max (killer_straight_00)       339.509789          -             -      -              -                -            -
sum                           4830.575707          -             -      -              -                -            -
example_00                       1.009407    1596042       2413814  1.512           6586            1.187        100.0
example_01                       0.987890    1561450       2437649  1.561           6875            1.224        100.0
example_02                       1.008257    1594543       2493955  1.564           6665            1.151        100.0
almost_straight_00             175.157487  279564751     945221489  3.381          26276            0.015        100.0
almost_straight_01             209.395940  334119122    1146071198  3.430          29023            0.014        100.0
almost_straight_02              24.200316   38615458     129264181  3.347          11714            0.048        100.0
ascending_order_00             175.437750  279991018     945211025  3.376          25581            0.015        100.0
ascending_order_01             207.304130  330841381    1122179480  3.392          27641            0.013        100.0
ascending_order_02              23.894007   38126742     126924462  3.329          11446            0.048        100.0
descending_order_00            175.450413  280026216     945532886  3.377          25171            0.014        100.0
descending_order_01            207.197036  330729458    1122179968  3.393          26835            0.013        100.0
descending_order_02             23.839320   38038989     126955212  3.338          11399            0.048        100.0
killer_case_00                 322.395438  514463018    1682517876  3.270        1034564            0.335        100.0
killer_case_01                 322.790838  515109802    1685344968  3.272        1041139            0.337        100.0
killer_case_02                 322.578754  514847575    1683331554  3.270        1034696            0.335        100.0
killer_case_03                 322.838208  515174253    1683648348  3.268        1035746            0.335        100.0
killer_case_04                 323.171786  515701233    1683902557  3.265        1032739            0.334        100.0
killer_straight_00             339.509789  541812933    1827143494  3.372         557223            0.167        100.0
max_random_00                  244.867024  390657272    1245386674  3.188         327326            0.141        100.0
max_random_01                  245.799473  392226360    1245415254  3.175         326207            0.141        100.0
max_random_02                  245.207120  391183052    1245505243  3.184         327109            0.141        100.0
random_00                      191.998400  306453552     971806101  3.171         283218            0.157        100.0
random_01                      227.701753  363396827    1153585169  3.174         311871            0.145        100.0
random_02                       25.614093   40872038     130576040  3.195          42924            0.175        100.0
small_random_00                  1.004973    1589038       2454033  1.544           6772            1.199        100.0
small_random_01                  1.016644    1608048       2423181  1.507           6665            1.197        100.0
small_random_02                  1.017456    1609543       2442868  1.518           6722            1.199        100.0
swap_random_00                 199.069757  317713597    1005224788  3.164         313709            0.168        100.0
swap_random_01                 242.248330  386646731    1252066541  3.238         351063            0.151        100.0
swap_random_02                  26.863918   42867093     137720379  3.213          49052            0.190        100.0

src/tree/common_interval_decomposition_tree/main.cxx
SHA-256: 9b76d86d6ac52ef42bf131118ce894269c8fee8dd97d8d647d89144f29368390
case                  task-clock (ms)     cycles  instructions    IPC  branch-misses  branch-miss (%)  running (%)
max (killer_case_01)       109.610306          -             -      -              -                -            -
sum                       1470.310823          -             -      -              -                -            -
example_00                   0.823602    1298842       1804248  1.389           5645            1.386        100.0
example_01                   0.796672    1256197       1781893  1.418           5445            1.351        100.0
example_02                   0.791805    1248556       1773867  1.421           5597            1.418        100.0
almost_straight_00          44.808086   71394675     165042608  2.312          12174            0.057        100.0
almost_straight_01          57.101358   91051098     232513902  2.554          12323            0.045        100.0
almost_straight_02           7.302294   11640771      27649344  2.375           8094            0.229        100.0
ascending_order_00          44.969154   71768951     165349952  2.304          11491            0.054        100.0
ascending_order_01          54.359081   86672813     195625577  2.257          11984            0.048        100.0
ascending_order_02           6.947821   11075113      24177396  2.183           8005            0.240        100.0
descending_order_00         45.121128   71925734     165322950  2.299          11242            0.053        100.0
descending_order_01         54.768974   87328721     195700904  2.241          12089            0.048        100.0
descending_order_02          6.988220   11139867      24228325  2.175           7880            0.235        100.0
killer_case_00             109.536042  174816633     322274058  1.843         988032            2.443        100.0
killer_case_01             109.610306  174936876     322484912  1.843         990284            2.448        100.0
killer_case_02             108.564678  173285234     322311800  1.860         989957            2.449        100.0
killer_case_03             108.917362  173846958     322102849  1.853         989238            2.452        100.0
killer_case_04             109.454091  174647273     322651768  1.847         990811            2.446        100.0
killer_straight_00         108.804135  173583119     348621378  2.008         800189            1.820        100.0
max_random_00               71.987184  114812547     225240066  1.962          13015            0.048        100.0
max_random_01               71.841627  114579056     225555479  1.969          13076            0.048        100.0
max_random_02               71.875860  114634921     225547541  1.968          13140            0.048        100.0
random_00                   54.532910   86934633     173644281  1.997          11797            0.057        100.0
random_01                   65.660599  104713250     206071081  1.968          12318            0.050        100.0
random_02                    7.697148   12271539      25346498  2.065           8017            0.244        100.0
small_random_00              0.803854    1267512       1752942  1.383           5361            1.379        100.0
small_random_01              0.838769    1323629       1765696  1.334           5555            1.413        100.0
small_random_02              0.835288    1316923       1772026  1.346           5642            1.430        100.0
swap_random_00              60.058412   95720930     181053614  1.891          70461            0.322        100.0
swap_random_01              76.199424  121517807     229301835  1.887         273505            0.986        100.0
swap_random_02               8.314939   13258475      26790116  2.021          23054            0.663        100.0
