case                 task-clock (ms)     cycles  instructions    IPC  branch-misses  branch-miss (%)  running (%)
max (max_random_00)       287.902177          -             -      -              -                -            -
sum                      2567.765155          -             -      -              -                -            -
example_00                  0.864904    1621392       1625524  1.003           5508            1.553        100.0
fragment_00               274.948454  520966456     703252162  1.350        6608778            8.787        100.0
fragment_01               276.565003  524023407     703812960  1.343        6606717            8.777        100.0
max_random_00             287.902177  545537571     894734790  1.640        8372589           11.195        100.0
max_random_01             286.911356  543681970     892277859  1.641        8353792           11.215        100.0
max_random_02             286.393348  542683618     893438045  1.646        8366088           11.220        100.0
random_00                 233.711300  442681625     729558560  1.648        6813856           11.107        100.0
random_01                 238.560102  451936419     741364288  1.640        6880311           11.086        100.0
random_02                 166.723986  315977852     549056931  1.738        5799255           12.264        100.0
slide_window_00           250.888613  475193479     794508538  1.672        5621403            7.358        100.0
slide_window_01           251.665158  476860361     793217084  1.663        5652427            7.417        100.0
small_00                    0.944499    1772581       1760966  0.993           6022            1.659        100.0
small_01                    0.902356    1692110       1794942  1.061           6921            1.894        100.0
small_02                    0.965950    1813750       1876258  1.034           7714            2.042        100.0
small_03                    0.924508    1734540       1853925  1.069           8657            2.323        100.0
small_04                    1.020981    1917564       1915465  0.999           8892            2.343        100.0
small_05                    1.010683    1897497       1926887  1.015           9568            2.512        100.0
small_06                    1.007602    1892458       1967732  1.040           9770            2.504        100.0
small_07                    1.038004    1949922       1932285  0.991          10910            2.862        100.0
small_08                    1.043130    1958176       1984541  1.013          10954            2.828        100.0
small_09                    1.046096    1965580       1988194  1.012          11353            2.925        100.0
small_random_00             1.421808    2677824       2999541  1.120          23191            4.762        100.0
small_random_01             1.305137    2454437       2587039  1.054          20437            4.579        100.0
