2026-10-01 lenovo / Intel(R) Core(TM) i5-10210U CPU @ 1.60GHz
Two complete passes; per binary/case minimum task-clock; all counters from that same run.
Cases: 47, including examples. Units: ms. No CPU pinning.
Compiler: g++ (GCC) 16.2.1 20260819 (Red Hat 16.2.1-2); rustc 1.98.1 (48a229cea 2026-09-01)
Build host: master; glibc 2.43
Environment: Linux 7.2.8-200.fc44.x86_64; affinity [0, 1, 2, 3]; stack 268435456 bytes; bench_env OK.
cxx_flags.txt: -std=c++23 -DEVAL -DONLINE_JUDGE -Iinclude -O3 -fwhole-program -fno-exceptions -fno-rtti -march=x86-64-v3 -fno-pie -no-pie -nostdlib++ -static -lm -s
cpp_flags.txt: -std=c++23 -DEVAL -DONLINE_JUDGE -Iac-library -include cassert -O3 -fwhole-program -fno-exceptions -fno-rtti -march=x86-64-v3 -fno-pie -no-pie -static -lgmp -s
rust_flags.txt: -C opt-level=3 -C codegen-units=1 -C lto=fat -C panic=abort -C target-cpu=x86-64-v3 -C target-feature=+crt-static -C relocation-model=static -C link-arg=-Wl,-u,__cxa_thread_atexit_impl -C strip=symbols

solution                                max (ms)       sum (ms)
MeIoN                                    199.609629    1378.157377
Richard1211                              251.260461    1698.756948
Rohan_Kapri                              189.476248    1314.735873
maspy                                    222.065615    1543.017243
nor                                      189.648648    1315.273414
main                                      97.920691     679.821309

submissions/convolution/mul_mod2n_convolution/MeIoN.cpp
SHA-256: 1299bfb633024fcb28e9de0632b1c1d60c34bdd016f03682d91d05f89899e07a
case            task-clock (ms)     cycles  instructions    IPC  branch-misses  branch-miss (%)  running (%)
max (large_00)       199.609629          -             -      -              -                -            -
sum                 1378.157377          -             -      -              -                -            -
example_00             1.053827    1665183       2476965  1.488           6799            1.179        100.0
example_01             1.046016    1654246       2454409  1.484           6668            1.171        100.0
all_zero_00            1.033301    1634207       2414288  1.477           6605            1.190        100.0
all_zero_01            1.027607    1625767       2460532  1.513           6810            1.192        100.0
all_zero_02            1.044919    1652456       2476420  1.499           6632            1.154        100.0
all_zero_03            5.212359    8305205      19300561  2.324          10239            0.495        100.0
ans_zero_00          193.419921  308460956     772049970  2.503         200761            0.305        100.0
ans_zero_01           90.064248  143653862     377611870  2.629         100688            0.305        100.0
large_00             199.609629  318341185     801258923  2.517         430391            0.671        100.0
large_01             198.926248  317235087     801192065  2.526         432003            0.674        100.0
large_02              93.133361  148637270     392694665  2.642         218136            0.676        100.0
large_03              93.073996  148557961     392602159  2.643         216665            0.672        100.0
large_04              44.926730   71701526     191508293  2.671         115088            0.708        100.0
large_05              45.032754   71870754     191496890  2.664         114491            0.704        100.0
n_equals_00            0.982151    1551622       2462278  1.587           6599            1.151        100.0
n_equals_01            0.990412    1565446       2471042  1.578           6701            1.165        100.0
n_equals_02            0.995465    1573788       2487477  1.581           6670            1.153        100.0
n_equals_03            1.019044    1611674       2459816  1.526           6541            1.146        100.0
n_equals_04            1.034865    1635913       2427827  1.484           6569            1.178        100.0
n_equals_05            0.989923    1565248       2454726  1.568           6635            1.185        100.0
n_equals_06            1.009315    1595675       2511535  1.574           6867            1.184        100.0
n_equals_07            1.050999    1662718       2498275  1.503           7043            1.244        100.0
n_equals_08            1.064219    1683377       2560579  1.521           7096            1.241        100.0
n_equals_09            1.096438    1733940       2708806  1.562           7262            1.236        100.0
n_equals_10            1.210060    1915760       3022481  1.578           7480            1.202        100.0
n_equals_11            1.314717    2082268       3662144  1.759           7991            1.169        100.0
n_equals_12            1.617324    2566733       4997651  1.947           9194            1.122        100.0
n_equals_13            2.288132    3637463       7684676  2.113          10948            1.026        100.0
n_equals_14            3.506552    5581738      13031253  2.335          14554            0.947        100.0
n_equals_15            6.204374    9888564      24457007  2.473          21517            0.844        100.0
n_equals_16           11.409006   18196435      47310964  2.600          34769            0.774        100.0
n_equals_17           22.505030   35909571      94896067  2.643          60284            0.715        100.0
n_equals_18           45.124019   72000478     191421023  2.659         115078            0.709        100.0
n_equals_19           92.980481  148299729     392657068  2.648         216226            0.670        100.0
n_equals_20          198.897900  317192871     802514678  2.530         431051            0.669        100.0
small_00               1.037264    1640759       2415289  1.472           6654            1.198        100.0
small_01               1.042824    1649095       2414792  1.464           6625            1.193        100.0
small_02               1.008663    1595052       2413434  1.513           6509            1.173        100.0
small_03               1.021950    1615716       2458360  1.522           6610            1.159        100.0
small_04               1.016823    1606620       2471105  1.538           6657            1.157        100.0
small_05               1.026805    1624184       2467210  1.519           6710            1.168        100.0
small_06               1.033794    1635160       2464512  1.507           6581            1.151        100.0
small_07               0.999302    1580157       2437827  1.543           6632            1.179        100.0
small_08               1.012167    1599859       2477090  1.548           6740            1.169        100.0
small_09               1.007504    1593162       2462160  1.545           6646            1.160        100.0
small_10               1.024994    1619562       2480497  1.532           6711            1.164        100.0
small_11               1.029945    1628579       2445592  1.502           6555            1.154        100.0

submissions/convolution/mul_mod2n_convolution/Richard1211.cpp
SHA-256: 0fb1a5a5fd0674d5d7851001257ee5671a44cdf43b05b83efffdd08fe3239554
case            task-clock (ms)     cycles  instructions    IPC  branch-misses  branch-miss (%)  running (%)
max (large_00)       251.260461          -             -      -              -                -            -
sum                 1698.756948          -             -      -              -                -            -
example_00             1.034916    1636332       2467035  1.508           6743            1.176        100.0
example_01             1.022793    1617296       2409781  1.490           6631            1.198        100.0
all_zero_00            1.011347    1598149       2400381  1.502           6562            1.189        100.0
all_zero_01            1.031434    1631540       2408426  1.476           6540            1.182        100.0
all_zero_02            1.029299    1627992       2453266  1.507           6705            1.175        100.0
all_zero_03            5.371532    8558876      20688472  2.417          10984            0.587        100.0
ans_zero_00          207.945419  331799260     923442000  2.783         182862            0.235        100.0
ans_zero_01           99.307389  158385591     455016797  2.873          94273            0.241        100.0
large_00             251.260461  400914835    1127812791  2.813         396972            0.389        100.0
large_01             250.323203  399434524    1127691664  2.823         396785            0.389        100.0
large_02             120.475311  192213815     557692039  2.901         200989            0.390        100.0
large_03             120.531279  192278365     557669885  2.900         201365            0.391        100.0
large_04              59.375176   94765530     273763074  2.889         108211            0.417        100.0
large_05              59.478186   94929146     273764147  2.884         108447            0.418        100.0
n_equals_00            1.030472    1629592       2440907  1.498           6599            1.165        100.0
n_equals_01            0.985873    1557554       2450165  1.573           6441            1.130        100.0
n_equals_02            1.018144    1610208       2458251  1.527           6780            1.190        100.0
n_equals_03            1.007980    1593611       2481164  1.557           6734            1.169        100.0
n_equals_04            1.042908    1649096       2482449  1.505           6831            1.191        100.0
n_equals_05            1.063412    1682067       2499898  1.486           7006            1.216        100.0
n_equals_06            1.037768    1641820       2484138  1.513           7011            1.242        100.0
n_equals_07            1.054044    1667617       2593388  1.555           7119            1.207        100.0
n_equals_08            1.062504    1680988       2713318  1.614           7352            1.218        100.0
n_equals_09            1.110332    1757241       2942266  1.674           7579            1.206        100.0
n_equals_10            1.216905    1927220       3380585  1.754           7845            1.179        100.0
n_equals_11            1.438166    2280558       4391658  1.926           8848            1.127        100.0
n_equals_12            1.889346    3000305       6265471  2.088           9795            1.012        100.0
n_equals_13            2.739638    4357947      10283126  2.360          11550            0.839        100.0
n_equals_14            4.500850    7169730      18366055  2.562          15089            0.687        100.0
n_equals_15            8.285955   13211372      35227944  2.666          21835            0.564        100.0
n_equals_16           15.557882   24819252      68569236  2.763          34606            0.489        100.0
n_equals_17           30.415644   48520520     137119766  2.826          59191            0.439        100.0
n_equals_18           59.738897   95318701     273693315  2.871         108923            0.420        100.0
n_equals_19          120.793574  192695978     558023510  2.896         201224            0.390        100.0
n_equals_20          250.405206  399590691    1127652638  2.822         395079            0.387        100.0
small_00               1.004653    1588539       2421790  1.525           6580            1.179        100.0
small_01               1.000358    1581145       2421958  1.532           6709            1.202        100.0
small_02               1.038336    1641117       2461823  1.500           6661            1.163        100.0
small_03               0.989981    1564793       2404959  1.537           6456            1.168        100.0
small_04               1.007286    1593042       2462818  1.546           6703            1.171        100.0
small_05               0.992161    1568962       2425610  1.546           6656            1.191        100.0
small_06               0.999447    1579761       2427552  1.537           6656            1.190        100.0
small_07               1.014685    1604670       2469310  1.539           6749            1.176        100.0
small_08               1.008492    1594990       2451480  1.537           6725            1.183        100.0
small_09               1.058062    1672636       2482128  1.484           6737            1.169        100.0
small_10               1.025139    1620723       2444764  1.508           6795            1.208        100.0
small_11               1.025103    1620630       2483390  1.532           6845            1.187        100.0

submissions/convolution/mul_mod2n_convolution/Rohan_Kapri.cpp
SHA-256: baee6bc76c1f6962f6b8651ca31ca048150ab41f0706fab3b9d81b5472b153a0
case               task-clock (ms)     cycles  instructions    IPC  branch-misses  branch-miss (%)  running (%)
max (n_equals_20)       189.476248          -             -      -              -                -            -
sum                    1314.735873          -             -      -              -                -            -
example_00                1.187200    1879589       2681681  1.427           6672            1.074        100.0
example_01                1.184763    1875769       2694557  1.437           6721            1.078        100.0
all_zero_00               1.175351    1861421       2678154  1.439           6695            1.082        100.0
all_zero_01               1.187742    1880814       2696744  1.434           6690            1.072        100.0
all_zero_02               1.193660    1889974       2695807  1.426           6726            1.080        100.0
all_zero_03               4.892029    7793997      16663245  2.138          11414            0.505        100.0
ans_zero_00             176.921742  282206726     619648498  2.196         271834            0.395        100.0
ans_zero_01              83.393827  133002651     306673024  2.306         137214            0.398        100.0
large_00                189.330662  301980152     693344151  2.296         470014            0.579        100.0
large_01                189.391703  302021421     693628487  2.297         469993            0.579        100.0
large_02                 89.653370  143013261     343824626  2.404         241987            0.594        100.0
large_03                 89.309865  142441761     343828061  2.414         241681            0.593        100.0
large_04                 43.558293   69498614     170937015  2.460         127661            0.620        100.0
large_05                 43.535399   69481028     170923707  2.460         127305            0.619        100.0
n_equals_00               1.173568    1857495       2644969  1.424           6761            1.117        100.0
n_equals_01               1.195194    1893003       2690211  1.421           6735            1.081        100.0
n_equals_02               1.169772    1851225       2701861  1.459           6815            1.090        100.0
n_equals_03               1.153274    1825470       2700115  1.479           6752            1.081        100.0
n_equals_04               1.209801    1915515       2810622  1.467           7201            1.111        100.0
n_equals_05               1.225934    1940838       2825107  1.456           7389            1.135        100.0
n_equals_06               1.225436    1941384       2850124  1.468           7573            1.157        100.0
n_equals_07               1.266898    2007132       2878382  1.434           7808            1.192        100.0
n_equals_08               1.293211    2048986       2903128  1.417           8220            1.268        100.0
n_equals_09               1.320372    2091536       3074701  1.470           8838            1.316        100.0
n_equals_10               1.383688    2191509       3422530  1.562           9045            1.243        100.0
n_equals_11               1.568948    2489458       3991125  1.603          10098            1.282        100.0
n_equals_12               1.796665    2852549       5261962  1.845          11415            1.193        100.0
n_equals_13               2.388154    3795948       7716701  2.033          13763            1.104        100.0
n_equals_14               3.587390    5711171      12736328  2.230          17684            0.953        100.0
n_equals_15               6.088351    9703844      23106451  2.381          26018            0.832        100.0
n_equals_16              11.184271   17837651      43823451  2.457          40375            0.721        100.0
n_equals_17              21.829161   34831070      85976566  2.468          71026            0.670        100.0
n_equals_18              43.455498   69352691     170898685  2.464         127809            0.621        100.0
n_equals_19              89.707298  143066318     343844466  2.403         240658            0.590        100.0
n_equals_20             189.476248  302234615     693374246  2.294         468265            0.577        100.0
small_00                  1.171062    1854097       2651351  1.430           6708            1.101        100.0
small_01                  1.208990    1914279       2696339  1.409           6746            1.081        100.0
small_02                  1.193097    1888751       2664075  1.410           6888            1.126        100.0
small_03                  1.170534    1852536       2698125  1.456           6839            1.095        100.0
small_04                  1.184259    1874680       2653393  1.415           6852            1.129        100.0
small_05                  1.178687    1865318       2641498  1.416           6637            1.097        100.0
small_06                  1.182062    1871030       2692350  1.439           6692            1.073        100.0
small_07                  1.156134    1830565       2638761  1.442           6668            1.104        100.0
small_08                  1.161255    1838767       2691340  1.464           6734            1.081        100.0
small_09                  1.169219    1851226       2663889  1.439           6729            1.101        100.0
small_10                  1.179163    1866946       2698323  1.445           6818            1.092        100.0
small_11                  1.166673    1846022       2690894  1.458           6641            1.066        100.0

submissions/convolution/mul_mod2n_convolution/maspy.cpp
SHA-256: 3ce5d30b8babba05922f26d9f6404a6908f48a998b35ebd76a1dbcbe5293994d
case            task-clock (ms)     cycles  instructions    IPC  branch-misses  branch-miss (%)  running (%)
max (large_01)       222.065615          -             -      -              -                -            -
sum                 1543.017243          -             -      -              -                -            -
example_00             1.029147    1628138       2460432  1.511           6771            1.198        100.0
example_01             1.003509    1586099       2447992  1.543           6617            1.175        100.0
all_zero_00            1.023341    1617916       2448251  1.513           6561            1.165        100.0
all_zero_01            1.076301    1703413       2504592  1.470           6582            1.130        100.0
all_zero_02            1.005308    1588352       2464518  1.552           6659            1.176        100.0
all_zero_03            5.735433    9140293      22428255  2.454          10147            0.418        100.0
ans_zero_00          215.994796  344640333     939137542  2.725         147430            0.164        100.0
ans_zero_01          101.735356  162383838     459396876  2.829          78184            0.179        100.0
large_00             221.938961  354133403     993770477  2.806         379039            0.408        100.0
large_01             222.065615  354343873     993945277  2.805         380076            0.409        100.0
large_02             105.313624  168069850     487351539  2.900         195434            0.430        100.0
large_03             105.259747  167996156     487384025  2.901         194848            0.429        100.0
large_04              51.188554   81696638     236401642  2.894         102785            0.459        100.0
large_05              51.176603   81677885     236396480  2.894         103240            0.461        100.0
n_equals_00            1.042716    1649152       2498306  1.515           6612            1.137        100.0
n_equals_01            1.033284    1634399       2505907  1.533           6670            1.144        100.0
n_equals_02            1.047256    1655827       2495734  1.507           6673            1.152        100.0
n_equals_03            1.032825    1633653       2473934  1.514           6860            1.208        100.0
n_equals_04            1.051081    1662341       2482920  1.494           6851            1.204        100.0
n_equals_05            1.054836    1668442       2495058  1.495           6924            1.214        100.0
n_equals_06            1.035161    1636990       2516095  1.537           6949            1.213        100.0
n_equals_07            1.069321    1691930       2567240  1.517           7146            1.236        100.0
n_equals_08            1.064508    1683766       2658979  1.579           7351            1.251        100.0
n_equals_09            1.112061    1760306       2847793  1.618           7668            1.265        100.0
n_equals_10            1.226524    1942677       3242012  1.669           7913            1.224        100.0
n_equals_11            1.378765    2185554       4020528  1.840           8683            1.206        100.0
n_equals_12            1.732268    2749163       5623671  2.046           9732            1.102        100.0
n_equals_13            2.387088    3795237       8882149  2.340          11280            0.957        100.0
n_equals_14            3.832513    6101988      15503049  2.541          14635            0.812        100.0
n_equals_15            6.799673   10839481      29456536  2.718          21190            0.688        100.0
n_equals_16           12.816885   20442695      57660413  2.821          32793            0.572        100.0
n_equals_17           25.650535   40930784     117011969  2.859          56937            0.509        100.0
n_equals_18           51.239436   81751437     236490286  2.893         104398            0.466        100.0
n_equals_19          105.515499  168315990     487487451  2.896         193695            0.426        100.0
n_equals_20          222.013793  354270961     994574842  2.807         379487            0.407        100.0
small_00               1.009323    1595542       2460134  1.542           6601            1.163        100.0
small_01               1.019264    1610883       2465262  1.530           6643            1.168        100.0
small_02               1.026750    1623480       2501519  1.541           6644            1.142        100.0
small_03               1.026671    1622842       2513322  1.549           6744            1.154        100.0
small_04               1.015837    1605787       2508397  1.562           6663            1.142        100.0
small_05               1.032140    1632305       2496256  1.529           6757            1.167        100.0
small_06               1.042737    1649295       2457716  1.490           6718            1.189        100.0
small_07               1.023289    1617317       2479892  1.533           6899            1.207        100.0
small_08               1.072061    1695779       2502943  1.476           6879            1.185        100.0
small_09               1.012839    1600684       2520399  1.575           6813            1.164        100.0
small_10               1.033126    1633168       2515937  1.541           6821            1.166        100.0
small_11               1.020883    1613893       2515413  1.559           6733            1.151        100.0

submissions/convolution/mul_mod2n_convolution/nor.cpp
SHA-256: baee6bc76c1f6962f6b8651ca31ca048150ab41f0706fab3b9d81b5472b153a0
case            task-clock (ms)     cycles  instructions    IPC  branch-misses  branch-miss (%)  running (%)
max (large_00)       189.648648          -             -      -              -                -            -
sum                 1315.273414          -             -      -              -                -            -
example_00             1.186557    1878905       2664767  1.418           6811            1.113        100.0
example_01             1.180279    1868863       2682696  1.435           6749            1.089        100.0
all_zero_00            1.201834    1903392       2693000  1.415           6733            1.080        100.0
all_zero_01            1.202435    1904146       2649737  1.392           6713            1.107        100.0
all_zero_02            1.211607    1918557       2664768  1.389           6800            1.115        100.0
all_zero_03            4.909050    7820973      16658825  2.130          11211            0.497        100.0
ans_zero_00          177.386819  282847384     620595102  2.194         271228            0.392        100.0
ans_zero_01           83.624497  133356795     306670373  2.300         137929            0.400        100.0
large_00             189.648648  302510383     693327418  2.292         469800            0.579        100.0
large_01             189.226919  301829124     693242944  2.297         469665            0.579        100.0
large_02              89.355962  142520627     343821215  2.412         242143            0.594        100.0
large_03              89.360239  142629135     343809521  2.411         242185            0.594        100.0
large_04              43.502611   69428509     170918765  2.462         127043            0.617        100.0
large_05              43.520037   69439015     170921906  2.461         127342            0.619        100.0
n_equals_00            1.147217    1815739       2695346  1.484           6721            1.077        100.0
n_equals_01            1.154580    1827363       2689911  1.472           6697            1.075        100.0
n_equals_02            1.162781    1841453       2669270  1.450           6681            1.084        100.0
n_equals_03            1.190063    1883347       2701504  1.434           6857            1.097        100.0
n_equals_04            1.214940    1924248       2811113  1.461           7134            1.100        100.0
n_equals_05            1.239154    1962709       2835472  1.445           7531            1.154        100.0
n_equals_06            1.221938    1935096       2848369  1.472           7595            1.162        100.0
n_equals_07            1.245488    1972256       2890630  1.466           7807            1.183        100.0
n_equals_08            1.317405    2086219       2931722  1.405           8219            1.252        100.0
n_equals_09            1.363348    2161114       3120666  1.444           8605            1.248        100.0
n_equals_10            1.413973    2242207       3375837  1.506           9176            1.292        100.0
n_equals_11            1.526137    2420509       3984297  1.646          10070            1.280        100.0
n_equals_12            1.835049    2913931       5230610  1.795          11512            1.220        100.0
n_equals_13            2.403913    3821025       7717742  2.020          13760            1.104        100.0
n_equals_14            3.592293    5718632      12738040  2.227          17605            0.949        100.0
n_equals_15            6.101388    9723814      23152642  2.381          26221            0.836        100.0
n_equals_16           11.170897   17816759      43774833  2.457          40359            0.723        100.0
n_equals_17           21.861718   34882688      85952855  2.464          70589            0.666        100.0
n_equals_18           43.520010   69438130     170954394  2.462         128556            0.624        100.0
n_equals_19           89.421633  142616667     343959295  2.412         241385            0.592        100.0
n_equals_20          189.488812  302271340     693189157  2.293         492446            0.607        100.0
small_00               1.207648    1912759       2646627  1.384           6800            1.123        100.0
small_01               1.185087    1876056       2638329  1.406           6704            1.110        100.0
small_02               1.185163    1876164       2643323  1.409           6661            1.101        100.0
small_03               1.175234    1860895       2695385  1.448           6708            1.075        100.0
small_04               1.182242    1871975       2689725  1.437           6658            1.068        100.0
small_05               1.189595    1882865       2652135  1.409           6881            1.134        100.0
small_06               1.179683    1868328       2683870  1.437           6677            1.077        100.0
small_07               1.187283    1880246       2646832  1.408           6697            1.106        100.0
small_08               1.148297    1817898       2690290  1.480           6679            1.072        100.0
small_09               1.187077    1879111       2643352  1.407           6709            1.109        100.0
small_10               1.168108    1848706       2685097  1.452           6814            1.100        100.0
small_11               1.167766    1848984       2698676  1.460           6796            1.089        100.0

src/convolution/mul_mod2n_convolution/main.cxx
SHA-256: 1c018d5a5efcd005a7fcf791c659df1c93c1f5c73e328c792937bb24e71628b2
case               task-clock (ms)     cycles  instructions    IPC  branch-misses  branch-miss (%)  running (%)
max (n_equals_20)        97.920691          -             -      -              -                -            -
sum                     679.821309          -             -      -              -                -            -
example_00                0.855048    1349556       1759437  1.304           5636            1.447        100.0
example_01                0.810311    1278688       1735172  1.357           5461            1.418        100.0
all_zero_00               0.870984    1374829       1750301  1.273           5536            1.425        100.0
all_zero_01               0.845356    1333676       1752097  1.314           5502            1.416        100.0
all_zero_02               0.846682    1336354       1742179  1.304           5546            1.438        100.0
all_zero_03               2.763140    4394906       8561784  1.948           9000            0.828        100.0
ans_zero_00              90.368679  144036184     271670240  1.886         151719            0.648        100.0
ans_zero_01              41.815571   66734840     134336614  2.013          80049            0.676        100.0
large_00                 97.890900  156063625     297547055  1.907         266421            1.090        100.0
large_01                 97.648873  155662733     297502842  1.911         265725            1.088        100.0
large_02                 45.423241   72409125     147318769  2.035         137892            1.115        100.0
large_03                 45.467208   72531472     147333440  2.031         138476            1.119        100.0
large_04                 21.867120   34875116      73535844  2.109          74084            1.161        100.0
large_05                 21.863240   34885519      73571432  2.109          73799            1.154        100.0
n_equals_00               0.819508    1292352       1771232  1.371           5599            1.420        100.0
n_equals_01               0.841355    1327647       1756739  1.323           5599            1.438        100.0
n_equals_02               0.838647    1323130       1777788  1.344           5659            1.430        100.0
n_equals_03               0.846642    1335556       1813217  1.358           5636            1.381        100.0
n_equals_04               0.836758    1319746       1805240  1.368           5636            1.387        100.0
n_equals_05               0.817096    1288334       1761046  1.367           5689            1.466        100.0
n_equals_06               0.843993    1331897       1811774  1.360           5795            1.435        100.0
n_equals_07               0.853736    1347506       1812421  1.345           6002            1.518        100.0
n_equals_08               0.881938    1391923       1845664  1.326           6122            1.537        100.0
n_equals_09               0.883328    1395239       1907441  1.367           6454            1.599        100.0
n_equals_10               0.928483    1467020       2035026  1.387           6641            1.601        100.0
n_equals_11               0.983972    1556005       2295372  1.475           7108            1.612        100.0
n_equals_12               1.112253    1759346       2792310  1.587           7743            1.612        100.0
n_equals_13               1.489920    2363557       3989586  1.688           9895            1.619        100.0
n_equals_14               2.107735    3349547       6126710  1.829          11823            1.494        100.0
n_equals_15               3.376835    5374458      10640014  1.980          16876            1.401        100.0
n_equals_16               6.003162    9567124      19525464  2.041          24533            1.255        100.0
n_equals_17              11.216220   17888711      37315651  2.086          41079            1.200        100.0
n_equals_18              21.759342   34719682      73539946  2.118          73818            1.155        100.0
n_equals_19              45.097238   71973270     147279164  2.046         137435            1.113        100.0
n_equals_20              97.920691  156093919     297509721  1.906         267812            1.097        100.0
small_00                  0.800565    1262503       1770219  1.402           5689            1.443        100.0
small_01                  0.839251    1324812       1798640  1.358           5728            1.417        100.0
small_02                  0.850949    1342214       1750762  1.304           5517            1.421        100.0
small_03                  0.828979    1307683       1759537  1.346           5602            1.437        100.0
small_04                  0.827894    1305914       1810381  1.386           5583            1.366        100.0
small_05                  0.832675    1314119       1801122  1.371           5568            1.369        100.0
small_06                  0.838161    1322562       1792075  1.355           5583            1.387        100.0
small_07                  0.822125    1296998       1775874  1.369           5603            1.418        100.0
small_08                  0.862737    1361360       1814820  1.333           5685            1.389        100.0
small_09                  0.812583    1282202       1780673  1.389           5701            1.440        100.0
small_10                  0.856842    1352872       1801895  1.332           5690            1.407        100.0
small_11                  0.853343    1346459       1769339  1.314           5678            1.451        100.0
