case                 task-clock (ms)     cycles  instructions    IPC  branch-misses  branch-miss (%)  running (%)
max (max_random_01)        79.828990          -             -      -              -                -            -
sum                       343.224000          -             -      -              -                -            -
example_00                  0.864998    1622062       1592079  0.982           5406            1.577        100.0
example_01                  0.876845    1644425       1621270  0.986           5434            1.535        100.0
max_random_00              79.615197  150785773     307339916  2.038          86303            0.544        100.0
max_random_01              79.828990  151108733     307399867  2.034          86234            0.544        100.0
medium_00                   2.669372    5042197       8614252  1.708           9501            1.358        100.0
medium_01                   2.819847    5327660       8800182  1.652           9779            1.326        100.0
medium_02                   2.690761    5081523       8627889  1.698           9478            1.339        100.0
random_00                  73.233986  138652411     288010855  2.077          70954            0.503        100.0
random_01                  76.651620  145145532     298310046  2.055          79896            0.532        100.0
random_02                   9.657226   18287674      34949596  1.911          17343            0.795        100.0
small_00                    0.902918    1694684       1637140  0.966           5543            1.567        100.0
small_01                    0.900157    1688496       1644049  0.974           5640            1.614        100.0
small_02                    0.900030    1688713       1667911  0.988           5745            1.607        100.0
small_03                    0.892510    1674542       1664420  0.994           5677            1.590        100.0
small_04                    0.876504    1643589       1616099  0.983           5490            1.560        100.0
small_05                    0.911424    1709833       1646783  0.963           5649            1.616        100.0
small_06                    0.880709    1650775       1612183  0.977           5433            1.550        100.0
small_07                    0.912573    1712320       1667921  0.974           5769            1.615        100.0
small_08                    0.886736    1662761       1653999  0.995           5638            1.579        100.0
small_09                    0.913816    1714158       1661122  0.969           5696            1.608        100.0
small_10                    0.889862    1668909       1648265  0.988           5602            1.572        100.0
small_11                    0.903067    1693986       1662372  0.981           5635            1.590        100.0
small_12                    0.894731    1678028       1650384  0.984           5629            1.578        100.0
small_13                    0.916565    1719452       1651513  0.960           5709            1.629        100.0
small_14                    0.860217    1613195       1633576  1.013           5536            1.558        100.0
small_15                    0.873339    1638212       1611371  0.984           5416            1.540        100.0
