2026-10-01 lenovo / Intel(R) Core(TM) i5-10210U CPU @ 1.60GHz
Two complete passes; per binary/case minimum task-clock; all counters from that same run.
Cases: 28, including examples. Units: ms. No CPU pinning.
Compiler: g++ (GCC) 16.2.1 20260819 (Red Hat 16.2.1-2); rustc 1.98.1 (48a229cea 2026-09-01)
Build host: master; glibc 2.43
Environment: Linux 7.2.8-200.fc44.x86_64; affinity [0, 1, 2, 3]; stack 268435456 bytes; bench_env OK.
cxx_flags.txt: -std=c++23 -DEVAL -DONLINE_JUDGE -Iinclude -O3 -fwhole-program -fno-exceptions -fno-rtti -march=x86-64-v3 -fno-pie -no-pie -nostdlib++ -static -lm -s
cpp_flags.txt: -std=c++23 -DEVAL -DONLINE_JUDGE -Iac-library -include cassert -O3 -fwhole-program -fno-exceptions -fno-rtti -march=x86-64-v3 -fno-pie -no-pie -static -lgmp -s
rust_flags.txt: -C opt-level=3 -C codegen-units=1 -C lto=fat -C panic=abort -C target-cpu=x86-64-v3 -C target-feature=+crt-static -C relocation-model=static -C link-arg=-Wl,-u,__cxa_thread_atexit_impl -C strip=symbols

solution                                max (ms)       sum (ms)
Nachia                                   851.839945    7826.448054
Rohan_Kapri                              323.907685    2951.311847
Yuezheng_Ling_fans                       796.226285    7298.604399
cmk666                                   324.111848    2950.969391
kaichou243__                             651.196206    6000.991048
main                                     285.176703    2333.825057

submissions/polynomial/compositional_inverse_of_formal_power_series_large/Nachia.cpp
SHA-256: 88a03645cdc145a9fac0b7fbb2a85115434e1ff1184f51e08bb82496e151134f
case                 task-clock (ms)      cycles  instructions    IPC  branch-misses  branch-miss (%)  running (%)
max (max_random_01)       851.839945           -             -      -              -                -            -
sum                      7826.448054           -             -      -              -                -            -
example_00                  1.045335     1652811       2466340  1.492           7252            1.278        100.0
identity_00                 1.037204     1639920       2446083  1.492           6850            1.212        100.0
max_identity_00           844.085951  1347220680    3971468339  2.948         408137            0.291        100.0
max_random_00             851.313176  1358782373    4012769514  2.953         434915            0.295        100.0
max_random_01             851.839945  1359623416    4012805032  2.951         440167            0.299        100.0
max_random_02             851.772187  1359507673    4012805887  2.952         445002            0.302        100.0
max_random_03             851.728799  1359435037    4012834704  2.952         446557            0.303        100.0
max_random_04             851.541226  1359137690    4012941285  2.953         435925            0.296        100.0
mid_00                     36.908285    58887266     171236337  2.908          36980            0.503        100.0
mid_01                     36.820421    58759871     170850506  2.908          37413            0.513        100.0
mid_02                     36.781654    58697666     170789443  2.910          36827            0.506        100.0
mid_03                     17.357544    27692455      78809667  2.846          24942            0.646        100.0
mid_04                     37.256051    59456310     172668077  2.904          37764            0.498        100.0
random_00                 850.938349  1358183081    4010731860  2.953         428952            0.292        100.0
random_01                 840.677145  1341746022    3967524876  2.957         424604            0.303        100.0
random_02                 388.126454   619483380    1828624416  2.952         222710            0.325        100.0
random_03                 385.278295   614927598    1815302922  2.952         217619            0.328        100.0
random_04                  81.470190   130022855     380800740  2.929          63222            0.402        100.0
small_degree_00             1.013193     1602167       2415377  1.508           6847            1.234        100.0
small_degree_01             1.043274     1650084       2466008  1.494           7022            1.230        100.0
small_degree_02             1.013576     1602648       2428085  1.515           7089            1.274        100.0
small_degree_03             1.043462     1650695       2484653  1.505           7306            1.276        100.0
small_degree_04             1.035928     1637952       2451761  1.497           7357            1.315        100.0
small_degree_05             1.047033     1656270       2487645  1.502           7392            1.289        100.0
small_degree_06             1.051312     1662018       2469000  1.486           7511            1.328        100.0
small_degree_07             1.074780     1699750       2499947  1.471           7670            1.353        100.0
small_degree_08             1.084828     1716446       2507620  1.461           7776            1.369        100.0
small_degree_09             1.062457     1680830       2534279  1.508           7624            1.315        100.0

submissions/polynomial/compositional_inverse_of_formal_power_series_large/Rohan_Kapri.cpp
SHA-256: c62024a7eb9f2abf0f96c1adda0df0e6a659f6808b91e311fed024e8eb9048b7
case                 task-clock (ms)     cycles  instructions    IPC  branch-misses  branch-miss (%)  running (%)
max (max_random_01)       323.907685          -             -      -              -                -            -
sum                      2951.311847          -             -      -              -                -            -
example_00                  1.109908    1755824       2529905  1.441           7096            1.220        100.0
identity_00                 1.069945    1692620       2533657  1.497           6844            1.169        100.0
max_identity_00           322.133596  514092048    1172817877  2.281         138850            0.288        100.0
max_random_00             323.673624  516487752    1178346907  2.281         169838            0.351        100.0
max_random_01             323.907685  516863876    1179110133  2.281         170456            0.351        100.0
max_random_02             323.630892  516446863    1179041028  2.283         170498            0.351        100.0
max_random_03             323.492511  516210844    1178674217  2.283         170506            0.352        100.0
max_random_04             323.651900  516510788    1179128409  2.283         169835            0.350        100.0
mid_00                     13.135359   20952092      49084196  2.343          17783            0.637        100.0
mid_01                     12.946101   20649545      48513150  2.349          17131            0.623        100.0
mid_02                     12.984119   20711170      48346455  2.334          17106            0.620        100.0
mid_03                      6.626679   10562655      23880821  2.261          13796            0.827        100.0
mid_04                     13.619106   21711164      50660655  2.333          18447            0.637        100.0
random_00                 322.293805  514344146    1172656512  2.280         168976            0.349        100.0
random_01                 305.454516  487440062    1112576459  2.282         148242            0.326        100.0
random_02                 143.237620  228575759     525063912  2.297          84723            0.375        100.0
random_03                 138.123848  220438188     507135009  2.301          77255            0.356        100.0
random_04                  29.453630   47001414     110564754  2.352          27577            0.498        100.0
small_degree_00             1.050124    1660892       2511158  1.512           6931            1.202        100.0
small_degree_01             1.057277    1672407       2544414  1.521           6818            1.157        100.0
small_degree_02             1.074957    1701037       2515670  1.479           7075            1.227        100.0
small_degree_03             1.066800    1688417       2552223  1.512           7064            1.197        100.0
small_degree_04             1.064845    1684600       2563625  1.522           7261            1.227        100.0
small_degree_05             1.094974    1733063       2527931  1.459           7180            1.241        100.0
small_degree_06             1.053902    1666458       2523961  1.515           7125            1.233        100.0
small_degree_07             1.109147    1754830       2525592  1.439           7211            1.255        100.0
small_degree_08             1.103808    1746277       2579745  1.477           7357            1.241        100.0
small_degree_09             1.091169    1726094       2531614  1.467           7162            1.245        100.0

submissions/polynomial/compositional_inverse_of_formal_power_series_large/Yuezheng_Ling_fans.cpp
SHA-256: 86645f8da11606edff6a5c3412c09b916a67179089ef5821c2ca52c043c5f933
case                 task-clock (ms)      cycles  instructions    IPC  branch-misses  branch-miss (%)  running (%)
max (max_random_02)       796.226285           -             -      -              -                -            -
sum                      7298.604399           -             -      -              -                -            -
example_00                  1.047906     1657703       2489500  1.502           7491            1.304        100.0
identity_00                 1.025837     1621132       2428793  1.498           6643            1.183        100.0
max_identity_00           788.337553  1258296004    4467278372  3.550         791856            0.308        100.0
max_random_00             795.501483  1269715598    4517318816  3.558         819648            0.308        100.0
max_random_01             796.225463  1270872379    4517186202  3.554         826670            0.310        100.0
max_random_02             796.226285  1270820275    4517348852  3.555         825145            0.310        100.0
max_random_03             795.882567  1270319930    4517337681  3.556         827476            0.310        100.0
max_random_04             796.027497  1270564741    4517215430  3.555         816708            0.306        100.0
mid_00                     33.158551    52915358     183772626  3.473          56190            0.493        100.0
mid_01                     33.093819    52810425     183201701  3.469          59375            0.526        100.0
mid_02                     33.084512    52797132     183055165  3.467          56519            0.502        100.0
mid_03                     15.508014    24739962      83726075  3.384          34018            0.603        100.0
mid_04                     33.576017    53581513     186220063  3.475          57423            0.483        100.0
random_00                 795.698183  1270046390    4513818284  3.554         820165            0.308        100.0
random_01                 783.797390  1250988193    4441177060  3.550         814951            0.324        100.0
random_02                 359.800896   574265344    2036003316  3.545         400200            0.334        100.0
random_03                 356.059022   568303529    2014252490  3.544         398121            0.344        100.0
random_04                  74.112352   118260309     416018855  3.518         102865            0.399        100.0
small_degree_00             0.990447     1565722       2461612  1.572           6875            1.202        100.0
small_degree_01             1.022776     1617089       2458206  1.520           6982            1.224        100.0
small_degree_02             1.041158     1647228       2464812  1.496           7097            1.240        100.0
small_degree_03             1.057712     1672830       2480099  1.483           7454            1.306        100.0
small_degree_04             1.053911     1667980       2445798  1.466           7507            1.347        100.0
small_degree_05             1.059426     1675831       2444951  1.459           7342            1.318        100.0
small_degree_06             1.063164     1681857       2438350  1.450           7332            1.318        100.0
small_degree_07             1.049214     1658464       2508126  1.512           7903            1.396        100.0
small_degree_08             1.047727     1657468       2507579  1.513           7912            1.398        100.0
small_degree_09             1.055517     1669256       2508987  1.503           8006            1.414        100.0

submissions/polynomial/compositional_inverse_of_formal_power_series_large/cmk666.cpp
SHA-256: c62024a7eb9f2abf0f96c1adda0df0e6a659f6808b91e311fed024e8eb9048b7
case                 task-clock (ms)     cycles  instructions    IPC  branch-misses  branch-miss (%)  running (%)
max (max_random_01)       324.111848          -             -      -              -                -            -
sum                      2950.969391          -             -      -              -                -            -
example_00                  1.110399    1757023       2525063  1.437           7204            1.246        100.0
identity_00                 1.093353    1729094       2516353  1.455           6935            1.200        100.0
max_identity_00           322.028948  513815775    1172336585  2.282         139470            0.290        100.0
max_random_00             323.261628  515835013    1178349222  2.284         168573            0.349        100.0
max_random_01             324.111848  517189343    1179138088  2.280         170182            0.351        100.0
max_random_02             323.906529  516907139    1179072695  2.281         169715            0.350        100.0
max_random_03             323.540893  516300914    1179459293  2.284         169325            0.348        100.0
max_random_04             323.953001  516982892    1179253935  2.281         169422            0.349        100.0
mid_00                     13.176556   21017750      49083649  2.335          17397            0.623        100.0
mid_01                     12.965883   20681313      48521451  2.346          16926            0.615        100.0
mid_02                     12.889381   20559850      48347706  2.352          17121            0.620        100.0
mid_03                      6.623675   10558064      23862937  2.260          13705            0.824        100.0
mid_04                     13.650246   21773732      50630030  2.325          18257            0.632        100.0
random_00                 323.686599  516551331    1173025009  2.271         169818            0.350        100.0
random_01                 303.910965  484952991    1112294244  2.294         147953            0.325        100.0
random_02                 143.210312  228589146     525033484  2.297          84232            0.373        100.0
random_03                 137.595390  219599357     507115387  2.309          77018            0.355        100.0
random_04                  29.456738   47006007     110574763  2.352          27931            0.505        100.0
small_degree_00             1.063700    1682992       2537560  1.508           6823            1.164        100.0
small_degree_01             1.029625    1628648       2544948  1.563           6903            1.171        100.0
small_degree_02             1.087943    1721826       2544159  1.478           6969            1.187        100.0
small_degree_03             1.088069    1721747       2521119  1.464           7061            1.223        100.0
small_degree_04             1.060825    1677893       2561413  1.527           7195            1.217        100.0
small_degree_05             1.104851    1748525       2525930  1.445           7220            1.249        100.0
small_degree_06             1.071088    1694640       2526402  1.491           7153            1.237        100.0
small_degree_07             1.083775    1714281       2526667  1.474           7360            1.281        100.0
small_degree_08             1.094510    1730982       2540614  1.468           7248            1.252        100.0
small_degree_09             1.112661    1760855       2569409  1.459           7382            1.253        100.0

submissions/polynomial/compositional_inverse_of_formal_power_series_large/kaichou243__.cpp
SHA-256: dfad9b021749b9ebd5568f284cba1741dc64faaaadc80f8bc6357a5a2b5622e0
case             task-clock (ms)      cycles  instructions    IPC  branch-misses  branch-miss (%)  running (%)
max (random_00)       651.196206           -             -      -              -                -            -
sum                  6000.991048           -             -      -              -                -            -
example_00              1.162400     1839452       2723979  1.481           7459            1.211        100.0
identity_00             1.098022     1737338       2705442  1.557           6792            1.095        100.0
max_identity_00       645.716659  1030621804    2473911962  2.400         342091            0.230        100.0
max_random_00         650.867094  1038851075    2501826614  2.408         378842            0.249        100.0
max_random_01         650.710045  1038596702    2501859639  2.409         378634            0.249        100.0
max_random_02         650.913489  1038915431    2501863275  2.408         384081            0.253        100.0
max_random_03         650.900300  1038905972    2501851982  2.408         378654            0.249        100.0
max_random_04         651.122082  1039233040    2501787427  2.407         385254            0.254        100.0
mid_00                 29.054148    46363475     116435784  2.511          36257            0.449        100.0
mid_01                 29.050944    46346155     116328265  2.510          35049            0.435        100.0
mid_02                 28.897988    46114069     116253440  2.521          35226            0.438        100.0
mid_03                 13.675605    21814885      55079042  2.525          24353            0.589        100.0
mid_04                 29.077715    46400878     117044355  2.522          35894            0.441        100.0
random_00             651.196206  1039377897    2501681698  2.407         387751            0.255        100.0
random_01             647.093677  1032800594    2483390315  2.405         359787            0.240        100.0
random_02             298.737747   476829267    1161482092  2.436         190446            0.264        100.0
random_03             297.479343   474810012    1155975702  2.435         195297            0.274        100.0
random_04              62.858926   100294758     251334204  2.506          60773            0.366        100.0
small_degree_00         1.120421     1773125       2664897  1.503           6762            1.120        100.0
small_degree_01         1.118811     1770899       2724838  1.539           7046            1.131        100.0
small_degree_02         1.110648     1757813       2724447  1.550           7087            1.139        100.0
small_degree_03         1.140336     1805246       2692978  1.492           7465            1.233        100.0
small_degree_04         1.132116     1791697       2697119  1.505           7423            1.225        100.0
small_degree_05         1.150731     1821462       2746099  1.508           7541            1.208        100.0
small_degree_06         1.125195     1780465       2713432  1.524           7526            1.230        100.0
small_degree_07         1.134214     1794748       2796196  1.558           7997            1.272        100.0
small_degree_08         1.172687     1856643       2763766  1.489           8034            1.305        100.0
small_degree_09         1.173499     1857912       2760595  1.486           8172            1.333        100.0

src/polynomial/compositional_inverse_of_formal_power_series_large/main.cxx
SHA-256: 6f61d63e51c6e645b3f29a2608a6097e55c96b6f002b3e6c590be2f3292f67a5
case                 task-clock (ms)     cycles  instructions    IPC  branch-misses  branch-miss (%)  running (%)
max (max_random_03)       285.176703          -             -      -              -                -            -
sum                      2333.825057          -             -      -              -                -            -
example_00                  0.852340    1345509       1776525  1.320           5551            1.403        100.0
identity_00                 0.829927    1309512       1787970  1.365           5564            1.389        100.0
max_identity_00             2.421555    3849312       8259408  2.146           6577            0.421        100.0
max_random_00             285.167272  455127664     981488049  2.157          65386            0.226        100.0
max_random_01             285.141772  455084364     981483047  2.157          65132            0.225        100.0
max_random_02             285.006726  454860626     981469678  2.158          69532            0.240        100.0
max_random_03             285.176703  455168508     981460102  2.156          65604            0.227        100.0
max_random_04             285.081454  455016985     981473781  2.157          66106            0.229        100.0
mid_00                     12.489195   19921403      41752827  2.096          12371            0.718        100.0
mid_01                     12.369145   19729819      41370746  2.097          12381            0.730        100.0
mid_02                     12.409902   19794068      41402987  2.092          12785            0.748        100.0
mid_03                      6.377358   10164333      20633359  2.030          10529            0.961        100.0
mid_04                     12.980171   20705317      43386379  2.095          13367            0.736        100.0
random_00                 284.762881  454502768     980748060  2.158          67351            0.234        100.0
random_01                 272.070452  434216715     934253155  2.152          56179            0.214        100.0
random_02                 129.544874  206735770     445143914  2.153          37911            0.274        100.0
random_03                 124.574816  198842223     429498757  2.160          32272            0.250        100.0
random_04                  28.084164   44814866      95191810  2.124          16895            0.491        100.0
small_degree_00             0.848284    1338472       1740029  1.300           5386            1.393        100.0
small_degree_01             0.846523    1334436       1780580  1.334           5469            1.379        100.0
small_degree_02             0.844388    1332150       1813871  1.362           5620            1.373        100.0
small_degree_03             0.841058    1327462       1830201  1.379           5714            1.385        100.0
small_degree_04             0.799652    1261585       1815219  1.439           5692            1.390        100.0
small_degree_05             0.827068    1305514       1833463  1.404           5683            1.377        100.0
small_degree_06             0.855410    1349883       1790899  1.327           5588            1.404        100.0
small_degree_07             0.856123    1351743       1836537  1.359           5803            1.405        100.0
small_degree_08             0.878028    1384667       1792150  1.294           5783            1.462        100.0
small_degree_09             0.887816    1402232       1836710  1.310           5786            1.410        100.0
