case                 task-clock (ms)     cycles  instructions    IPC  branch-misses  branch-miss (%)  running (%)
max (max_random_00)        56.113634          -             -      -              -                -            -
sum                       343.781810          -             -      -              -                -            -
example_00                  0.870496    1632672       1592457  0.975           5394            1.571        100.0
example_01                  0.895026    1677830       1624837  0.968           5594            1.592        100.0
large_cycle_00             24.664469   46737212      48305461  1.034          13512            0.178        100.0
max_random_00              56.113634  106352370      78493617  0.738         573706            4.711        100.0
max_random_01              54.963207  104052237      78320585  0.753         569281            4.684        100.0
max_random_02              55.778895  105717894      78228622  0.740         572699            4.724        100.0
random_1_00                35.113447   66545275      54243058  0.815         440426            5.225        100.0
random_1_01                37.370515   70803659      59469859  0.840         417991            4.506        100.0
random_1_02                20.858943   39523095      33214694  0.840         246399            4.812        100.0
random_2_00                 9.191711   17393392      16978143  0.976         112368            4.346        100.0
random_2_01                 2.765882    5224896       5346795  1.023          31561            3.537        100.0
random_2_02                13.429049   25438267      24242907  0.953         154993            4.253        100.0
random_2_03                18.790769   35602783      33275924  0.935         206148            4.163        100.0
random_2_04                 7.619751   14424827      14035408  0.973          91663            4.253        100.0
small_random_1_00           0.873916    1637780       1609952  0.983           5665            1.638        100.0
small_random_1_01           0.884600    1659176       1605245  0.967           5463            1.582        100.0
small_random_1_02           0.889215    1666797       1637567  0.982           5892            1.680        100.0
small_random_2_00           0.892923    1674808       1637734  0.978           5746            1.639        100.0
small_random_2_01           0.891001    1671087       1653728  0.990           5946            1.685        100.0
small_random_2_02           0.924361    1734058       1701526  0.981           6341            1.740        100.0
