case                  task-clock (ms)     cycles  instructions    IPC  branch-misses  branch-miss (%)  running (%)
max (max_random_01)         66.433637          -             -      -              -                -            -
sum                       1463.420822          -             -      -              -                -            -
example_00                   0.862865    1616908       1633065  1.010           5511            1.545        100.0
example_01                   0.808689    1514786       1625920  1.073           5432            1.541        100.0
all_same_00                 59.856048  113355382     200765601  1.771          28959            0.228        100.0
all_same_01                 64.306561  121806715     217346893  1.784          25540            0.196        100.0
all_same_02                 63.048150  119418663     217201704  1.819          24424            0.188        100.0
all_same_03                 62.906965  119158648     216880108  1.820          24443            0.189        100.0
fft_killer_00               63.259175  119839066     216364532  1.805          23634            0.184        100.0
fft_killer_01               63.290223  119877773     216634495  1.807          24342            0.189        100.0
fft_killer_02               63.170999  119632238     216618826  1.811          25248            0.196        100.0
fft_killer_03               63.425638  120075139     216797816  1.806          25154            0.195        100.0
fft_killer_04               62.912187  119146291     216245951  1.815          24470            0.191        100.0
fft_killer_05               63.031856  119409191     216220244  1.811          23297            0.182        100.0
fft_killer_06               63.017862  119330850     216256667  1.812          24260            0.189        100.0
fft_killer_07               63.007792  119362652     216227862  1.812          23021            0.180        100.0
fft_killer_08               63.345140  119941617     216546731  1.805          25550            0.198        100.0
fft_killer_09               64.788735  122717267     219165921  1.786          29306            0.218        100.0
max_ans_zero_00             65.056366  123246011     215757295  1.751         174454            1.361        100.0
max_random_00               65.797095  124649911     216735219  1.739         178148            1.368        100.0
max_random_01               66.433637  125857049     218146896  1.733         179039            1.342        100.0
medium_00                    2.048576    3864639       4876912  1.262           9198            1.388        100.0
medium_01                    1.535244    2892486       3475503  1.202           7952            1.470        100.0
medium_02                    1.958586    3695180       4706605  1.274           8408            1.296        100.0
medium_all_zero_00           1.872542    3531327       4393550  1.244           7203            1.108        100.0
random_00                   59.532037  112774108     192961836  1.711         140378            1.282        100.0
random_01                   62.373342  118140657     200486922  1.697         151958            1.306        100.0
random_02                   30.129268   57038577      98874385  1.733          79739            1.333        100.0
signed_overflow_00           0.867143    1626143       1668917  1.026           5928            1.637        100.0
small_00                     0.822477    1541248       1634558  1.061           5460            1.535        100.0
small_01                     0.858349    1608583       1615036  1.004           5472            1.570        100.0
small_02                     0.874053    1637988       1643171  1.003           5382            1.500        100.0
small_03                     0.810702    1519146       1615369  1.063           5365            1.540        100.0
small_04                     0.880759    1651941       1649892  0.999           5588            1.553        100.0
small_05                     0.846663    1586427       1639889  1.034           5359            1.496        100.0
small_06                     0.883219    1656368       1629819  0.984           5418            1.522        100.0
small_07                     0.848633    1589792       1617427  1.017           5536            1.586        100.0
small_08                     0.852189    1596527       1644118  1.030           5464            1.522        100.0
small_09                     0.817946    1532901       1610122  1.050           5280            1.520        100.0
small_10                     0.832856    1560743       1646188  1.055           5469            1.522        100.0
small_11                     0.846927    1587231       1618099  1.019           5475            1.569        100.0
small_12                     0.824179    1543982       1643913  1.065           5280            1.472        100.0
small_13                     0.819755    1536394       1621107  1.055           5529            1.582        100.0
small_14                     0.828403    1552303       1611728  1.038           5323            1.531        100.0
small_15                     0.834605    1564220       1635452  1.046           5473            1.538        100.0
small_and_large_00          51.918737   98342663     164723498  1.675          96403            1.170        100.0
small_and_large_01          51.394427   97348771     164791169  1.693          96857            1.175        100.0
small_and_large_02          51.721680   97970483     164719135  1.681          97099            1.179        100.0
small_and_large_03          51.400215   97341140     164822408  1.693          96191            1.166        100.0
unsigned_overflow_00         0.861327    1614516       1648415  1.021           5644            1.579        100.0
