case                 task-clock (ms)     cycles  instructions    IPC  branch-misses  branch-miss (%)  running (%)
max (max_random_03)        95.755997          -             -      -              -                -            -
sum                       747.182490          -             -      -              -                -            -
example_00                  1.076132    2020913       1699595  0.841           6494            1.780        100.0
max_random_00              95.615274  181093668     352321050  1.946        1362832            6.832        100.0
max_random_01              95.424803  180752607     351556854  1.945        1361785            6.877        100.0
max_random_02              95.623640  181089864     351617477  1.942        1363613            6.884        100.0
max_random_03              95.755997  181328766     351589755  1.939        1363422            6.883        100.0
max_random_04              95.661894  181121860     351638583  1.941        1361982            6.874        100.0
random_00                  77.518631  146790565     286589757  1.952        1109678            6.855        100.0
random_01                  81.143728  153641520     298058722  1.940        1112889            6.568        100.0
random_02                  54.985342  104153671     200656133  1.927        1002535            8.416        100.0
random_03                  21.497096   40733016      73469648  1.804          79950            1.682        100.0
random_04                  27.000826   51144580      95091264  1.859         279684            4.816        100.0
small_00                    1.189248    2237010       2056077  0.919           8083            2.014        100.0
small_01                    1.142678    2147871       2059823  0.959           8061            2.001        100.0
small_02                    1.174347    2207792       2054467  0.931           7932            1.980        100.0
small_03                    1.202483    2260187       2062695  0.913           8055            1.999        100.0
small_04                    1.170371    2200775       2062878  0.937           8043            1.997        100.0
