2026-10-01 lenovo / Intel(R) Core(TM) i5-10210U CPU @ 1.60GHz
Two complete passes; per binary/case minimum task-clock; all counters from that same run.
Cases: 37, including examples. Units: ms. No CPU pinning.
Compiler: g++ (GCC) 16.2.1 20260819 (Red Hat 16.2.1-2); rustc 1.98.1 (48a229cea 2026-09-01)
Build host: master; glibc 2.43
Environment: Linux 7.2.8-200.fc44.x86_64; affinity [0, 1, 2, 3]; stack 268435456 bytes; bench_env OK.
cxx_flags.txt: -std=c++23 -DEVAL -DONLINE_JUDGE -Iinclude -O3 -fwhole-program -fno-exceptions -fno-rtti -march=x86-64-v3 -fno-pie -no-pie -nostdlib++ -static -lm -s
cpp_flags.txt: -std=c++23 -DEVAL -DONLINE_JUDGE -Iac-library -include cassert -O3 -fwhole-program -fno-exceptions -fno-rtti -march=x86-64-v3 -fno-pie -no-pie -static -lgmp -s
rust_flags.txt: -C opt-level=3 -C codegen-units=1 -C lto=fat -C panic=abort -C target-cpu=x86-64-v3 -C target-feature=+crt-static -C relocation-model=static -C link-arg=-Wl,-u,__cxa_thread_atexit_impl -C strip=symbols

solution                                max (ms)       sum (ms)
Anonymous                                152.809921    1638.239838
L1ngYu                                   139.094714    1369.752100
QedDust413                               168.102776    1814.686195
Rohan_Kapri                              131.721092    1413.677195
rogeryoungh                              131.660445    1413.238685
main                                     120.586129    1091.220707

submissions/polynomial/pow_of_formal_power_series/Anonymous.cpp
SHA-256: af0702391a59a40d149ec252270c4e0df176a58fb33dbea40f08f3a22841b7aa
case                     task-clock (ms)     cycles  instructions    IPC  branch-misses  branch-miss (%)  running (%)
max (binary_exp_max_00)       152.809921          -             -      -              -                -            -
sum                          1638.239838          -             -      -              -                -            -
example_00                      1.082476    1712783       2476785  1.446           7230            1.271        100.0
example_01                      1.086881    1720071       2513384  1.461           7176            1.232        100.0
example_02                      1.070326    1693494       2510828  1.483           7099            1.220        100.0
M_zero_00                      11.093240   17691854      44710370  2.527          54132            0.682        100.0
M_zero_01                      12.978244   20701340      52564770  2.539          63051            0.678        100.0
all_zero_00                     8.573448   13670656      32798710  2.399           8680            0.130        100.0
all_zero_01                     9.907297   15799353      38391953  2.430           8627            0.110        100.0
binary_exp_max_00             152.809921  243913632     492167282  2.018         142984            0.599        100.0
hack_00                         1.039185    1642981       2521738  1.535           7300            1.250        100.0
lower_deg_zero2_00            126.422075  201763052     408895345  2.027         132156            0.617        100.0
lower_deg_zero2_01             99.421049  158690328     325415825  2.051         117417            0.629        100.0
lower_deg_zero2_02             90.465141  144377224     297731338  2.062         111762            0.627        100.0
lower_deg_zero2_03             16.875068   26922649      66268865  2.461          71927            0.699        100.0
lower_deg_zero_00              11.544765   18413901      45765648  2.485          26275            0.296        100.0
lower_deg_zero_01              13.739585   21917579      56178819  2.563          66003            0.663        100.0
lower_deg_zero_02              10.752431   17149259      42124932  2.456          12237            0.144        100.0
lower_deg_zero_03              11.229580   17910971      44371006  2.477          20895            0.240        100.0
lower_deg_zero_04              12.607216   20109374      50776548  2.525          45729            0.487        100.0
lower_deg_zero_05              12.898723   20575560      52206231  2.537          50903            0.533        100.0
lower_deg_zero_06              13.257443   21148277      53861412  2.547          57083            0.587        100.0
lower_deg_zero_07              11.537070   18400760      45590019  2.478          25751            0.291        100.0
max_random_00                 152.375285  243202734     492172060  2.024         142727            0.598        100.0
max_random_01                 152.390905  243190325     491802432  2.022         144326            0.607        100.0
max_random_02                 152.565933  243524119     492003168  2.020         143292            0.601        100.0
monomial_00                    10.274292   16386043      40331693  2.461           9019            0.109        100.0
monomial_01                    10.491453   16733616      40911751  2.445           9118            0.109        100.0
monomial_02                    10.113558   16129599      39864841  2.472           8946            0.108        100.0
monomial_03                    10.354753   16513894      40594278  2.458           8767            0.105        100.0
monomial_ans_low_deg_00       108.464019  173125138     347494550  2.007          23224            0.128        100.0
monomial_ans_low_deg_01        21.597028   34459686      75683598  2.196          14510            0.158        100.0
monomial_ans_low_deg_02         4.229066    6735290      13253603  1.968          10884            0.655        100.0
monomial_ans_low_deg_03       102.051064  162856769     324814187  1.994          23201            0.129        100.0
overflow_killer_00              1.042081    1648385       2485086  1.508           7014            1.220        100.0
overflow_killer_01              1.054157    1668130       2521498  1.512           7053            1.202        100.0
random_00                     113.225160  180706520     366796018  2.030         114334            0.634        100.0
random_01                     141.753999  226233942     458445333  2.026         134091            0.606        100.0
random_02                      15.865921   25311193      51245169  2.025          26835            0.899        100.0

submissions/polynomial/pow_of_formal_power_series/L1ngYu.cpp
SHA-256: c3d9aaa36eab43591feb6829ebd64d4efbbd025bff72d5576986a802399eceaf
case                     task-clock (ms)     cycles  instructions    IPC  branch-misses  branch-miss (%)  running (%)
max (binary_exp_max_00)       139.094714          -             -      -              -                -            -
sum                          1369.752100          -             -      -              -                -            -
example_00                      0.868282    1370298       1877532  1.370           5520            1.306        100.0
example_01                      0.876961    1384790       1877490  1.356           5808            1.381        100.0
example_02                      0.862290    1360758       1878781  1.381           5469            1.294        100.0
M_zero_00                       5.061402    8064191      18272120  2.266           7007            0.175        100.0
M_zero_01                       5.853763    9328413      21391130  2.293           7192            0.154        100.0
all_zero_00                     9.700107   15469505      50401217  3.258           7525            0.066        100.0
all_zero_01                    11.316920   18050303      59509718  3.297           7557            0.056        100.0
binary_exp_max_00             139.094714  221908371     510424783  2.300         137218            0.295        100.0
hack_00                         0.886559    1399889       1883855  1.346           5721            1.350        100.0
lower_deg_zero2_00            116.696380  186219393     437295893  2.348         126656            0.297        100.0
lower_deg_zero2_01             93.634600  149438522     363685799  2.434         113083            0.293        100.0
lower_deg_zero2_02             81.135961  129450880     323050965  2.496         104515            0.287        100.0
lower_deg_zero2_03             23.303289   37184029     128947331  3.468          63155            0.248        100.0
lower_deg_zero_00              14.720353   23483269      80738538  3.438          22782            0.129        100.0
lower_deg_zero_01              20.526242   32751213     119140159  3.638          57527            0.233        100.0
lower_deg_zero_02              12.617446   20126348      67336820  3.346          10720            0.071        100.0
lower_deg_zero_03              13.881500   22144590      75705249  3.419          18132            0.109        100.0
lower_deg_zero_04              17.511869   27938546      99314235  3.555          39783            0.189        100.0
lower_deg_zero_05              18.252599   29121430     104406564  3.585          44269            0.201        100.0
lower_deg_zero_06              19.200993   30635118     110545885  3.608          49776            0.215        100.0
lower_deg_zero_07              14.607607   23303375      80137964  3.439          22304            0.127        100.0
max_random_00                 138.949552  221686842     510929445  2.305         137130            0.294        100.0
max_random_01                 139.054917  221820024     510076096  2.300         137128            0.296        100.0
max_random_02                 138.332871  220700430     510016427  2.311         137570            0.297        100.0
monomial_00                    11.812236   18841145      61372737  3.257           7724            0.057        100.0
monomial_01                    11.947387   19056790      62992120  3.305           7866            0.056        100.0
monomial_02                    11.576989   18466016      59737204  3.235           7642            0.059        100.0
monomial_03                    11.821492   18855644      62212481  3.299           7675            0.055        100.0
monomial_ans_low_deg_00        11.242886   17932436      54279628  3.027           7820            0.068        100.0
monomial_ans_low_deg_01        10.909938   17399524      55432736  3.186           7658            0.065        100.0
monomial_ans_low_deg_02         2.138533    3398061       8216803  2.418           6473            0.365        100.0
monomial_ans_low_deg_03        11.889422   18963666      57956820  3.056           8003            0.065        100.0
overflow_killer_00              0.850593    1341593       1867622  1.392           5605            1.338        100.0
overflow_killer_01              0.859967    1357401       1888773  1.391           5711            1.344        100.0
random_00                     104.526563  166839690     386537500  2.317         111007            0.309        100.0
random_01                     129.290260  206350953     475104855  2.302         128953            0.299        100.0
random_02                      13.938657   22234972      52143886  2.345          24475            0.460        100.0

submissions/polynomial/pow_of_formal_power_series/QedDust413.cpp
SHA-256: 0f8561fb4cddd09c90aed5ae34cfe83bc6a446276e2e04d1d1a78f4abcfee957
case                     task-clock (ms)     cycles  instructions    IPC  branch-misses  branch-miss (%)  running (%)
max (binary_exp_max_00)       168.102776          -             -      -              -                -            -
sum                          1814.686195          -             -      -              -                -            -
example_00                      1.051848    1663196       2448517  1.472           6955            1.236        100.0
example_01                      1.058995    1674972       2472252  1.476           7310            1.285        100.0
example_02                      1.080219    1708575       2453848  1.436           7097            1.259        100.0
M_zero_00                      15.559296   24823267      61841433  2.491          51025            0.631        100.0
M_zero_01                      18.243472   29107188      72900582  2.505          59109            0.624        100.0
all_zero_00                     8.981528   14321395      30343209  2.119           7960            0.158        100.0
all_zero_01                    10.540501   16797389      35526214  2.115           8724            0.149        100.0
binary_exp_max_00             168.102776  268282745     519532564  1.937         135681            0.601        100.0
hack_00                         1.069852    1692062       2458841  1.453           7147            1.266        100.0
lower_deg_zero2_00            139.690203  222953406     433847946  1.946         123859            0.611        100.0
lower_deg_zero2_01            110.462919  176289666     349005977  1.980         110751            0.624        100.0
lower_deg_zero2_02            100.583138  160517326     320446848  1.996         104504            0.621        100.0
lower_deg_zero2_03             21.423680   34183983      87038986  2.546          66576            0.637        100.0
lower_deg_zero_00              12.936710   20635676      48595990  2.355          24219            0.337        100.0
lower_deg_zero_01              17.019782   27153303      72725016  2.678          61674            0.660        100.0
lower_deg_zero_02              11.485610   18318795      40128632  2.191          10966            0.171        100.0
lower_deg_zero_03              12.390242   19762907      45462378  2.300          19285            0.279        100.0
lower_deg_zero_04              14.888216   23750069      60256839  2.537          42377            0.515        100.0
lower_deg_zero_05              15.481793   24698819      63522755  2.572          47568            0.557        100.0
lower_deg_zero_06              16.120060   25716724      67407244  2.621          53683            0.604        100.0
lower_deg_zero_07              12.842244   20483534      48223942  2.354          23761            0.332        100.0
max_random_00                 167.774482  267800502     519087309  1.938         134211            0.598        100.0
max_random_01                 167.606525  267504020     518697675  1.939         135467            0.606        100.0
max_random_02                 167.828136  267869463     518775186  1.937         135295            0.604        100.0
monomial_00                    10.793649   17214597      35691437  2.073           7990            0.138        100.0
monomial_01                    11.006861   17554092      37117141  2.114           8076            0.133        100.0
monomial_02                    10.573176   16862128      34147297  2.025           8240            0.151        100.0
monomial_03                    10.856134   17313577      36442220  2.105           8020            0.136        100.0
monomial_ans_low_deg_00       117.818518  188041469     344646599  1.833          19583            0.149        100.0
monomial_ans_low_deg_01        23.990354   38280588      72962269  1.906          13039            0.196        100.0
monomial_ans_low_deg_02         4.610627    7343934      13029021  1.774           9589            0.700        100.0
monomial_ans_low_deg_03       110.303770  176034903     321643445  1.827          19384            0.147        100.0
overflow_killer_00              1.061537    1678971       2480113  1.477           7113            1.241        100.0
overflow_killer_01              1.053903    1666595       2491025  1.495           7069            1.223        100.0
random_00                     124.773952  199126754     387322922  1.945         107887            0.635        100.0
random_01                     156.018981  249009929     483456030  1.942         126699            0.609        100.0
random_02                      17.602506   28084073      54082310  1.926          24827            0.869        100.0

submissions/polynomial/pow_of_formal_power_series/Rohan_Kapri.cpp
SHA-256: 0bffc78258db0aada788a88900c13e0e67ec3f91cb1357c49007d1e69c78e020
case                     task-clock (ms)     cycles  instructions    IPC  branch-misses  branch-miss (%)  running (%)
max (max_random_00)           131.721092          -             -      -              -                -            -
sum                          1413.677195          -             -      -              -                -            -
example_00                      0.897256    1417445       1912210  1.349           6019            1.403        100.0
example_01                      0.885922    1398784       1901901  1.360           6024            1.418        100.0
example_02                      0.874119    1380143       1909784  1.384           5980            1.395        100.0
M_zero_00                      10.827800   17269141      45349455  2.626          61738            0.603        100.0
M_zero_01                      12.691295   20243677      53514613  2.644          72091            0.597        100.0
all_zero_00                     6.943521   11068382      28160999  2.544           7446            0.104        100.0
all_zero_01                     8.035285   12812087      33106417  2.584           7496            0.089        100.0
binary_exp_max_00             131.498019  209809654     394399192  1.880         148897            0.573        100.0
hack_00                         0.857864    1354473       1911808  1.411           6033            1.407        100.0
lower_deg_zero2_00            108.944597  173875028     329736338  1.896         138276            0.584        100.0
lower_deg_zero2_01             87.263498  139282710     268079060  1.925         125192            0.580        100.0
lower_deg_zero2_02             74.830961  119437233     233055779  1.951         120644            0.597        100.0
lower_deg_zero2_03             15.876040   25328097      65011898  2.567          80767            0.606        100.0
lower_deg_zero_00              10.070822   16061393      42128455  2.623          28539            0.279        100.0
lower_deg_zero_01              13.432315   21427506      57069636  2.663          75105            0.582        100.0
lower_deg_zero_02               8.922406   14228205      36906087  2.594          11750            0.126        100.0
lower_deg_zero_03               9.639439   15373326      40173192  2.613          21939            0.222        100.0
lower_deg_zero_04              11.724007   18700110      49335857  2.638          51172            0.444        100.0
lower_deg_zero_05              12.184534   19435778      51541567  2.652          57722            0.484        100.0
lower_deg_zero_06              12.740584   20323869      53788487  2.647          65137            0.528        100.0
lower_deg_zero_07              10.078274   16073770      41845013  2.603          27698            0.272        100.0
max_random_00                 131.721092  210176601     393503513  1.872         148939            0.578        100.0
max_random_01                 131.543631  209921322     393503092  1.875         150261            0.583        100.0
max_random_02                 130.768077  208646681     393877682  1.888         149745            0.579        100.0
monomial_00                     8.533736   13608111      35415968  2.603           7747            0.086        100.0
monomial_01                     8.556819   13644152      35489859  2.601           7622            0.084        100.0
monomial_02                     8.542150   13621796      35280340  2.590           7739            0.086        100.0
monomial_03                     8.579462   13680483      35409884  2.588           7489            0.083        100.0
monomial_ans_low_deg_00        93.284698  148856349     274609217  1.845          20217            0.116        100.0
monomial_ans_low_deg_01        16.989273   27105108      61440626  2.267          12026            0.126        100.0
monomial_ans_low_deg_02         3.286995    5231313      10477796  2.003           8794            0.553        100.0
monomial_ans_low_deg_03        86.659636  138319036     257206933  1.860          18988            0.109        100.0
overflow_killer_00              0.884917    1397308       1898611  1.359           5974            1.407        100.0
overflow_killer_01              0.872145    1376459       1920124  1.395           5923            1.366        100.0
random_00                      98.545848  157292548     296991768  1.888         118555            0.584        100.0
random_01                     123.212519  196651580     368234327  1.873         139089            0.572        100.0
random_02                      12.477639   19903015      40100789  2.015          25217            0.783        100.0

submissions/polynomial/pow_of_formal_power_series/rogeryoungh.cpp
SHA-256: 0aa093634bad45ac54ba6c3b26027ee79b08393e111a211ddb39883aa2875a9a
case                     task-clock (ms)     cycles  instructions    IPC  branch-misses  branch-miss (%)  running (%)
max (max_random_02)           131.660445          -             -      -              -                -            -
sum                          1413.238685          -             -      -              -                -            -
example_00                      0.908545    1433688       1892844  1.320           5925            1.393        100.0
example_01                      0.889185    1404587       1940071  1.381           6098            1.389        100.0
example_02                      0.885851    1398219       1888755  1.351           5911            1.392        100.0
M_zero_00                      10.819683   17256001      45346183  2.628          61707            0.603        100.0
M_zero_01                      12.665455   20203859      53517160  2.649          71691            0.593        100.0
all_zero_00                     6.936481   11057535      28181971  2.549           7464            0.104        100.0
all_zero_01                     8.075115   12875183      33067728  2.568           7717            0.092        100.0
binary_exp_max_00             131.510812  209837902     393731118  1.876         149908            0.581        100.0
hack_00                         0.898331    1418923       1901804  1.340           6030            1.419        100.0
lower_deg_zero2_00            108.749302  173550700     329891168  1.901         138888            0.586        100.0
lower_deg_zero2_01             87.295594  139334439     268160909  1.925         125226            0.580        100.0
lower_deg_zero2_02             74.841281  119436497     232935406  1.950         120229            0.595        100.0
lower_deg_zero2_03             15.922110   25385318      65023859  2.561          81264            0.610        100.0
lower_deg_zero_00              10.083712   16080469      42094381  2.618          28421            0.278        100.0
lower_deg_zero_01              13.438868   21437847      57083080  2.663          75452            0.584        100.0
lower_deg_zero_02               8.905503   14201536      36814938  2.592          11489            0.124        100.0
lower_deg_zero_03               9.630020   15357199      40095885  2.611          21782            0.221        100.0
lower_deg_zero_04              11.714530   18685706      49329240  2.640          51299            0.445        100.0
lower_deg_zero_05              12.196467   19453967      51421544  2.643          57783            0.486        100.0
lower_deg_zero_06              12.720795   20292242      53787181  2.651          65158            0.528        100.0
lower_deg_zero_07              10.062472   16047371      41864431  2.609          27578            0.271        100.0
max_random_00                 131.376578  209699406     393469891  1.876         147774            0.574        100.0
max_random_01                 131.351445  209616358     393279634  1.876         148215            0.576        100.0
max_random_02                 131.660445  210072328     393537764  1.873         150303            0.583        100.0
monomial_00                     8.557416   13646251      35369976  2.592           7814            0.087        100.0
monomial_01                     8.595487   13706900      35486104  2.589           7986            0.089        100.0
monomial_02                     8.489274   13537086      35206955  2.601           7692            0.086        100.0
monomial_03                     8.583661   13686216      35412365  2.587           7816            0.087        100.0
monomial_ans_low_deg_00        92.843468  148172572     274238799  1.851          19686            0.113        100.0
monomial_ans_low_deg_01        16.900031   26962904      61494659  2.281          12166            0.127        100.0
monomial_ans_low_deg_02         3.273757    5209874      10465762  2.009           8883            0.560        100.0
monomial_ans_low_deg_03        86.705284  138361272     257636190  1.862          20182            0.115        100.0
overflow_killer_00              0.889573    1404762       1948056  1.387           5926            1.338        100.0
overflow_killer_01              0.861399    1358972       1938120  1.426           6022            1.372        100.0
random_00                      98.720601  157571874     296877607  1.884         119151            0.588        100.0
random_01                     122.820780  196001550     367895046  1.877         139947            0.578        100.0
random_02                      12.459374   19874269      40035983  2.014          25076            0.784        100.0

src/polynomial/pow_of_formal_power_series/main.cxx
SHA-256: 1b2d9adadbaac0d8f1f55b24fdb0a2a67fefdd82bb7bff5478256fac1dddb164
case                     task-clock (ms)     cycles  instructions    IPC  branch-misses  branch-miss (%)  running (%)
max (max_random_02)           120.586129          -             -      -              -                -            -
sum                          1091.220707          -             -      -              -                -            -
example_00                      0.841363    1327284       1763571  1.329           5560            1.421        100.0
example_01                      0.875184    1382250       1776140  1.285           5703            1.448        100.0
example_02                      0.808586    1275319       1752539  1.374           5311            1.357        100.0
M_zero_00                       7.168990   11429791      26262750  2.298          51872            1.377        100.0
M_zero_01                       8.368610   13343089      30795847  2.308          61262            1.396        100.0
all_zero_00                     5.498814    8761315      21402520  2.443           7080            0.187        100.0
all_zero_01                     6.351766   10124091      25020651  2.471           7563            0.171        100.0
binary_exp_max_00             120.080198  191598871     399203353  2.084          88476            0.491        100.0
hack_00                         0.824509    1300982       1812520  1.393           5575            1.361        100.0
lower_deg_zero2_00             99.343188  158537231     330435882  2.084          84754            0.546        100.0
lower_deg_zero2_01             77.993110  124444192     261728577  2.103          82783            0.638        100.0
lower_deg_zero2_02             65.950361  105243712     221001742  2.100          80696            0.700        100.0
lower_deg_zero2_03             11.538437   18403956      42051315  2.285          68361            1.340        100.0
lower_deg_zero_00               7.309706   11652630      28652015  2.459          24135            0.513        100.0
lower_deg_zero_01               8.801848   14035446      32964616  2.349          63875            1.355        100.0
lower_deg_zero_02               6.858684   10933171      27197367  2.488          10632            0.225        100.0
lower_deg_zero_03               7.159665   11414270      28117730  2.463          19426            0.412        100.0
lower_deg_zero_04               8.042938   12824061      30722017  2.396          43379            0.922        100.0
lower_deg_zero_05               8.229704   13121956      31337401  2.388          49295            1.044        100.0
lower_deg_zero_06               8.502160   13557412      32015021  2.361          55301            1.172        100.0
lower_deg_zero_07               7.310532   11655083      28551292  2.450          23528            0.501        100.0
max_random_00                 120.276012  191937310     399155910  2.080          87013            0.483        100.0
max_random_01                 120.290913  191929598     399470070  2.081          89163            0.494        100.0
max_random_02                 120.586129  192377505     399154923  2.075          89821            0.499        100.0
monomial_00                     6.607878   10533399      26566649  2.522           7636            0.164        100.0
monomial_01                     6.686242   10658663      26724579  2.507           7635            0.163        100.0
monomial_02                     6.544051   10431205      26414309  2.532           7597            0.165        100.0
monomial_03                     6.651812   10603213      26603617  2.509           7440            0.160        100.0
monomial_ans_low_deg_00         5.571700    8878316      21814311  2.457           7386            0.195        100.0
monomial_ans_low_deg_01         6.187106    9861275      24610394  2.496           7464            0.174        100.0
monomial_ans_low_deg_02         1.502139    2382831       4503649  1.890           6458            0.745        100.0
monomial_ans_low_deg_03         5.938166    9464025      23643459  2.498           7334            0.179        100.0
overflow_killer_00              0.816420    1288046       1763141  1.369           5603            1.432        100.0
overflow_killer_01              0.806430    1271812       1785458  1.404           5264            1.303        100.0
random_00                      89.964146  143575895     301104483  2.097          72330            0.521        100.0
random_01                     112.204145  179063114     373165598  2.084          82578            0.490        100.0
random_02                      12.729065   20304016      41431315  2.041          19528            0.836        100.0
