case                     task-clock (ms)    cycles  instructions    IPC  branch-misses  branch-miss (%)  running (%)
max (max_random_04)             9.499387         -             -      -              -                -            -
sum                            68.458941         -             -      -              -                -            -
example_00                      0.872388   1636424       1619943  0.990           5519            1.566        100.0
hand_minus_00                   5.176230   9793602      24073082  2.458           9303            0.242        100.0
hand_plus_00                    5.132470   9711580      23747037  2.445           9231            0.242        100.0
max_random_00                   8.812668  16686504      31366513  1.880         239609            4.222        100.0
max_random_01                   8.439881  15980615      29282791  1.832         234485            4.451        100.0
max_random_02                   8.995243  17032782      31612280  1.856         247091            4.316        100.0
max_random_03                   8.739259  16548504      31101024  1.879         237199            4.216        100.0
max_random_04                   9.499387  17930044      34879865  1.945         252078            3.988        100.0
multiplication_table_00         5.214732   9866534      23174027  2.349           9121            0.233        100.0
random_00                       1.720883   3244168       4314651  1.330          34534            4.208        100.0
random_01                       1.923888   3628290       5001592  1.378          41902            4.438        100.0
random_02                       1.101612   2070484       2328384  1.125          14249            2.979        100.0
random_03                       1.956272   3690302       5132659  1.391          42260            4.368        100.0
random_04                       0.874028   1640012       1658462  1.011           5924            1.643        100.0
