case                    task-clock (ms)     cycles  instructions    IPC  branch-misses  branch-miss (%)  running (%)
max (max_complete_00)        285.704645          -             -      -              -                -            -
sum                         2307.694509          -             -      -              -                -            -
example_00                     0.897042    1682606       1626780  0.967           5388            1.523        100.0
example_01                     0.899684    1687559       1632931  0.968           5455            1.537        100.0
dense_00                      32.122915   60789122      85451696  1.406          15908            0.163        100.0
dense_01                      31.998207   60554526      85458526  1.411          15981            0.164        100.0
dense_02                      31.864429   60327299      85413488  1.416          15396            0.158        100.0
dense_03                      33.188414   62837225      85570935  1.362          15899            0.162        100.0
dense_04                      32.082287   60741197      85942692  1.415          15546            0.157        100.0
large_random_simple_00        92.298496  174673979     155767534  0.892         816612            3.824        100.0
large_random_simple_01        61.072618  115751750     116556394  1.007         734381            4.691        100.0
large_random_simple_02        25.812482   48894810      51673179  1.057         360860            5.225        100.0
max_complete_00              285.704645  541252524    1547663470  2.859         332461            0.133        100.0
max_near_k_simple_00         237.532795  450019311    1195114751  2.656         337448            0.178        100.0
max_near_k_simple_01         252.757517  478924104    1315267456  2.746         334597            0.159        100.0
max_near_k_simple_02         261.231192  494994033    1374833430  2.777         336116            0.152        100.0
max_near_k_simple_03         266.392251  504781425    1410661853  2.795         336837            0.149        100.0
max_random_simple_00         105.857507  200422274     172017463  0.858         848794            3.576        100.0
max_random_simple_01         104.716748  198309088     171070117  0.863         858494            3.654        100.0
max_random_simple_02         104.923774  198687584     171230980  0.862         860286            3.654        100.0
minimum_00                     0.865682    1622734       1612888  0.994           5275            1.511        100.0
multiplied_c4_00              49.285784   93290856     122296109  1.311          21978            0.138        100.0
multiplied_c4_01              47.000077   88959646     118375288  1.331          21455            0.138        100.0
small_dense_simple_00         96.068208  182087960     461406100  2.534         168325            0.231        100.0
small_dense_simple_01          7.948313   15035047      33698579  2.241          28871            0.555        100.0
small_dense_simple_02          1.139325    2142301       2514788  1.174           7324            1.559        100.0
small_sparse_simple_00         1.189314    2235872       2293953  1.026          11873            2.714        100.0
small_sparse_simple_01         0.936875    1758354       1768428  1.006           6723            1.833        100.0
small_sparse_simple_02         0.934919    1753978       1741914  0.993           6325            1.720        100.0
star_00                       70.652945  133814869     156575364  1.170          27457            0.121        100.0
star_01                       70.320064  133259260     156900682  1.177          27771            0.122        100.0
