case                  task-clock (ms)     cycles  instructions    IPC  branch-misses  branch-miss (%)  running (%)
max (small_dense_02)        58.322985          -             -      -              -                -            -
sum                        368.405546          -             -      -              -                -            -
example_00                   0.959026    1799299       1598216  0.888           5381            1.563        100.0
example_01                   0.884228    1658630       1624731  0.980           5509            1.560        100.0
example_02                   0.856030    1605450       1589909  0.990           5404            1.576        100.0
max_random_00               17.502467   33162536      46872227  1.413          13241            0.169        100.0
max_random_01               17.554429   33201695      46924946  1.413          14153            0.180        100.0
max_random_02               17.407182   32981229      46859111  1.421          13190            0.168        100.0
max_random_03               17.444736   33051686      46876804  1.418          12822            0.164        100.0
max_random_04               17.399526   32951933      46755353  1.419          13196            0.169        100.0
min_K_00                     3.385594    6399138       9857299  1.540           7207            0.444        100.0
min_K_01                     3.786584    7160120      11271763  1.574           7335            0.402        100.0
random_00                    7.517492   14231564      19525360  1.372           9246            0.279        100.0
random_01                    8.758649   16585721      22832298  1.377          11556            0.300        100.0
random_02                   10.599764   20074930      28015862  1.396          10479            0.221        100.0
random_03                    8.122428   15378781      21292590  1.385           9010            0.250        100.0
random_04                   14.144343   26794784      37983851  1.418          11517            0.181        100.0
small_N_00                   0.814043    1525945       1583102  1.037           5354            1.568        100.0
small_N_01                   0.844772    1582095       1612018  1.019           5276            1.505        100.0
small_N_02                   0.822601    1540845       1599384  1.038           5459            1.584        100.0
small_N_03                   0.892613    1674189       1591787  0.951           5461            1.591        100.0
small_N_04                   0.821616    1539327       1615425  1.049           5415            1.541        100.0
small_dense_00              50.761429   96206129     165947659  1.725          13351            0.079        100.0
small_dense_01              52.625426   99738744     186969096  1.875          14260            0.076        100.0
small_dense_02              58.322985  110538503     229095485  2.073          13363            0.058        100.0
small_dense_03               6.812716   12896387      22001936  1.706           8554            0.248        100.0
small_dense_04              49.364867   93558714     145058148  1.550          13089            0.088        100.0
