case           task-clock (ms)     cycles  instructions    IPC  branch-misses  branch-miss (%)  running (%)
max (dim2_01)       191.538224          -             -      -              -                -            -
sum                1206.060805          -             -      -              -                -            -
example_00            0.891935    1673093       1621415  0.969           5732            1.651        100.0
example_01            0.862597    1617367       1583931  0.979           5428            1.597        100.0
example_02            0.896025    1680466       1609694  0.958           5423            1.556        100.0
dim1_00             134.034767  253875152     545004185  2.147         110504            0.533        100.0
dim1_01             134.430030  254761081     544104872  2.136         170321            0.827        100.0
dim1_02             133.214424  252462291     544192625  2.156         103930            0.506        100.0
dim2_00             117.092467  221922408     492799396  2.221         303101            1.758        100.0
dim2_01             191.538224  363019607     937378614  2.582         302014            1.441        100.0
dim2_02             112.209024  212685326     484240079  2.277          93132            0.486        100.0
k0_00                 0.878465    1647074       1593429  0.967           5435            1.589        100.0
k0_01                 0.885773    1672453       1597385  0.955           5476            1.598        100.0
max_random_00        59.559185  112867711     196381281  1.740          76830            0.286        100.0
max_random_01        79.370880  150413094     246378514  1.638          87393            0.254        100.0
small_00              0.881862    1653763       1636436  0.990           5715            1.637        100.0
small_01              0.898469    1685778       1610996  0.956           5687            1.654        100.0
small_02              0.881104    1652380       1610851  0.975           5574            1.618        100.0
small_03              0.896271    1681827       1617315  0.962           5384            1.556        100.0
small_04              0.894128    1676763       1617805  0.965           5616            1.624        100.0
threes_00            70.645160  133871249     212949248  1.591          86471            0.299        100.0
threes_01            60.601754  114824473     178982672  1.559          65523            0.267        100.0
threes_02            71.098119  134754205     212372094  1.576         124731            0.429        100.0
twos_00              18.269193   34613166      80378982  2.322         158919            1.968        100.0
twos_01               9.346920   17700063      41263731  2.331          44217            1.035        100.0
twos_02               5.784029   10946831      25052735  2.289          46530            1.510        100.0
