case                                  task-clock (ms)    cycles  instructions    IPC  branch-misses  branch-miss (%)  running (%)
max (random_n_max_q_max_many_pop_01)        42.783486         -             -      -              -                -            -
sum                                        341.505761         -             -      -              -                -            -
example_00                                   0.903097   1692776       1606235  0.949           5367            1.549        100.0
random_n_max_q_max_00                       41.570989  78787182     111517489  1.415        1220160            7.750        100.0
random_n_max_q_max_01                       41.805378  79228737     111983613  1.413        1226265            7.700        100.0
random_n_max_q_max_many_pop_00              42.759023  81036242     121597144  1.501        1092982            6.921        100.0
random_n_max_q_max_many_pop_01              42.783486  81082964     122139528  1.506        1093514            6.944        100.0
random_n_max_q_max_only_type01_00           37.810767  71640304     109588820  1.530         935882            6.048        100.0
random_n_max_q_max_only_type01_01           35.729618  67711901     108564664  1.603         880574            5.823        100.0
random_n_max_q_max_small_value_00           34.167437  64749870      89355553  1.380         984432            6.657        100.0
random_n_max_q_max_small_value_01           34.032249  64493901      89145117  1.382         964341            6.511        100.0
random_n_zero_q_max_00                      22.624323  42853524      65091846  1.519         694671            7.234        100.0
random_small_00                              0.932033   1747741       1702261  0.974           6633            1.839        100.0
random_small_01                              0.893504   1675373       1661850  0.992           6069            1.710        100.0
random_small_02                              0.910266   1707172       1669814  0.978           6259            1.757        100.0
random_small_03                              0.911571   1709400       1654692  0.968           6118            1.730        100.0
random_small_only_type01_00                  0.944370   1772834       1718656  0.969           6463            1.758        100.0
random_small_only_type01_01                  0.890990   1669878       1642337  0.984           5889            1.677        100.0
random_small_only_type01_02                  0.915838   1718408       1656995  0.964           6034            1.707        100.0
random_small_only_type01_03                  0.920822   1726734       1654636  0.958           5945            1.682        100.0
