case                 task-clock (ms)    cycles  instructions    IPC  branch-misses  branch-miss (%)  running (%)
max (max_random_01)        41.014835         -             -      -              -                -            -
sum                       145.101100         -             -      -              -                -            -
example_00                  0.827226   1550506       1634977  1.054           5422            1.519        100.0
large_00                    2.165110   4086364       7423279  1.817          14976            1.564        100.0
large_01                    3.524648   6663465      13345998  2.003          23729            1.521        100.0
large_02                   10.689181  20243840      48278151  2.385          73494            1.479        100.0
max_random_00              40.892227  77380782     191799759  2.479         267710            1.417        100.0
max_random_01              41.014835  77656867     191831660  2.470         268897            1.423        100.0
max_random_02              40.986432  77560380     191771877  2.473         266691            1.413        100.0
small_00                    0.825808   1547666       1643673  1.062           5472            1.526        100.0
small_01                    0.823258   1541674       1642637  1.065           5589            1.571        100.0
small_02                    0.868537   1628842       1673358  1.027           5501            1.523        100.0
tiny_00                     0.820304   1537566       1625390  1.057           5378            1.523        100.0
tiny_01                     0.848743   1590758       1634506  1.028           5560            1.565        100.0
tiny_02                     0.814791   1526915       1615370  1.058           5420            1.543        100.0
