case          task-clock (ms)    cycles  instructions    IPC  branch-misses  branch-miss (%)  running (%)
max (max_02)        25.590586         -             -      -              -                -            -
sum                114.853434         -             -      -              -                -            -
example_00           0.833035   1561135       1604440  1.028           5488            1.581        100.0
example_01           0.892828   1674227       1610180  0.962           5537            1.575        100.0
example_02           0.861279   1614123       1601789  0.992           5437            1.568        100.0
example_03           0.909835   1707128       1623868  0.951           5483            1.547        100.0
max_00              25.247500  47841236      99840923  2.087          65701            0.757        100.0
max_01              25.393790  48116802      99835570  2.075          66128            0.762        100.0
max_02              25.590586  48490539      99841285  2.059          66364            0.765        100.0
random_00            7.517237  14230875      25957334  1.824          26959            0.886        100.0
random_01            7.902238  14961489      27451080  1.835          29028            0.913        100.0
random_02            6.303386  11930671      20702337  1.735          35735            1.411        100.0
random_03            2.476683   4677237       8061836  1.724           9470            1.006        100.0
random_04            2.414636   4559086       6197780  1.359          29523            3.362        100.0
small_00             0.841914   1578265       1596997  1.012           5409            1.572        100.0
small_01             0.855505   1603608       1594512  0.994           5429            1.579        100.0
small_02             0.882975   1655995       1612630  0.974           5415            1.544        100.0
small_03             0.832268   1558774       1595096  1.023           5406            1.572        100.0
small_04             0.858350   1609004       1607090  0.999           5261            1.505        100.0
small_05             0.836047   1566766       1588102  1.014           5250            1.532        100.0
small_06             0.843311   1580811       1570370  0.993           5329            1.580        100.0
small_07             0.851335   1595535       1602519  1.004           5517            1.599        100.0
small_08             0.854865   1602510       1592522  0.994           5495            1.599        100.0
small_09             0.853831   1600754       1575776  0.984           5327            1.566        100.0
