case                      task-clock (ms)    cycles  instructions    IPC  branch-misses  branch-miss (%)  running (%)
max (max_random_walk_02)        41.476186         -             -      -              -                -            -
sum                            443.545704         -             -      -              -                -            -
example_00                       0.875368   1640584       1612080  0.983           5455            1.564        100.0
example_01                       0.874298   1638859       1628909  0.994           5516            1.552        100.0
euler_tour_00                   31.186666  59100969      56806585  0.961         182592            2.635        100.0
euler_tour_01                   31.426132  59554827      56627558  0.951         218514            3.173        100.0
euler_tour_02                   31.248698  59217896      56331788  0.951         222473            3.253        100.0
euler_tour_03                   30.615867  58018480      55972207  0.965         213088            3.156        100.0
many_same_vertex_00             30.170896  57174746      59887315  1.047         156610            2.085        100.0
many_same_vertex_01             30.388343  57566449      59761081  1.038         168389            2.250        100.0
many_same_vertex_02             30.914762  58526628      59809336  1.022         172573            2.299        100.0
max_random_00                    4.647156   8790571      15572449  1.771           8948            0.801        100.0
max_random_01                    4.746232   8979042      15613330  1.739           9263            0.824        100.0
max_random_02                    6.465500  12236288      18136620  1.482          10606            0.684        100.0
max_random_walk_00              20.318931  38499748      52641262  1.367         160037            2.472        100.0
max_random_walk_01              22.833838  43266652      52709579  1.218         164883            2.542        100.0
max_random_walk_02              41.476186  78604740      60004594  0.763         220415            2.918        100.0
mid_random_00                    4.809279   9098135      15377241  1.690          10942            0.918        100.0
mid_random_01                    4.434324   8386952      14226525  1.696           7639            0.745        100.0
mid_random_02                    4.495003   8502826      14712399  1.730           8653            0.801        100.0
mid_random_walk_00              15.262855  28913998      45104515  1.560         194520            3.703        100.0
mid_random_walk_01              14.329086  27144631      44097056  1.625         192752            3.813        100.0
mid_random_walk_02              14.329079  27143630      44001034  1.621         198434            3.944        100.0
small_random_00                  8.482172  16060841      28424811  1.770          73079            2.172        100.0
small_random_01                  8.600494  16285439      28816221  1.769          74951            2.184        100.0
small_random_02                  8.410498  15925665      28097942  1.764          72383            2.183        100.0
small_random_walk_00            14.021741  26561332      48368776  1.821         186641            2.895        100.0
small_random_walk_01            14.088522  26686984      48286183  1.809         185106            2.880        100.0
small_random_walk_02            14.093778  26698436      48505918  1.817         187059            2.888        100.0
