case                     task-clock (ms)     cycles  instructions    IPC  branch-misses  branch-miss (%)  running (%)
max (lower_deg_zero_00)        53.060090          -             -      -              -                -            -
sum                           456.322064          -             -      -              -                -            -
example_00                      0.861565    1615283       1616374  1.001           5573            1.588        100.0
example_01                      0.898938    1685317       1621651  0.962           5403            1.531        100.0
all_zero_00                     5.901104   11168095      20458638  1.832           8311            0.225        100.0
all_zero_01                     6.778395   12831861      23889029  1.862           8469            0.197        100.0
lower_deg_zero_00              53.060090  100547475     225949989  2.247          61385            0.639        100.0
lower_deg_zero_01              29.161837   55260957     122024466  2.208          33499            0.458        100.0
lower_deg_zero_02               4.929908    9326764      18129098  1.944          31942            1.065        100.0
lower_deg_zero_03               5.566747   10533422      20301605  1.927          50352            1.684        100.0
lower_deg_zero_04               4.230170    8001145      15746075  1.968          11904            0.396        100.0
lower_deg_zero_05               5.019435    9497453      18502020  1.948          34731            1.158        100.0
lower_deg_zero_06               4.843714    9163352      17814870  1.944          28796            0.958        100.0
lower_deg_zero_07               4.577957    8659566      17007357  1.964          22268            0.741        100.0
max_random_00                   5.971799   11302104      21600462  1.911          60742            2.032        100.0
max_random_01                  52.246841   99021724     227313523  2.296          76486            0.867        100.0
max_random_02                  52.493207   99455521     227396087  2.286          77662            0.878        100.0
monomial_00                     7.254914   13721304      25703548  1.873           8963            0.195        100.0
monomial_01                     4.020026    7601854      15126763  1.990           6922            0.232        100.0
monomial_02                     7.190663   13613221      25758487  1.892           8629            0.187        100.0
monomial_03                     4.005321    7573694      15065527  1.989           7053            0.238        100.0
near_262144_00                  3.599747    6805353      12098816  1.778          34759            2.002        100.0
near_262144_01                 26.048504   49360326     111642339  2.262          44406            0.942        100.0
near_262144_02                 47.798366   90541826     207973790  2.297          51080            0.738        100.0
random_00                       5.983696   11311599      21601290  1.910          61162            2.044        100.0
random_01                      52.227880   98985442     227303265  2.296          76534            0.867        100.0
random_02                      52.522861   99522450     227182537  2.283          77394            0.881        100.0
small_degree_00                 0.877091    1644255       1610806  0.980           5442            1.554        100.0
small_degree_01                 1.010566    1898485       1636315  0.862           5493            1.540        100.0
small_degree_02                 0.933463    1752488       1624827  0.927           5424            1.537        100.0
small_degree_03                 1.018011    1913101       1641785  0.858           5585            1.561        100.0
small_degree_04                 0.840408    1576421       1624963  1.031           5390            1.528        100.0
small_degree_05                 0.900246    1688327       1636288  0.969           5465            1.532        100.0
small_degree_06                 0.845012    1584190       1630590  1.029           5450            1.531        100.0
small_degree_07                 0.874612    1639869       1617661  0.986           5462            1.546        100.0
small_degree_08                 0.909973    1707212       1628672  0.954           5497            1.555        100.0
small_degree_09                 0.918997    1724010       1629553  0.945           5321            1.496        100.0
