case                 task-clock (ms)     cycles  instructions    IPC  branch-misses  branch-miss (%)  running (%)
max (max_random_02)       196.933379          -             -      -              -                -            -
sum                       833.688285          -             -      -              -                -            -
example_00                  0.870435    1631465       1594671  0.977           5410            1.574        100.0
max_random_00             194.538582  368393092     842127737  2.286         178377            0.267        100.0
max_random_01             191.651424  363080339     841773259  2.318         176437            0.265        100.0
max_random_02             196.933379  373013482     842533113  2.259         177448            0.266        100.0
n_01_00                     0.854160    1601031       1587209  0.991           5324            1.555        100.0
n_01_01                     0.885755    1660793       1599760  0.963           5340            1.549        100.0
overflow_00               192.052694  363683128     850625372  2.339         127087            0.184        100.0
random_00                   2.907906    5494365       9736413  1.772          11432            1.044        100.0
random_01                  39.362930   74482493     180814462  2.428          58102            0.384        100.0
random_02                  11.020798   20871841      41902467  2.008          22869            0.559        100.0
small_random_00             0.846028    1586007       1617837  1.020           5385            1.551        100.0
small_random_01             0.871551    1634086       1687787  1.033           5795            1.639        100.0
small_random_02             0.892643    1673736       1618171  0.967           5508            1.584        100.0
