case                 task-clock (ms)     cycles  instructions    IPC  branch-misses  branch-miss (%)  running (%)
max (max_random_02)        99.734231          -             -      -              -                -            -
sum                       847.978373          -             -      -              -                -            -
example_00                  0.811260    1520159       1593831  1.048           5492            1.598        100.0
max_random_00              99.205707  187869425     271745957  1.446         456725            1.386        100.0
max_random_01              98.889674  187281605     270990678  1.447         453357            1.384        100.0
max_random_02              99.734231  188862111     270762362  1.434         455058            1.391        100.0
n_131072_00                89.642744  169761007     219583256  1.293        1100134            3.760        100.0
random_00                  66.846736  126560557     192787180  1.523         320090            1.357        100.0
random_01                  70.069661  132670891     202799724  1.529         352717            1.436        100.0
random_02                  44.897204   85005361     132500677  1.559         204746            1.237        100.0
small_00                    0.982354    1843591       2033646  1.103           7442            1.852        100.0
small_01                    0.983741    1846926       1857031  1.005           6607            1.718        100.0
small_02                    0.971469    1824001       1915143  1.050           6784            1.735        100.0
xy_concentrate_00          91.201447  172724647     263978423  1.528         394102            1.252        100.0
xy_concentrate_01          92.096098  174395790     264256180  1.515         393450            1.246        100.0
xy_concentrate_02          91.646047  173528837     264119112  1.522         399001            1.266        100.0
