2026-10-02 lenovo / Intel(R) Core(TM) i5-10210U CPU @ 1.60GHz
Two complete passes per binary; per case minimum task-clock; all counters from that same run.
Unchanged binaries reuse their recorded passes; each section identifies its measurement batch.
Cases: 28, including examples. Units: ms. No CPU pinning.
Compiler: g++ (GCC) 16.2.1 20260819 (Red Hat 16.2.1-2); rustc 1.98.1 (48a229cea 2026-09-01)
Build host: fedora; glibc 2.43
Environment: Linux 7.2.8-200.fc44.x86_64; affinity [0, 1, 2, 3]; stack 268435456 bytes; bench_env OK.
cxx_flags.txt: -std=c++23 -DEVAL -DONLINE_JUDGE -Iinclude -O3 -fwhole-program -fno-exceptions -fno-rtti -march=x86-64-v3 -fno-pie -no-pie -nostdlib++ -static -lm -s
cpp_flags.txt: -std=c++23 -DEVAL -DONLINE_JUDGE -Iac-library -include cassert -O3 -fwhole-program -fno-exceptions -fno-rtti -march=x86-64-v3 -fno-pie -no-pie -static -lgmp -s
rust_flags.txt: -C opt-level=3 -C codegen-units=1 -C lto=fat -C panic=abort -C target-cpu=x86-64-v3 -C target-feature=+crt-static -C relocation-model=static -C link-arg=-Wl,-u,__cxa_thread_atexit_impl -C strip=symbols

solution                                max (ms)       sum (ms)
Anonymous                                 80.137105     812.208796
MeIoN                                    153.267858    1152.215276
Nachia                                    80.861864     810.940177
Rohan_Kapri                               81.021401     814.471354
nandhagk                                  82.899131     693.594869
main                                      62.105160     543.333515

submissions/graph/st_numbering/Anonymous.cpp
SHA-256: 2b309a2a220cd3313c1b33d8d8d95da343ec54271b4f5e860a7d06da616093b0
Measured: bench/graph-polish-20261002/accepted-37 [Anonymous]
case              task-clock (ms)     cycles  instructions    IPC  branch-misses  branch-miss (%)  running (%)
max (cycle_00)          80.137105          -             -      -              -                -            -
sum                    812.208796          -             -      -              -                -            -
example_00               0.977247    1544539       2408189  1.559           6689            1.208        100.0
example_01               1.007008    1591765       2419890  1.520           6676            1.191        100.0
complete_00             22.083297   35238291      61542341  1.746         219665            1.709        100.0
cycle_00                80.137105  127891561     117315100  0.917         522193            2.250        100.0
cycle_01                79.909708  127517284     117313462  0.920         521242            2.246        100.0
max_random_00           20.259364   32325589      57368075  1.775         185077            1.531        100.0
max_random_01           22.041023   35168879      62013796  1.763         189426            1.464        100.0
max_random_02           26.533069   42340526      68328583  1.614         200190            1.420        100.0
max_random_03           54.515524   87008025      83403917  0.959         564372            3.346        100.0
max_random_04           20.155357   32160028      57316579  1.782         181892            1.506        100.0
max_random_05           21.895042   34936922      62000318  1.775         187754            1.452        100.0
max_random_06           26.356377   42058872      68340143  1.625         199430            1.414        100.0
max_random_07           55.038797   87812341      83411225  0.950         568087            3.368        100.0
mid_no_00               16.907405   26973965      50297684  1.865         278772            2.654        100.0
mid_no_01               17.356044   27689760      50520159  1.825         304314            2.880        100.0
mid_random_00           18.522840   29551735      53908442  1.824         319742            2.851        100.0
mid_random_01           18.422175   29391751      53082207  1.806         338145            3.056        100.0
mid_random_02           17.793635   28388762      52901087  1.863         316069            2.873        100.0
mid_random_03           19.431311   31002780      55129186  1.778         329391            2.868        100.0
mid_random_04           19.332086   30843367      54864550  1.779         326810            2.855        100.0
path_00                 79.814840  127374694     117373185  0.921         521589            2.246        100.0
small_random_00         16.552240   26407501      51457460  1.949         281978            2.529        100.0
small_random_01         16.554149   26408955      51602973  1.954         283858            2.539        100.0
small_random_02         16.555650   26412288      51429119  1.947         281070            2.522        100.0
small_random_03         16.480683   26293428      51385445  1.954         279071            2.507        100.0
small_random_04         16.739918   26706498      51777672  1.939         290239            2.587        100.0
star_plus_one_00        32.838376   52405789      90067519  1.719          85825            0.475        100.0
triangle_path_00        57.998526   92548328     100978227  1.091         447323            2.220        100.0

submissions/graph/st_numbering/MeIoN.cpp
SHA-256: 293346458fc047959ac119806eaf81530e67d75ed42832e81cdef2526fdc3de0
Measured: bench/graph-polish-20261002/accepted-37 [MeIoN]
case              task-clock (ms)     cycles  instructions    IPC  branch-misses  branch-miss (%)  running (%)
max (path_00)          153.267858          -             -      -              -                -            -
sum                   1152.215276          -             -      -              -                -            -
example_00               1.022617    1616943       2469069  1.527           6905            1.210        100.0
example_01               1.017385    1609137       2453755  1.525           6773            1.196        100.0
complete_00              9.259253   14765848      35837723  2.427          99939            1.531        100.0
cycle_00               153.075336  244206110     209704152  0.859         778886            1.850        100.0
cycle_01               147.805352  235638392     201933428  0.857         769436            1.907        100.0
max_random_00            6.707783   10692556      29392595  2.749          57116            1.058        100.0
max_random_01            9.013651   14373347      36303273  2.526          84492            1.276        100.0
max_random_02           20.902477   33352010      59136478  1.773         245656            2.177        100.0
max_random_03          112.708786  179883883     160001675  0.889         993491            3.128        100.0
max_random_04            6.706935   10691299      29492403  2.759          56560            1.043        100.0
max_random_05            9.018586   14381593      36309361  2.525          84273            1.273        100.0
max_random_06           21.005296   33516568      59301536  1.769         245888            2.172        100.0
max_random_07          113.313276  180866469     160073925  0.885         993489            3.126        100.0
mid_no_00               22.563614   36002030      68284551  1.897         562452            4.140        100.0
mid_no_01               21.735539   34681312      65260674  1.882         564882            4.356        100.0
mid_random_00           24.903337   39737533      76135262  1.916         603092            3.932        100.0
mid_random_01           23.873622   38094345      72440206  1.902         599255            4.113        100.0
mid_random_02           24.841068   39638270      75705199  1.910         598627            3.923        100.0
mid_random_03           24.964560   39835267      75825955  1.903         611079            4.001        100.0
mid_random_04           23.662891   37757970      72247528  1.913         583081            4.015        100.0
path_00                153.267858  244543734     209333789  0.856         774619            1.843        100.0
small_random_00         15.325841   24448905      50757952  2.076         359088            3.482        100.0
small_random_01         15.543733   24783630      51146435  2.064         364703            3.508        100.0
small_random_02         15.372668   24523525      50594127  2.063         355808            3.462        100.0
small_random_03         15.246181   24322408      50578472  2.080         355093            3.456        100.0
small_random_04         15.753356   25118663      51464915  2.049         372109            3.556        100.0
star_plus_one_00        47.160307   75266778     114660281  1.523         293192            1.312        100.0
triangle_path_00        96.443968  153937595     158378557  1.029         748103            2.369        100.0

submissions/graph/st_numbering/Nachia.cpp
SHA-256: 2b309a2a220cd3313c1b33d8d8d95da343ec54271b4f5e860a7d06da616093b0
Measured: bench/graph-polish-20261002/accepted-37 [Nachia]
case              task-clock (ms)     cycles  instructions    IPC  branch-misses  branch-miss (%)  running (%)
max (cycle_00)          80.861864          -             -      -              -                -            -
sum                    810.940177          -             -      -              -                -            -
example_00               1.017177    1609372       2419756  1.504           6820            1.222        100.0
example_01               1.006476    1591006       2409209  1.514           6675            1.196        100.0
complete_00             22.093301   35253263      61441134  1.743         220680            1.721        100.0
cycle_00                80.861864  129064458     117405575  0.910         520856            2.241        100.0
cycle_01                78.793527  125729518     117308396  0.933         520993            2.245        100.0
max_random_00           20.350431   32470947      57325056  1.765         184246            1.526        100.0
max_random_01           21.974961   35065304      62005813  1.768         189956            1.468        100.0
max_random_02           26.500417   42287643      68338553  1.616         200540            1.422        100.0
max_random_03           54.386860   86778949      83434179  0.961         566105            3.355        100.0
max_random_04           20.152303   32154794      57344752  1.783         181582            1.503        100.0
max_random_05           22.032103   35137786      62014519  1.765         191702            1.482        100.0
max_random_06           26.403952   42134449      68340399  1.622         200210            1.420        100.0
max_random_07           54.664160   87245134      83396637  0.956         567675            3.366        100.0
mid_no_00               16.893730   26951965      50332679  1.867         278353            2.648        100.0
mid_no_01               17.340216   27664831      50510227  1.826         305173            2.889        100.0
mid_random_00           18.586981   29654793      53909260  1.818         320745            2.860        100.0
mid_random_01           18.406130   29366406      53055460  1.807         337886            3.056        100.0
mid_random_02           17.745136   28311202      52877931  1.868         315655            2.870        100.0
mid_random_03           19.387051   30919642      55117077  1.783         330149            2.875        100.0
mid_random_04           19.345687   30866477      54885433  1.778         326808            2.855        100.0
path_00                 79.619604  127081938     118084642  0.929         521126            2.227        100.0
small_random_00         16.611232   26501536      51483574  1.943         282449            2.532        100.0
small_random_01         16.545899   26396705      51575404  1.954         284441            2.545        100.0
small_random_02         16.516352   26350372      51410904  1.951         281512            2.527        100.0
small_random_03         16.531878   26362386      51430028  1.951         279687            2.510        100.0
small_random_04         16.707906   26655686      51777865  1.942         289555            2.581        100.0
star_plus_one_00        32.829306   52391986      90077170  1.719          87787            0.485        100.0
triangle_path_00        57.635537   91971246     100942073  1.098         446486            2.217        100.0

submissions/graph/st_numbering/Rohan_Kapri.cpp
SHA-256: 2b309a2a220cd3313c1b33d8d8d95da343ec54271b4f5e860a7d06da616093b0
Measured: bench/graph-polish-20261002/accepted-37 [Rohan_Kapri]
case              task-clock (ms)     cycles  instructions    IPC  branch-misses  branch-miss (%)  running (%)
max (cycle_01)          81.021401          -             -      -              -                -            -
sum                    814.471354          -             -      -              -                -            -
example_00               0.979250    1548395       2434631  1.572           6897            1.224        100.0
example_01               1.026887    1624565       2414533  1.486           6791            1.219        100.0
complete_00             21.996668   35099360      61433966  1.750         216050            1.685        100.0
cycle_00                80.910584  129142520     117299301  0.908         521674            2.248        100.0
cycle_01                81.021401  129293945     117347883  0.908         520145            2.241        100.0
max_random_00           20.194254   32221095      57375270  1.781         182204            1.507        100.0
max_random_01           22.013374   35125714      62003025  1.765         187138            1.447        100.0
max_random_02           26.399446   42127213      68325702  1.622         200265            1.420        100.0
max_random_03           54.465255   86928437      83404696  0.959         567026            3.362        100.0
max_random_04           20.180120   32199748      57335912  1.781         181261            1.501        100.0
max_random_05           21.918954   34973685      61968925  1.772         187948            1.454        100.0
max_random_06           26.351224   42049381      68323381  1.625         199372            1.414        100.0
max_random_07           55.579932   88707460      83464144  0.941         566412            3.353        100.0
mid_no_00               16.894473   26951940      50331330  1.867         276750            2.633        100.0
mid_no_01               17.340304   27664710      50518036  1.826         304329            2.881        100.0
mid_random_00           18.547386   29592030      53929061  1.822         319318            2.845        100.0
mid_random_01           18.387082   29335628      53054780  1.809         338486            3.061        100.0
mid_random_02           17.796396   28392654      52904484  1.863         314105            2.854        100.0
mid_random_03           19.401021   30954197      55108757  1.780         329909            2.874        100.0
mid_random_04           19.306002   30802563      54846488  1.781         325655            2.847        100.0
path_00                 80.549549  128537901     117326891  0.913         520039            2.241        100.0
small_random_00         16.539676   26386908      51435771  1.949         282540            2.535        100.0
small_random_01         16.571914   26426670      51591576  1.952         284611            2.546        100.0
small_random_02         16.548109   26400390      51421460  1.948         280838            2.520        100.0
small_random_03         16.528310   26367947      51422693  1.950         279183            2.505        100.0
small_random_04         16.697308   26638794      51770988  1.943         289453            2.581        100.0
star_plus_one_00        32.446284   51751725      90059242  1.740          85840            0.475        100.0
triangle_path_00        57.880191   92379840     100940146  1.093         446014            2.214        100.0

submissions/graph/st_numbering/nandhagk.cpp
SHA-256: aa4e8ec2c1c02fe24ca602206a6f71cc3873f9fc0880fe87075ce13bc8c75eae
Measured: bench/graph-polish-20261002/accepted-37 [nandhagk]
case              task-clock (ms)     cycles  instructions    IPC  branch-misses  branch-miss (%)  running (%)
max (path_00)           82.899131          -             -      -              -                -            -
sum                    693.594869          -             -      -              -                -            -
example_00               1.029393    1628252       2451696  1.506           7179            1.275        100.0
example_01               1.015494    1605846       2462912  1.534           7157            1.262        100.0
complete_00             14.093522   22483126      47542964  2.115         192154            2.285        100.0
cycle_00                81.971058  130796303     123444986  0.944         541734            2.764        100.0
cycle_01                78.467817  125244193     114575316  0.915         539492            3.061        100.0
max_random_00           12.465584   19883628      43901891  2.208         164469            2.051        100.0
max_random_01           14.068877   22444354      48058092  2.141         170208            2.007        100.0
max_random_02           19.378191   30919252      54728072  1.770         203452            2.184        100.0
max_random_03           46.562389   74281229      72650509  0.978         584191            5.272        100.0
max_random_04           12.453529   19865867      43886985  2.209         164733            2.055        100.0
max_random_05           14.075160   22453983      48053930  2.140         169685            2.001        100.0
max_random_06           19.287063   30773337      54753488  1.779         204119            2.190        100.0
max_random_07           46.585432   74349490      72685366  0.978         582206            5.249        100.0
mid_no_00               10.724067   17103095      39357299  2.301         210503            3.362        100.0
mid_no_01               11.067937   17652788      39385665  2.231         239491            3.776        100.0
mid_random_00           13.986696   22310683      45308387  2.031         326505            4.401        100.0
mid_random_01           13.997393   22328763      44562173  1.996         345127            4.693        100.0
mid_random_02           14.072353   22448511      45401470  2.022         330490            4.441        100.0
mid_random_03           13.837588   22073452      44759997  2.028         328757            4.488        100.0
mid_random_04           13.833505   22067242      44569759  2.020         330922            4.504        100.0
path_00                 82.899131  132316540     122838821  0.928         543844            2.796        100.0
small_random_00         13.907392   22185069      45178595  2.036         316075            3.904        100.0
small_random_01         13.986992   22311777      45336277  2.032         318836            3.925        100.0
small_random_02         13.799146   22000558      45086411  2.049         313391            3.877        100.0
small_random_03         13.828655   22059317      45119743  2.045         313922            3.883        100.0
small_random_04         14.184530   22627673      45515161  2.011         326052            4.003        100.0
star_plus_one_00        30.222850   48229975      77547327  1.608          90718            0.761        100.0
triangle_path_00        57.793125   92240183      96992820  1.052         475985            3.106        100.0

src/graph/st_numbering/main.cxx
SHA-256: 5291fa9d640e26c86aac6f2e727c3e8f9d38cd02fe3a0dfcae569c4b30bcc531
Measured: bench/graph-polish-20261002/accepted-37 [main]
case              task-clock (ms)    cycles  instructions    IPC  branch-misses  branch-miss (%)  running (%)
max (path_00)           62.105160         -             -      -              -                -            -
sum                    543.333515         -             -      -              -                -            -
example_00               0.835413   1318836       1753168  1.329           5674            1.460        100.0
example_01               0.800978   1263559       1761302  1.394           5575            1.421        100.0
complete_00              9.505440  15157984      34317564  2.264          12047            0.352        100.0
cycle_00                61.759280  98572028      70364360  0.714         190884            2.061        100.0
cycle_01                62.065749  99060647      69872027  0.705         202021            2.207        100.0
max_random_00            8.800540  14033863      34180823  2.436           9734            0.287        100.0
max_random_01           10.289686  16410361      34498866  2.102          13248            0.384        100.0
max_random_02           14.015337  22357923      36090484  1.614          44777            1.206        100.0
max_random_03           39.721740  63393760      43521224  0.687         336378            6.072        100.0
max_random_04            8.853076  14116987      34201792  2.423           9537            0.281        100.0
max_random_05           10.319623  16457609      34495160  2.096          13348            0.388        100.0
max_random_06           13.817171  22041359      36087416  1.637          45271            1.221        100.0
max_random_07           39.927615  63721732      43522989  0.683         336430            6.072        100.0
mid_no_00                9.433462  15043656      27492841  1.828          92796            3.499        100.0
mid_no_01                9.263677  14771977      27726511  1.877          83912            3.121        100.0
mid_random_00           11.094138  17694673      32953325  1.862         125300            3.788        100.0
mid_random_01           10.809132  17239460      32972023  1.913         114696            3.468        100.0
mid_random_02           11.147117  17778729      33183497  1.866         125362            3.747        100.0
mid_random_03           11.048010  17620758      32826765  1.863         122906            3.726        100.0
mid_random_04           10.875180  17344903      32869612  1.895         115643            3.510        100.0
path_00                 62.105160  99105979      70370269  0.710         190927            2.062        100.0
small_random_00         11.914938  19004434      39106426  2.058         140876            2.876        100.0
small_random_01         11.936563  19038799      39251573  2.062         143116            2.904        100.0
small_random_02         11.907027  18992186      39087951  2.058         140679            2.870        100.0
small_random_03         11.902286  18984038      39103362  2.060         140984            2.879        100.0
small_random_04         12.006489  19149947      39393138  2.057         145955            2.948        100.0
star_plus_one_00        23.467281  37447055      50024183  1.336          40683            0.668        100.0
triangle_path_00        43.711407  69762065      58379760  0.837         269103            3.655        100.0
