2026-10-01 lenovo / Intel(R) Core(TM) i5-10210U CPU @ 1.60GHz
Two complete passes; per binary/case minimum task-clock; all counters from that same run.
Cases: 30, including examples. Units: ms. No CPU pinning.
Compiler: g++ (GCC) 16.2.1 20260819 (Red Hat 16.2.1-2); rustc 1.98.1 (48a229cea 2026-09-01)
Build host: master; glibc 2.43
Environment: Linux 7.2.8-200.fc44.x86_64; affinity [0, 1, 2, 3]; stack 268435456 bytes; bench_env OK.
cxx_flags.txt: -std=c++23 -DEVAL -DONLINE_JUDGE -Iinclude -O3 -fwhole-program -fno-exceptions -fno-rtti -march=x86-64-v3 -fno-pie -no-pie -nostdlib++ -static -lm -s
cpp_flags.txt: -std=c++23 -DEVAL -DONLINE_JUDGE -Iac-library -include cassert -O3 -fwhole-program -fno-exceptions -fno-rtti -march=x86-64-v3 -fno-pie -no-pie -static -lgmp -s
rust_flags.txt: -C opt-level=3 -C codegen-units=1 -C lto=fat -C panic=abort -C target-cpu=x86-64-v3 -C target-feature=+crt-static -C relocation-model=static -C link-arg=-Wl,-u,__cxa_thread_atexit_impl -C strip=symbols

solution                                max (ms)       sum (ms)
MeIoN                                   1720.597867    9766.113614
Rohan_Kapri                              473.618439    2747.652999
adamant                                  476.325495    2753.479890
definieren                              1614.848677    9236.339927
hos                                     1480.941451    8491.652251
main                                     365.372400    2093.952166

submissions/set_power_series/power_projection_of_set_power_series/MeIoN.cpp
SHA-256: 69423f83cca59c925ab15ac1ee4da9a8392daf960e594633ec5bb99bded67144
case                 task-clock (ms)      cycles  instructions    IPC  branch-misses  branch-miss (%)  running (%)
max (max_random_01)      1720.597867           -             -      -              -                -            -
sum                      9766.113614           -             -      -              -                -            -
example_00                  0.985067     1556959       2483774  1.595           6862            1.188        100.0
first_zero_00            1702.815996  2716419967    6478939346  2.385       10995187            1.599        100.0
first_zero_01               2.328503     3701798       7655583  2.068           7832            0.699        100.0
first_zero_02               6.973729    11116907      26457715  2.380          19428            0.665        100.0
issue1147_00                0.979671     1548411       2446113  1.580           6812            1.212        100.0
max_random_00            1711.601244  2730480951    6523641100  2.389       10942165            1.583        100.0
max_random_01            1720.597867  2744818745    6520507126  2.376       11029574            1.598        100.0
max_random_02            1718.138890  2740901670    6520624764  2.379       10956133            1.587        100.0
random_00                1702.758860  2716308252    6480122526  2.386       10998369            1.599        100.0
random_01                   2.470867     3929029       8273440  2.106          10042            0.885        100.0
random_02                   7.313382    11658672      28179063  2.417          26592            0.914        100.0
random_03                   2.460937     3901236       7810579  2.002          10476            0.898        100.0
random_04                 784.721356  1251722530    3056687290  2.442        5067697            1.567        100.0
random_05                   2.192234     3484124       6899064  1.980          14356            1.438        100.0
random_06                   5.671912     9038461      20849102  2.307          15528            0.659        100.0
random_07                 355.518911   567060694    1409700846  2.486        2413450            1.609        100.0
random_08                  22.158166    35355846      88605097  2.506         168091            1.807        100.0
random_09                   4.593292     7317196      15809879  2.161          15022            0.728        100.0
small_00                    0.969253     1531899       2421068  1.580           6617            1.188        100.0
small_01                    0.971265     1534416       2428672  1.583           6682            1.193        100.0
small_02                    1.004679     1588865       2421228  1.524           6672            1.198        100.0
small_03                    0.996139     1575312       2407370  1.528           6685            1.207        100.0
small_04                    0.987365     1560884       2431424  1.558           6733            1.200        100.0
small_05                    0.984004     1555496       2424608  1.559           6772            1.215        100.0
small_06                    0.969849     1532750       2403769  1.568           6598            1.192        100.0
small_07                    1.017176     1608143       2426460  1.509           6684            1.198        100.0
small_08                    0.964385     1524181       2432877  1.596           6776            1.207        100.0
small_09                    0.978898     1546778       2418136  1.563           6628            1.187        100.0
small_10                    0.990769     1565835       2452255  1.566           6711            1.183        100.0
small_11                    0.998948     1578823       2433746  1.541           6678            1.189        100.0

submissions/set_power_series/power_projection_of_set_power_series/Rohan_Kapri.cpp
SHA-256: fdcb51afd87962edbc67982fc066ced1c9bf0c9f630c43567e16ef7f3452ece1
case                 task-clock (ms)     cycles  instructions    IPC  branch-misses  branch-miss (%)  running (%)
max (max_random_01)       473.618439          -             -      -              -                -            -
sum                      2747.652999          -             -      -              -                -            -
example_00                  1.075201    1701199       2619350  1.540           7963            1.323        100.0
first_zero_00             463.717376  739710246    1833256990  2.478         331965            0.307        100.0
first_zero_01               2.369781    3767988       7212508  1.914           9122            0.972        100.0
first_zero_02               7.286547   11616091      27932777  2.405          12724            0.593        100.0
issue1147_00                1.113469    1762088       2689277  1.526           8312            1.345        100.0
max_random_00             472.147506  753263462    1889536736  2.508         348147            0.316        100.0
max_random_01             473.618439  755511239    1889391908  2.501         348037            0.316        100.0
max_random_02             473.459992  755350604    1888938900  2.501         346367            0.315        100.0
random_00                 464.988879  741705419    1833901651  2.473         337586            0.312        100.0
random_01                   2.565068    4079577       7791149  1.910          11491            1.216        100.0
random_02                   7.715849   12301642      29343034  2.385          20519            0.990        100.0
random_03                   2.058076    3269017       5202024  1.591          11144            1.299        100.0
random_04                 228.728807  365037503     940267325  2.576         193548            0.340        100.0
random_05                   2.522517    4010841       7623005  1.901          12520            1.182        100.0
random_06                   5.345978    8517232      18176867  2.134          16826            1.137        100.0
random_07                 108.149576  172591843     443627333  2.570         107488            0.369        100.0
random_08                  14.217344   22680386      58700999  2.588          31084            0.792        100.0
random_09                   3.376047    5373693       8886405  1.654          15932            1.335        100.0
small_00                    1.083304    1714013       2593745  1.513           7590            1.259        100.0
small_01                    1.087224    1720172       2577402  1.498           7849            1.319        100.0
small_02                    1.069344    1690439       2556279  1.512           7672            1.303        100.0
small_03                    1.088436    1721804       2565368  1.490           7693            1.305        100.0
small_04                    1.107169    1752162       2633244  1.503           7733            1.264        100.0
small_05                    1.095230    1732759       2593714  1.497           7973            1.339        100.0
small_06                    1.068831    1690796       2615518  1.547           7889            1.306        100.0
small_07                    1.110984    1758065       2612442  1.486           7884            1.313        100.0
small_08                    1.099004    1739114       2620125  1.507           8043            1.336        100.0
small_09                    1.121747    1775463       2629237  1.481           8041            1.331        100.0
small_10                    1.129980    1788892       2631788  1.471           8131            1.345        100.0
small_11                    1.135294    1796991       2644753  1.472           8114            1.337        100.0

submissions/set_power_series/power_projection_of_set_power_series/adamant.cpp
SHA-256: fdcb51afd87962edbc67982fc066ced1c9bf0c9f630c43567e16ef7f3452ece1
case                 task-clock (ms)     cycles  instructions    IPC  branch-misses  branch-miss (%)  running (%)
max (max_random_02)       476.325495          -             -      -              -                -            -
sum                      2753.479890          -             -      -              -                -            -
example_00                  1.101846    1743199       2680564  1.538           8155            1.310        100.0
first_zero_00             461.246687  735826752    1833289960  2.491         335822            0.310        100.0
first_zero_01               2.332828    3708894       7205921  1.943           9102            0.974        100.0
first_zero_02               7.317571   11666060      27966562  2.397          13246            0.616        100.0
issue1147_00                1.122283    1775676       2696417  1.519           8223            1.324        100.0
max_random_00             473.893663  755914553    1889824854  2.500         348498            0.316        100.0
max_random_01             475.877824  759113328    1889598572  2.489         345166            0.314        100.0
max_random_02             476.325495  759899230    1889906772  2.487         348800            0.317        100.0
random_00                 464.716263  741359577    1833784560  2.474         339313            0.314        100.0
random_01                   2.561074    4072722       7782077  1.911          11601            1.233        100.0
random_02                   7.751898   12359134      29369264  2.376          20737            0.998        100.0
random_03                   2.059078    3271860       5212672  1.593          11114            1.299        100.0
random_04                 230.508091  367872852     940624927  2.557         196206            0.345        100.0
random_05                   2.543982    4045922       7645271  1.890          12552            1.181        100.0
random_06                   5.300388    8445609      18199062  2.155          16801            1.128        100.0
random_07                 108.066162  172474180     443644862  2.572         105051            0.361        100.0
random_08                  14.240085   22716005      58750399  2.586          31227            0.792        100.0
random_09                   3.422761    5447551       8872207  1.629          15989            1.348        100.0
small_00                    1.040794    1646080       2569940  1.561           7588            1.278        100.0
small_01                    1.066129    1686061       2550338  1.513           7699            1.315        100.0
small_02                    1.062682    1680933       2544487  1.514           7555            1.292        100.0
small_03                    1.080269    1708855       2568933  1.503           7787            1.319        100.0
small_04                    1.059391    1675158       2594645  1.549           7821            1.308        100.0
small_05                    1.090909    1726197       2588876  1.500           7874            1.324        100.0
small_06                    1.099382    1739452       2609126  1.500           7885            1.318        100.0
small_07                    1.123607    1778370       2668704  1.501           7993            1.289        100.0
small_08                    1.133327    1792824       2648568  1.477           8312            1.363        100.0
small_09                    1.116432    1766813       2648314  1.499           8011            1.308        100.0
small_10                    1.120765    1772895       2628350  1.483           8043            1.333        100.0
small_11                    1.098224    1737987       2622860  1.509           7969            1.322        100.0

submissions/set_power_series/power_projection_of_set_power_series/definieren.cpp
SHA-256: c261ac8529d6410069658989f6c7c69e604f973df93fa81ddc791e8cbd79cec4
case                 task-clock (ms)      cycles  instructions    IPC  branch-misses  branch-miss (%)  running (%)
max (max_random_00)      1614.848677           -             -      -              -                -            -
sum                      9236.339927           -             -      -              -                -            -
example_00                  0.988002     1561547       2482856  1.590           6883            1.193        100.0
first_zero_00            1594.561516  2543288689    7376232615  2.900        8620524            0.843        100.0
first_zero_01               2.857186     4546186      13207220  2.905           7564            0.360        100.0
first_zero_02               9.381381    14959747      48706602  3.256          24936            0.378        100.0
issue1147_00                0.967040     1528641       2439444  1.596           6588            1.177        100.0
max_random_00            1614.848677  2575500858    7472666506  2.901        8671926            0.839        100.0
max_random_01            1613.747164  2573813927    7465750509  2.901        8686595            0.842        100.0
max_random_02            1610.469218  2568766822    7468392818  2.907        8657742            0.839        100.0
random_00                1595.405789  2544678759    7382219310  2.901        8627492            0.843        100.0
random_01                   3.277772     5217138      15230881  2.919           9516            0.429        100.0
random_02                  10.620550    16937556      54946320  3.244          31225            0.452        100.0
random_03                   3.770694     6004299      15029163  2.503           9806            0.400        100.0
random_04                 760.169684  1212445436    3553652893  2.931        4307811            0.870        100.0
random_05                   2.715425     4319481      11194826  2.592          17246            1.025        100.0
random_06                   8.286666    13213031      43003869  3.255          14683            0.253        100.0
random_07                 355.773358   567576209    1647560655  2.903        2382916            1.023        100.0
random_08                  28.621355    45672839     134192205  2.938         249331            1.372        100.0
random_09                   7.962802    12695683      33949785  2.674          14182            0.268        100.0
small_00                    0.993828     1571374       2437783  1.551           6580            1.171        100.0
small_01                    1.024401     1619633       2442076  1.508           6777            1.204        100.0
small_02                    0.974481     1540565       2437140  1.582           6666            1.187        100.0
small_03                    0.976096     1542781       2449227  1.588           6701            1.183        100.0
small_04                    1.023383     1616923       2469737  1.527           6553            1.140        100.0
small_05                    0.988349     1562512       2442506  1.563           6619            1.180        100.0
small_06                    1.005091     1589469       2440096  1.535           6685            1.189        100.0
small_07                    0.974895     1540386       2448620  1.590           6519            1.151        100.0
small_08                    0.992161     1569201       2475149  1.577           6577            1.142        100.0
small_09                    0.984205     1556299       2432233  1.563           6725            1.203        100.0
small_10                    0.999614     1580258       2478788  1.569           6592            1.143        100.0
small_11                    0.979144     1547768       2424112  1.566           6480            1.163        100.0

submissions/set_power_series/power_projection_of_set_power_series/hos.cpp
SHA-256: 62c10a4e2377f7960a5b39485d8834c8719943eab11b9589f6c984c0491748b8
case                 task-clock (ms)      cycles  instructions    IPC  branch-misses  branch-miss (%)  running (%)
max (max_random_02)      1480.941451           -             -      -              -                -            -
sum                      8491.652251           -             -      -              -                -            -
example_00                  0.968171     1529668       2439716  1.595           6796            1.208        100.0
first_zero_00            1457.485061  2323648772    7177695136  3.089        1624570            0.166        100.0
first_zero_01               3.817263     6078134      16867431  2.775           7304            0.236        100.0
first_zero_02              12.338707    19680502      59466930  3.022          15029            0.154        100.0
issue1147_00                0.961610     1519962       2433965  1.601           6717            1.200        100.0
max_random_00            1478.310715  2357004235    7283634717  3.090        1603181            0.162        100.0
max_random_01            1479.661590  2359298681    7280612353  3.086        1603500            0.162        100.0
max_random_02            1480.941451  2360712923    7284726647  3.086        1621223            0.163        100.0
random_00                1462.357613  2331399569    7176861360  3.078        1589863            0.163        100.0
random_01                   4.215813     6714360      19052024  2.838           9888            0.304        100.0
random_02                  13.697038    21849145      66321877  3.035          21518            0.210        100.0
random_03                   4.497792     7163748      20402113  2.848          10155            0.267        100.0
random_04                 702.412459  1120103654    3508960445  3.133         858150            0.176        100.0
random_05                   3.114964     4957405      13049356  2.632          12416            0.559        100.0
random_06                  11.318770    18052842      55201588  3.058          15368            0.169        100.0
random_07                 324.452339   517216612    1640714653  3.172         440647            0.190        100.0
random_08                  29.342285    46823609     146762039  3.134          59984            0.271        100.0
random_09                   9.865500    15732988      47480986  3.018          15109            0.174        100.0
small_00                    0.990835     1566683       2470485  1.577           6776            1.178        100.0
small_01                    0.986117     1559186       2419842  1.552           6835            1.228        100.0
small_02                    1.005509     1589879       2463133  1.549           6741            1.175        100.0
small_03                    0.969246     1531816       2417599  1.578           6577            1.182        100.0
small_04                    0.978916     1547177       2421450  1.565           6813            1.223        100.0
small_05                    1.003734     1587033       2426443  1.529           6759            1.211        100.0
small_06                    1.009114     1595523       2441405  1.530           6741            1.202        100.0
small_07                    0.972749     1537165       2422860  1.576           6599            1.184        100.0
small_08                    0.983954     1555893       2427625  1.560           6720            1.204        100.0
small_09                    0.995266     1573411       2480815  1.577           6851            1.187        100.0
small_10                    1.002188     1584181       2416916  1.526           6813            1.226        100.0
small_11                    0.995482     1574491       2434383  1.546           6762            1.209        100.0

src/set_power_series/power_projection_of_set_power_series/main.cxx
SHA-256: e93532e3350e624319ff605b9a0daab09f5029f4f6ee8f3f0a7abbe056468be2
case                 task-clock (ms)     cycles  instructions    IPC  branch-misses  branch-miss (%)  running (%)
max (max_random_01)       365.372400          -             -      -              -                -            -
sum                      2093.952166          -             -      -              -                -            -
example_00                  0.783831    1235857       1781501  1.442           5380            1.336        100.0
first_zero_00             347.687190  554511252    1466504087  2.645         487200            0.418        100.0
first_zero_01               0.908655    1435063       2182502  1.521           5694            1.225        100.0
first_zero_02               1.324938    2098846       3619793  1.725           7604            1.166        100.0
issue1147_00                0.743988    1172782       1714240  1.462           5295            1.390        100.0
max_random_00             363.132290  579224186    1484570695  2.563         496662            0.422        100.0
max_random_01             365.372400  582598192    1484725182  2.548         487393            0.414        100.0
max_random_02             364.184921  580813651    1484564601  2.556         482308            0.410        100.0
random_00                 354.773401  565772878    1470148339  2.598         490236            0.420        100.0
random_01                   3.647500    5807368       5506777  0.948           6599            0.765        100.0
random_02                  10.338049   16486714      17274003  1.048           8555            0.379        100.0
random_03                   4.248578    6765740       5176275  0.765           5920            0.702        100.0
random_04                 163.534911  260697261     685190842  2.628         250631            0.457        100.0
random_05                   2.364934    3759599       4194414  1.116           7432            1.079        100.0
random_06                   9.934155   15842850      13828460  0.873           7463            0.387        100.0
random_07                  68.276788  108804924     305789412  2.810         133502            0.542        100.0
random_08                  13.555373   21622439      31853447  1.473          16879            0.472        100.0
random_09                   9.567562   15257531      10617948  0.696           7060            0.446        100.0
small_00                    0.778564    1227856       1755601  1.430           5501            1.399        100.0
small_01                    0.811181    1279399       1784034  1.394           5571            1.381        100.0
small_02                    0.767378    1209452       1731774  1.432           5360            1.395        100.0
small_03                    0.792118    1248460       1730917  1.386           5499            1.431        100.0
small_04                    0.840436    1325535       1778030  1.341           5349            1.331        100.0
small_05                    0.802528    1265941       1759549  1.390           5601            1.420        100.0
small_06                    0.799799    1261763       1764807  1.399           5697            1.441        100.0
small_07                    0.786950    1240057       1707261  1.377           5214            1.374        100.0
small_08                    0.804725    1268259       1744164  1.375           5577            1.435        100.0
small_09                    0.787488    1242461       1742966  1.403           5615            1.452        100.0
small_10                    0.803824    1268025       1754597  1.384           5681            1.453        100.0
small_11                    0.797711    1258020       1742442  1.385           5582            1.445        100.0
