2026-10-02 lenovo / Intel(R) Core(TM) i5-10210U CPU @ 1.60GHz
Two complete passes per binary; per case minimum task-clock; all counters from that same run.
Unchanged binaries reuse their recorded passes; each section identifies its measurement batch.
Cases: 28, including examples. Units: ms. No CPU pinning.
Compiler: g++ (GCC) 16.2.1 20260819 (Red Hat 16.2.1-2); rustc 1.98.1 (48a229cea 2026-09-01)
Build host: fedora; glibc 2.43
Environment: Linux 7.2.8-200.fc44.x86_64; affinity [0, 1, 2, 3]; stack 268435456 bytes; bench_env OK.
cxx_flags.txt: -std=c++23 -DEVAL -DONLINE_JUDGE -Iinclude -O3 -fwhole-program -fno-exceptions -fno-rtti -march=x86-64-v3 -fno-pie -no-pie -nostdlib++ -static -lm -s
cpp_flags.txt: -std=c++23 -DEVAL -DONLINE_JUDGE -Iac-library -include cassert -O3 -fwhole-program -fno-exceptions -fno-rtti -march=x86-64-v3 -fno-pie -no-pie -static -lgmp -s
rust_flags.txt: -C opt-level=3 -C codegen-units=1 -C lto=fat -C panic=abort -C target-cpu=x86-64-v3 -C target-feature=+crt-static -C relocation-model=static -C link-arg=-Wl,-u,__cxa_thread_atexit_impl -C strip=symbols

solution                                max (ms)       sum (ms)
Anonymous                                179.724583    2055.324687
Rohan_Kapri                               31.715359     311.266685
adamant                                  122.635377    1033.820814
cmk666                                   214.137656    2346.475073
nandhagk                                  31.666940     310.464481
main                                      29.799884     269.032559
suffix_array                             180.171959    1868.572710
suffix_automaton                         265.668753    2148.807159

submissions/string/longest_common_substring/Anonymous.cpp
SHA-256: b5f5658f96f74cba3468a1e32596b7ffeaf070fc92f498df5b8caf6063a69ed3
Measured: bench/string-polish-20261002/first [Anonymous]
case                    task-clock (ms)     cycles  instructions    IPC  branch-misses  branch-miss (%)  running (%)
max (max_large_ans_03)       179.724583          -             -      -              -                -            -
sum                         2055.324687          -             -      -              -                -            -
example_00                     1.036820    1639505       2465654  1.504           6744            1.190        100.0
example_01                     1.009537    1596851       2493485  1.562           6705            1.164        100.0
example_02                     1.025735    1620650       2515275  1.552           6946            1.191        100.0
example_03                     0.988992    1563392       2496189  1.597           6786            1.177        100.0
all_same_00                   56.651032   90330853     179881610  1.991           9617            0.024        100.0
all_same_01                   56.513480   90158543     179004190  1.985           9608            0.025        100.0
all_same_02                   56.729329   90524120     179801230  1.986           9719            0.025        100.0
all_same_03                   56.512891   90196238     179826891  1.994           9096            0.023        100.0
max_large_ans_00             166.429284  265402620     256948372  0.968        3687905            6.828        100.0
max_large_ans_01             173.235669  276263803     264983850  0.959        3617194            6.537        100.0
max_large_ans_02             164.941887  263022319     275793997  1.049        2484874            4.353        100.0
max_large_ans_03             179.724583  286625504     276850581  0.966        2992155            5.254        100.0
max_random_00                177.232672  282672146     255374874  0.903        4169516            7.770        100.0
max_random_01                177.890778  283780442     259580152  0.915        3773516            6.966        100.0
max_random_02                179.143282  285679405     269022816  0.942        3091295            5.566        100.0
max_random_03                173.573921  276846137     257513339  0.930        2805283            5.307        100.0
random_00                    135.600810  216228868     204882042  0.948        3350523            7.781        100.0
random_01                    152.052022  242662992     228147760  0.940        3333290            6.999        100.0
random_02                     68.350893  109053326     118084193  1.083        1353369            5.546        100.0
random_03                     68.523113  109348350     118172576  1.081        1270814            5.232        100.0
small_00                       1.007169    1591848       2498294  1.569           6862            1.189        100.0
small_01                       1.007615    1592861       2469279  1.550           6830            1.203        100.0
small_02                       1.027266    1624328       2473210  1.523           6809            1.198        100.0
small_03                       1.030835    1629271       2478914  1.521           6853            1.203        100.0
small_04                       1.047585    1656755       2473618  1.493           6753            1.188        100.0
small_05                       1.027567    1624785       2489906  1.532           6770            1.176        100.0
small_06                       1.019265    1611445       2471877  1.534           6702            1.180        100.0
small_07                       0.990655    1565483       2466610  1.576           6745            1.190        100.0

submissions/string/longest_common_substring/Rohan_Kapri.cpp
SHA-256: 1e697f4e95096adaf5013a5526732399313f74b8d013e5ed088c0dace6508f3e
Measured: bench/string-polish-20261002/first [Rohan_Kapri]
case                 task-clock (ms)    cycles  instructions    IPC  branch-misses  branch-miss (%)  running (%)
max (max_random_02)        31.715359         -             -      -              -                -            -
sum                       311.266685         -             -      -              -                -            -
example_00                  1.039327   1642789       2491415  1.517           7463            1.291        100.0
example_01                  1.006101   1590366       2481871  1.561           7475            1.304        100.0
example_02                  1.012159   1599917       2478339  1.549           7525            1.314        100.0
example_03                  1.022211   1615209       2480334  1.536           7360            1.284        100.0
all_same_00                 2.544941   4047328      12805960  3.164           7519            0.207        100.0
all_same_01                 2.542774   4043046      12744097  3.152           7508            0.208        100.0
all_same_02                 2.534795   4030379      12828495  3.183           7462            0.205        100.0
all_same_03                 2.530293   4023471      12859158  3.196           7563            0.207        100.0
max_large_ans_00           25.314618  40309642      44023569  1.092         255137            2.696        100.0
max_large_ans_01           25.242979  40194635      43737544  1.088         259064            2.749        100.0
max_large_ans_02           25.410727  40462975      44379039  1.097         252000            2.641        100.0
max_large_ans_03           27.548499  43876693      47953742  1.093         286479            2.822        100.0
max_random_00              29.949946  47709997      51896249  1.088         313009            2.935        100.0
max_random_01              29.952981  47713583      51855493  1.087         312590            2.922        100.0
max_random_02              31.715359  50509360      54609778  1.081         342794            3.062        100.0
max_random_03              30.902371  49188477      52736171  1.072         336290            3.076        100.0
random_00                  23.604328  37580047      42710751  1.137         189546            2.164        100.0
random_01                  24.959711  39743474      45547814  1.146         215241            2.299        100.0
random_02                   7.464748  11899484      19113115  1.606         110874            2.788        100.0
random_03                   6.818145  10867640      18929610  1.742         109726            2.818        100.0
small_00                    1.026164   1622578       2457273  1.514           7442            1.318        100.0
small_01                    1.030038   1628335       2443611  1.501           7286            1.297        100.0
small_02                    1.018849   1611135       2505357  1.555           7479            1.284        100.0
small_03                    1.005792   1590057       2480212  1.560           7432            1.297        100.0
small_04                    1.006609   1591045       2467866  1.551           7355            1.288        100.0
small_05                    1.006730   1591568       2478688  1.557           7426            1.297        100.0
small_06                    1.022778   1617551       2480362  1.533           7447            1.300        100.0
small_07                    1.032712   1632571       2449107  1.500           7368            1.308        100.0

submissions/string/longest_common_substring/adamant.cpp
SHA-256: 8a8864ef596a53b8e9421a926801c662f037b18d765c32da4b6b495c34e78480
Measured: bench/string-polish-20261002/first [adamant]
case                 task-clock (ms)     cycles  instructions    IPC  branch-misses  branch-miss (%)  running (%)
max (max_random_01)       122.635377          -             -      -              -                -            -
sum                      1033.820814          -             -      -              -                -            -
example_00                  1.062117    1679595       2536967  1.510           7858            1.341        100.0
example_01                  1.059976    1676325       2552259  1.523           7638            1.291        100.0
example_02                  1.062465    1679839       2555774  1.521           7826            1.321        100.0
example_03                  1.067820    1688723       2551841  1.511           7713            1.304        100.0
all_same_00                18.798569   29908096      48611270  1.625           9816            0.093        100.0
all_same_01                18.735915   29892654      48508443  1.623           9829            0.093        100.0
all_same_02                18.736292   29894192      48597705  1.626           9713            0.092        100.0
all_same_03                18.751570   29903494      48681341  1.628           9988            0.094        100.0
max_large_ans_00           61.923913   98677250      80853884  0.819         698132            5.246        100.0
max_large_ans_01           90.644135  144522834      78243180  0.541         842234            6.499        100.0
max_large_ans_02           63.445398  101135324      81193209  0.803         412269            2.944        100.0
max_large_ans_03           80.058482  127765213     101259407  0.793         490179            2.365        100.0
max_random_00              95.023279  151511613      81348125  0.537         944352            7.175        100.0
max_random_01             122.635377  195560740      79640621  0.407        1032529            7.900        100.0
max_random_02             105.251103  167809506      85959220  0.512         652074            4.339        100.0
max_random_03             107.352487  171334887     104415063  0.609         645851            3.111        100.0
random_00                  70.627071  112520981      65036773  0.578         751869            7.056        100.0
random_01                 102.952020  164127375      68058060  0.415         892226            7.823        100.0
random_02                  25.661032   40947058      25315956  0.618         247592            4.151        100.0
random_03                  20.384824   32525735      23578408  0.725         195369            3.249        100.0
small_00                    1.082956    1712541       2535289  1.480           7750            1.323        100.0
small_01                    1.075798    1701792       2529083  1.486           7664            1.311        100.0
small_02                    1.056222    1670832       2532619  1.516           7711            1.318        100.0
small_03                    1.053380    1665741       2512192  1.508           7540            1.307        100.0
small_04                    1.075666    1701167       2530869  1.488           7662            1.310        100.0
small_05                    1.104227    1746794       2537094  1.452           7748            1.322        100.0
small_06                    1.047076    1655507       2504202  1.513           7500            1.303        100.0
small_07                    1.091644    1726796       2562490  1.484           7646            1.285        100.0

submissions/string/longest_common_substring/cmk666.cpp
SHA-256: d2b79b599d297a46a0eee5302a570518b393b75866e0b10d5446c562b34f1d44
Measured: bench/string-polish-20261002/first [cmk666]
case                 task-clock (ms)     cycles  instructions    IPC  branch-misses  branch-miss (%)  running (%)
max (max_random_02)       214.137656          -             -      -              -                -            -
sum                      2346.475073          -             -      -              -                -            -
example_00                  1.016915    1607798       2480209  1.543           6932            1.209        100.0
example_01                  1.038582    1642006       2475147  1.507           6858            1.199        100.0
example_02                  1.010796    1597758       2477294  1.550           6968            1.217        100.0
example_03                  1.024688    1619873       2499642  1.543           6932            1.193        100.0
all_same_00                60.083925   95896142     149895515  1.563           9627            0.035        100.0
all_same_01                59.956334   95664647     149059018  1.558           9930            0.036        100.0
all_same_02                59.990928   95665007     150304508  1.571          10331            0.037        100.0
all_same_03                60.282953   96129487     149654075  1.557           9197            0.033        100.0
max_large_ans_00          182.290446  290757995     228385656  0.785        4553766           10.932        100.0
max_large_ans_01          198.583920  316669728     235217366  0.743        4841122           11.240        100.0
max_large_ans_02          191.961150  306293468     245874053  0.803        3638520            8.154        100.0
max_large_ans_03          211.681585  337671888     248230111  0.735        4582164           10.085        100.0
max_random_00             195.712793  312086727     227010190  0.727        5249547           12.528        100.0
max_random_01             205.322697  327427167     231919567  0.708        5193916           12.106        100.0
max_random_02             214.137656  341676925     241012352  0.705        4889625           10.944        100.0
max_random_03             209.511475  334136445     232343429  0.695        4645350           10.814        100.0
random_00                 151.769700  242209437     182173948  0.752        4214891           12.530        100.0
random_01                 175.897523  280633378     203617305  0.726        4570425           12.127        100.0
random_02                  78.801316  125759219     105535724  0.839        2005169           10.167        100.0
random_03                  78.307468  124986908     105960787  0.848        1925242            9.735        100.0
small_00                    1.020529    1614122       2491884  1.544           6801            1.173        100.0
small_01                    1.000592    1581931       2444361  1.545           6698            1.191        100.0
small_02                    1.010351    1596534       2443939  1.531           6739            1.199        100.0
small_03                    0.984781    1556697       2498831  1.605           6732            1.159        100.0
small_04                    1.025963    1622399       2445248  1.507           6783            1.206        100.0
small_05                    1.022832    1617296       2444685  1.512           6693            1.190        100.0
small_06                    1.019078    1611865       2478308  1.538           6896            1.204        100.0
small_07                    1.008097    1593889       2451298  1.538           6724            1.194        100.0

submissions/string/longest_common_substring/nandhagk.cpp
SHA-256: 1e697f4e95096adaf5013a5526732399313f74b8d013e5ed088c0dace6508f3e
Measured: bench/string-polish-20261002/first [nandhagk]
case                 task-clock (ms)    cycles  instructions    IPC  branch-misses  branch-miss (%)  running (%)
max (max_random_02)        31.666940         -             -      -              -                -            -
sum                       310.464481         -             -      -              -                -            -
example_00                  1.011314   1598574       2475241  1.548           7491            1.310        100.0
example_01                  0.999943   1580001       2496590  1.580           7459            1.288        100.0
example_02                  1.020110   1612143       2491201  1.545           7452            1.290        100.0
example_03                  1.022793   1617089       2487960  1.539           7370            1.276        100.0
all_same_00                 2.525259   4014273      12832430  3.197           7394            0.203        100.0
all_same_01                 2.535195   4031562      12798794  3.175           7576            0.209        100.0
all_same_02                 2.547819   4039932      12822189  3.174           7870            0.216        100.0
all_same_03                 2.547908   4051343      12823937  3.165           7661            0.211        100.0
max_large_ans_00           25.464597  40550231      44153694  1.089         255625            2.688        100.0
max_large_ans_01           24.997319  39787715      43746090  1.099         260211            2.762        100.0
max_large_ans_02           25.259368  40220324      44429939  1.105         251359            2.631        100.0
max_large_ans_03           27.592588  43946706      47855010  1.089         286090            2.825        100.0
max_random_00              30.151733  48030760      51921836  1.081         314788            2.948        100.0
max_random_01              29.537252  47051269      51806445  1.101         310983            2.911        100.0
max_random_02              31.666940  50451199      54572121  1.082         342237            3.058        100.0
max_random_03              30.603008  48752451      52715307  1.081         336168            3.075        100.0
random_00                  23.648469  37651369      42766328  1.136         190499            2.170        100.0
random_01                  24.850344  39569716      45521526  1.150         215292            2.301        100.0
random_02                   7.481720  11927292      19144868  1.605         111365            2.795        100.0
random_03                   6.792977  10815610      18925674  1.750         110205            2.832        100.0
small_00                    1.052602   1664130       2481639  1.491           7457            1.300        100.0
small_01                    1.018887   1610968       2450378  1.521           7336            1.303        100.0
small_02                    1.021216   1614960       2479641  1.535           7380            1.288        100.0
small_03                    1.041343   1646737       2481733  1.507           7483            1.305        100.0
small_04                    1.016787   1607817       2444236  1.520           7321            1.303        100.0
small_05                    0.998192   1577654       2481095  1.573           7307            1.275        100.0
small_06                    1.034886   1636771       2480616  1.516           7435            1.298        100.0
small_07                    1.023912   1618635       2456597  1.518           7322            1.298        100.0

src/string/longest_common_substring/main.cxx
SHA-256: d66051491137a13f194259d55fc6790dcc28c53423d8376a3637f784a8939311
Measured: bench/string-polish-20261002/sixth [main]
case                 task-clock (ms)    cycles  instructions    IPC  branch-misses  branch-miss (%)  running (%)
max (max_random_00)        29.799884         -             -      -              -                -            -
sum                       269.032559         -             -      -              -                -            -
example_00                  0.829704   1307587       1803145  1.379           5621            1.380        100.0
example_01                  0.787984   1242269       1777282  1.431           5375            1.342        100.0
example_02                  0.810482   1277915       1784127  1.396           5592            1.385        100.0
example_03                  0.781904   1232071       1797729  1.459           5520            1.359        100.0
all_same_00                 1.002704   1584403       2267304  1.431           5459            1.097        100.0
all_same_01                 1.007174   1591952       2279785  1.432           5458            1.091        100.0
all_same_02                 1.025656   1621892       2292839  1.414           5534            1.101        100.0
all_same_03                 1.033219   1633310       2294018  1.405           5770            1.147        100.0
max_large_ans_00           26.084478  41580779      39913296  0.960         749908            9.115        100.0
max_large_ans_01           24.010641  38271344      39325151  1.028         629396            8.176        100.0
max_large_ans_02           19.987971  31849723      39388156  1.237         351212            4.942        100.0
max_large_ans_03           20.655932  32900184      41900060  1.274         318672            4.300        100.0
max_random_00              29.799884  47511741      46996575  0.989         811373            8.680        100.0
max_random_01              27.942706  44547782      46286868  1.039         682544            7.719        100.0
max_random_02              25.274691  40288707      47474743  1.178         441812            5.181        100.0
max_random_03              23.373692  37253829      45671439  1.226         369034            4.555        100.0
random_00                  22.698220  36174644      36744704  1.016         587190            8.032        100.0
random_01                  23.069030  36766988      39044028  1.062         531885            7.140        100.0
random_02                   6.472634  10317056      13237812  1.283         126079            5.140        100.0
random_03                   5.969839   9514007      12386826  1.302         111400            4.827        100.0
small_00                    0.811030   1278929       1798942  1.407           5518            1.357        100.0
small_01                    0.805898   1271243       1794359  1.411           5520            1.360        100.0
small_02                    0.764724   1204744       1772273  1.471           5270            1.314        100.0
small_03                    0.825322   1301353       1783559  1.371           5579            1.388        100.0
small_04                    0.793379   1250723       1796880  1.437           5581            1.374        100.0
small_05                    0.831868   1311521       1787559  1.363           5561            1.382        100.0
small_06                    0.778258   1226451       1801002  1.468           5539            1.361        100.0
small_07                    0.803535   1267679       1781243  1.405           5489            1.361        100.0

src/string/longest_common_substring/suffix_array.cxx
SHA-256: 6b0312d0dcd97186923be8676360b019e72893ee7938d0f959da3fd9da66f5ea
Measured: bench/string-polish-20261002/eighth [suffix_array]
case                 task-clock (ms)     cycles  instructions    IPC  branch-misses  branch-miss (%)  running (%)
max (max_random_02)       180.171959          -             -      -              -                -            -
sum                      1868.572710          -             -      -              -                -            -
example_00                  0.831385    1312039       1811237  1.380           5714            1.395        100.0
example_01                  0.808621    1274716       1787406  1.402           5480            1.353        100.0
example_02                  0.831919    1312084       1831153  1.396           5604            1.357        100.0
example_03                  0.825999    1303400       1806469  1.386           5604            1.372        100.0
all_same_00                25.096814   40047541     129496572  3.234           9760            0.036        100.0
all_same_01                24.920039   39753382     129021677  3.246           9558            0.036        100.0
all_same_02                24.943554   39804158     129247612  3.247           9395            0.035        100.0
all_same_03                25.139528   40115385     129683578  3.233           9639            0.036        100.0
max_large_ans_00          150.896918  240774173     258886562  1.075        4407445            8.894        100.0
max_large_ans_01          160.565973  256174855     263587877  1.029        4711870            9.395        100.0
max_large_ans_02          151.637807  241782795     304102252  1.258        3462078            6.125        100.0
max_large_ans_03          177.235829  282613163     309784189  1.096        4601201            8.032        100.0
max_random_00             169.115396  269832942     258107117  0.957        5306947           10.712        100.0
max_random_01             168.748801  269254052     262977011  0.977        5049615           10.028        100.0
max_random_02             180.171959  287445209     303994806  1.058        4876043            8.582        100.0
max_random_03             174.343420  278167721     296693371  1.067        4549086            8.218        100.0
random_00                 133.631693  213271675     207042369  0.971        4252683           10.698        100.0
random_01                 148.006325  236159653     232714680  0.985        4438400            9.954        100.0
random_02                  73.043909  116567074     136217918  1.169        1980665            7.756        100.0
random_03                  71.251228  113722103     133614172  1.175        1869560            7.532        100.0
small_00                    0.824098    1298940       1785208  1.374           5409            1.339        100.0
small_01                    0.840581    1325737       1807007  1.363           5595            1.370        100.0
small_02                    0.816320    1286508       1801057  1.400           5426            1.332        100.0
small_03                    0.782768    1233864       1781107  1.444           5321            1.320        100.0
small_04                    0.816555    1286583       1807968  1.405           5660            1.385        100.0
small_05                    0.801303    1262878       1794692  1.421           5420            1.334        100.0
small_06                    0.826761    1303916       1790689  1.373           5480            1.352        100.0
small_07                    0.817207    1288853       1800326  1.397           5532            1.357        100.0

src/string/longest_common_substring/suffix_automaton.cxx
SHA-256: 2728188ae1184cc18fc5abd4a1dbb9c443f7751ae64beca521bfcac2322a8786
Measured: bench/string-polish-20261002/eighth [suffix_automaton]
case                 task-clock (ms)     cycles  instructions    IPC  branch-misses  branch-miss (%)  running (%)
max (max_random_01)       265.668753          -             -      -              -                -            -
sum                      2148.807159          -             -      -              -                -            -
example_00                  0.804982    1269621       1797469  1.416           5343            1.314        100.0
example_01                  0.819882    1292936       1786983  1.382           5281            1.306        100.0
example_02                  0.819252    1291274       1803943  1.397           5574            1.366        100.0
example_03                  0.836103    1318652       1792144  1.359           5312            1.311        100.0
all_same_00                 1.043754    1649963       2280503  1.382           5532            1.105        100.0
all_same_01                 1.024163    1619053       2286259  1.412           5521            1.100        100.0
all_same_02                 1.015939    1606045       2281469  1.421           5362            1.071        100.0
all_same_03                 1.047951    1657252       2303632  1.390           5584            1.107        100.0
max_large_ans_00          163.935375  261629304     194135008  0.742        1214934            3.320        100.0
max_large_ans_01          208.564020  332881805     189143172  0.568        1368213            3.795        100.0
max_large_ans_02          159.270769  254180493     184785468  0.727        1029423            2.983        100.0
max_large_ans_03          171.287725  273353131     181729499  0.665         937748            2.760        100.0
max_random_00             220.964360  352639767     193548574  0.549        1463595            3.953        100.0
max_random_01             265.668753  424001616     191273237  0.451        1552103            4.198        100.0
max_random_02             264.786284  422603189     188515572  0.446        1270446            3.511        100.0
max_random_03             221.037380  352762930     182630552  0.518        1058348            3.060        100.0
random_00                 166.215092  265278665     152239200  0.574        1163111            3.988        100.0
random_01                 218.081400  348060025     159941666  0.460        1329052            4.291        100.0
random_02                  44.054023   70306969      34168645  0.486         318015            4.681        100.0
random_03                  30.948278   49386403      26553693  0.538         209259            3.923        100.0
small_00                    0.832985    1314106       1790156  1.362           5318            1.314        100.0
small_01                    0.850555    1341821       1794350  1.337           5566            1.370        100.0
small_02                    0.804362    1268596       1791436  1.412           5263            1.300        100.0
small_03                    0.824266    1299622       1800449  1.385           5516            1.355        100.0
small_04                    0.835092    1317781       1802946  1.368           5506            1.350        100.0
small_05                    0.819915    1293563       1793484  1.386           5491            1.352        100.0
small_06                    0.802186    1264089       1774941  1.404           5266            1.310        100.0
small_07                    0.812313    1280950       1800607  1.406           5543            1.362        100.0
