case                   task-clock (ms)   cycles  instructions    IPC  branch-misses  branch-miss (%)  running (%)
max (clique_cycle_00)         3.489681        -             -      -              -                -            -
sum                          25.898161        -             -      -              -                -            -
example_00                    0.894270  1677262       1615576  0.963           5454            1.559        100.0
example_01                    0.848588  1590808       1635976  1.028           5446            1.526        100.0
big_00                        0.885113  1659938       1621752  0.977           5404            1.528        100.0
big_01                        0.875395  1641852       1610100  0.981           5262            1.511        100.0
big_02                        0.905324  1698233       1667814  0.982           5836            1.615        100.0
big_03                        0.889491  1666875       1641095  0.985           5604            1.569        100.0
big_04                        0.908898  1704569       1635422  0.959           5758            1.633        100.0
big_05                        0.898826  1686557       1663778  0.986           5766            1.595        100.0
big_06                        0.904135  1696073       1619334  0.955           5503            1.574        100.0
big_07                        0.865794  1623757       1643873  1.012           5551            1.555        100.0
big_08                        0.912232  1710874       1643569  0.961           5783            1.633        100.0
big_09                        0.883393  1656437       1632711  0.986           5431            1.526        100.0
clique_cycle_00               3.489681  6596561      17180825  2.605          12185            0.571        100.0
clique_cycle_01               0.877798  1647089       1624153  0.986           5479            1.566        100.0
clique_cycle_02               1.057845  1987418       2513826  1.265           6442            1.410        100.0
clique_cycle_03               0.910398  1707347       1648917  0.966           5389            1.506        100.0
random_00                     0.897005  1682130       1634668  0.972           5488            1.540        100.0
random_01                     0.882731  1656060       1616675  0.976           5462            1.548        100.0
random_02                     0.893375  1674320       1633655  0.976           5540            1.554        100.0
random_03                     0.864851  1621119       1630906  1.006           5443            1.528        100.0
random_04                     0.909559  1706130       1638039  0.960           5804            1.643        100.0
random_05                     0.885149  1659793       1633451  0.984           5517            1.548        100.0
random_06                     0.877545  1645340       1631886  0.992           5509            1.547        100.0
random_07                     0.886205  1662462       1648488  0.992           5597            1.563        100.0
random_08                     0.906509  1700484       1623502  0.955           5493            1.552        100.0
random_09                     0.888051  1665541       1632652  0.980           5453            1.529        100.0
