2026-10-01 lenovo / Intel(R) Core(TM) i5-10210U CPU @ 1.60GHz
Two complete passes; per binary/case minimum task-clock; all counters from that same run.
Cases: 36, including examples. Units: ms. No CPU pinning.
Compiler: g++ (GCC) 16.2.1 20260819 (Red Hat 16.2.1-2); rustc 1.98.1 (48a229cea 2026-09-01)
Build host: master; glibc 2.43
Environment: Linux 7.2.8-200.fc44.x86_64; affinity [0, 1, 2, 3]; stack 268435456 bytes; bench_env OK.
cxx_flags.txt: -std=c++23 -DEVAL -DONLINE_JUDGE -Iinclude -O3 -fwhole-program -fno-exceptions -fno-rtti -march=x86-64-v3 -fno-pie -no-pie -nostdlib++ -static -lm -s
cpp_flags.txt: -std=c++23 -DEVAL -DONLINE_JUDGE -Iac-library -include cassert -O3 -fwhole-program -fno-exceptions -fno-rtti -march=x86-64-v3 -fno-pie -no-pie -static -lgmp -s
rust_flags.txt: -C opt-level=3 -C codegen-units=1 -C lto=fat -C panic=abort -C target-cpu=x86-64-v3 -C target-feature=+crt-static -C relocation-model=static -C link-arg=-Wl,-u,__cxa_thread_atexit_impl -C strip=symbols

solution                                max (ms)       sum (ms)
IceKylin                                  19.744794     358.368889
MeIoN                                     24.023798     426.656377
learningstud                              13.966787     297.389017
tanakh                                    20.310625     352.012446
urectanc                                  19.051043     344.405717
main                                      13.542695     267.204896

submissions/data_structure/deque/IceKylin.cpp
SHA-256: 9fec7973bc714cf2f7be91cf2fe721003e3e49ae085baa0f669f7c23ed512c64
case                 task-clock (ms)    cycles  instructions    IPC  branch-misses  branch-miss (%)  running (%)
max (max_random_18)        19.744794         -             -      -              -                -            -
sum                       358.368889         -             -      -              -                -            -
example_00                  1.056510   1670458       2491462  1.491           7051            1.217        100.0
max_random_00              15.659993  24981447      26393435  1.057         547345           12.576        100.0
max_random_01              15.703175  25051672      26473897  1.057         547779           12.560        100.0
max_random_02              15.602654  24891358      27030713  1.086         535980           12.115        100.0
max_random_03               8.920906  14224310      31138189  2.189         104565            2.501        100.0
max_random_04               8.924053  14230447      32057623  2.253          97735            2.095        100.0
max_random_05               8.048938  12832957      20702421  1.613         174954            5.074        100.0
max_random_06               8.153770  13000131      21235134  1.633         172273            4.654        100.0
max_random_07              17.431687  27810331      47175447  1.696         253249            3.482        100.0
max_random_08              18.920082  30186639      37771211  1.251         500834            9.328        100.0
max_random_09              16.309078  26019126      30531885  1.173         520350           10.892        100.0
max_random_10              13.585628  21671496      24480307  1.130         435672           10.719        100.0
max_random_11              15.882347  25337336      28358282  1.119         501006           10.781        100.0
max_random_12              15.665330  24990586      26672280  1.067         525109           11.768        100.0
max_random_13              17.424989  27800109      31637148  1.138         554065           11.744        100.0
max_random_14              17.239626  27503386      32799771  1.193         505201           10.150        100.0
max_random_15              14.674550  23409721      27441855  1.172         435015            9.403        100.0
max_random_16              18.329833  29231127      34754318  1.189         523866           10.225        100.0
max_random_17              14.050774  22413475      24157748  1.078         468990           11.590        100.0
max_random_18              19.744794  31502474      40965230  1.300         445233            7.561        100.0
max_random_19              14.171475  22606475      23861131  1.055         494182           12.267        100.0
random_00                  12.464275  19867879      21542241  1.084         422167           11.782        100.0
random_01                  14.576086  23251779      25087170  1.079         501804           12.151        100.0
random_02                   2.623396   4172332       5063100  1.213          64510            6.543        100.0
random_03                  13.573570  21651892      23602824  1.090         460805           11.847        100.0
random_04                   9.275585  14790573      16203616  1.096         301930           11.012        100.0
small_00                    1.019743   1612190       2466617  1.530           6917            1.208        100.0
small_01                    1.036430   1638946       2441923  1.490           6893            1.224        100.0
small_02                    1.027030   1623512       2435137  1.500           6953            1.242        100.0
small_03                    1.049758   1660392       2428039  1.462           6873            1.232        100.0
small_04                    1.034169   1635885       2428981  1.485           6899            1.231        100.0
small_05                    1.042860   1649124       2442530  1.481           6895            1.225        100.0
small_06                    1.037911   1641635       2428942  1.480           6768            1.213        100.0
small_07                    1.028655   1626992       2458193  1.511           6915            1.212        100.0
small_08                    1.043586   1651003       2464857  1.493           6847            1.193        100.0
small_09                    1.035643   1638099       2485988  1.518           6937            1.200        100.0

submissions/data_structure/deque/MeIoN.cpp
SHA-256: 88e0095d4d5e22c455bac87b0f727024b355363bd5c327157f2194518e4fbce7
case                 task-clock (ms)    cycles  instructions    IPC  branch-misses  branch-miss (%)  running (%)
max (max_random_18)        24.023798         -             -      -              -                -            -
sum                       426.656377         -             -      -              -                -            -
example_00                  1.032342   1632670       2471602  1.514           6657            1.159        100.0
max_random_00              18.180480  29005770      59764097  2.060         558827            4.949        100.0
max_random_01              18.152076  28960432      59766517  2.064         557693            4.941        100.0
max_random_02              17.794084  28389303      60539643  2.132         518325            4.576        100.0
max_random_03              14.838631  23671404      75290835  3.181         105832            0.818        100.0
max_random_04              15.145259  24160137      78241654  3.238          99459            0.741        100.0
max_random_05              11.240309  17926763      51337569  2.864         175163            1.861        100.0
max_random_06              11.122362  17739474      51391576  2.897         170295            1.806        100.0
max_random_07              19.725463  31472596      92960317  2.954         312047            1.692        100.0
max_random_08              23.681518  37787015      85239071  2.256         491730            3.240        100.0
max_random_09              18.605667  29684868      65777349  2.216         507584            4.152        100.0
max_random_10              15.533058  24779782      56948057  2.298         417491            3.863        100.0
max_random_11              17.475401  27880118      62380708  2.237         499414            4.126        100.0
max_random_12              17.502298  27923538      60427010  2.164         508585            4.380        100.0
max_random_13              21.013842  33516447      72294927  2.157         534861            4.103        100.0
max_random_14              20.837935  33248153      74641459  2.245         486120            3.591        100.0
max_random_15              16.616516  26510328      62051467  2.341         433993            3.603        100.0
max_random_16              21.947092  35018735      78196432  2.233         507505            3.595        100.0
max_random_17              16.000201  25512358      55914775  2.192         464206            4.390        100.0
max_random_18              24.023798  38334402      90323835  2.356         430243            2.628        100.0
max_random_19              16.340564  26068674      55898210  2.144         483917            4.592        100.0
random_00                  14.214967  22675632      47480949  2.094         416914            4.654        100.0
random_01                  16.645716  26554902      56116036  2.113         490854            4.658        100.0
random_02                   3.012132   4793184       8727732  1.821          66141            3.775        100.0
random_03                  15.386807  24546478      52246049  2.128         443566            4.528        100.0
random_04                  10.455834  16675106      34646837  2.078         297792            4.533        100.0
small_00                    0.993221   1570081       2425684  1.545           6530            1.158        100.0
small_01                    0.998751   1577851       2456864  1.557           6493            1.135        100.0
small_02                    1.026971   1623360       2469438  1.521           6663            1.159        100.0
small_03                    1.009352   1596438       2406074  1.507           6428            1.161        100.0
small_04                    1.028705   1626393       2421107  1.489           6737            1.205        100.0
small_05                    1.003505   1586755       2430959  1.532           6625            1.181        100.0
small_06                    0.999330   1578452       2463031  1.560           6506            1.134        100.0
small_07                    1.032710   1633369       2430686  1.488           6685            1.195        100.0
small_08                    1.022873   1617222       2430446  1.503           6732            1.204        100.0
small_09                    1.016607   1607131       2483054  1.545           6735            1.165        100.0

submissions/data_structure/deque/learningstud.cpp
SHA-256: 5a392ee7fb00355688119856e9c24a5c04a19055b5dd1064ffbac1b1a5193f88
case                 task-clock (ms)    cycles  instructions    IPC  branch-misses  branch-miss (%)  running (%)
max (max_random_08)        13.966787         -             -      -              -                -            -
sum                       297.389017         -             -      -              -                -            -
example_00                  1.983582   3152483       2932746  0.930           6196            0.963        100.0
max_random_00              12.775196  20359905      16305728  0.801         408981           14.323        100.0
max_random_01              12.824844  20456888      16341869  0.799         409317           14.274        100.0
max_random_02              12.831587  20468830      16323464  0.797         408582           14.312        100.0
max_random_03               7.756724  12367857      18007945  1.456          33596            1.119        100.0
max_random_04               7.789246  12420252      17990970  1.449          33386            1.115        100.0
max_random_05               7.643997  12187650      13202555  1.083         150022            5.767        100.0
max_random_06               7.543091  12026557      13042224  1.084         145150            6.094        100.0
max_random_07               8.052789  12840458      28547054  2.223          27479            0.649        100.0
max_random_08              13.966787  22280348      21420343  0.961         355295           10.398        100.0
max_random_09              12.631422  20149213      17729002  0.880         385106           12.594        100.0
max_random_10              11.841849  18888740      15671165  0.830         360749           12.642        100.0
max_random_11              12.299586  19618033      17905966  0.913         371213           12.243        100.0
max_random_12              12.685334  20235501      16860304  0.833         402500           13.766        100.0
max_random_13              13.288844  21198449      18454927  0.871         378394           12.245        100.0
max_random_14              13.014879  20760972      19085354  0.919         360882           11.362        100.0
max_random_15              12.272879  19576944      17554355  0.897         372415           12.677        100.0
max_random_16              13.670259  21806995      20062981  0.920         378043           11.612        100.0
max_random_17              12.024958  19180729      15242870  0.795         371591           13.623        100.0
max_random_18              13.565749  21639509      23342956  1.079         304538            8.336        100.0
max_random_19              12.260937  19557618      15075968  0.771         386884           14.132        100.0
random_00                  10.377338  16551517      13404853  0.810         320309           13.452        100.0
random_01                  12.039928  19204996      15336919  0.799         379453           14.083        100.0
random_02                   3.170219   5046777       4353508  0.863          49300            5.621        100.0
random_03                  11.260206  17960436      14455293  0.805         352136           13.780        100.0
random_04                   8.014049  12778206      10320279  0.808         229133           12.322        100.0
small_00                    1.963074   3119296       2939486  0.942           6049            0.932        100.0
small_01                    1.954524   3105833       2954486  0.951           6149            0.943        100.0
small_02                    1.989145   3161581       2911775  0.921           6029            0.947        100.0
small_03                    2.010521   3195022       2905664  0.909           6050            0.952        100.0
small_04                    1.945626   3092528       2938942  0.950           5978            0.921        100.0
small_05                    1.980726   3135942       2913109  0.929           6199            0.973        100.0
small_06                    1.995238   3171300       2911462  0.918           5914            0.929        100.0
small_07                    1.986487   3156775       2948600  0.934           6098            0.935        100.0
small_08                    1.998909   3177142       2947707  0.928           6131            0.942        100.0
small_09                    1.978488   3143939       2915000  0.927           6148            0.965        100.0

submissions/data_structure/deque/tanakh.rs
SHA-256: f5053a0f4860aa3a017158ee5b45c17c2da2af77542036349350712704b39b55
case                 task-clock (ms)    cycles  instructions    IPC  branch-misses  branch-miss (%)  running (%)
max (max_random_18)        20.310625         -             -      -              -                -            -
sum                       352.012446         -             -      -              -                -            -
example_00                  0.907714   1434148       1950599  1.360           6460            1.473        100.0
max_random_00              13.965194  22276663      42678235  1.916         365963            5.726        100.0
max_random_01              14.023089  22370206      42808145  1.914         366501            5.710        100.0
max_random_02              14.208812  22652994      43361052  1.914         366225            5.653        100.0
max_random_03              15.652511  24971860      65669568  2.630          80555            0.851        100.0
max_random_04              15.665417  24991846      65659722  2.627          79989            0.845        100.0
max_random_05               9.351477  14912883      39709991  2.663          49447            0.817        100.0
max_random_06               9.348454  14907680      39689513  2.662          49088            0.812        100.0
max_random_07              14.168618  22602899      56142925  2.484         254089            3.129        100.0
max_random_08              19.141007  30541058      66275416  2.170         251383            2.651        100.0
max_random_09              15.244722  24319694      47419061  1.950         380540            5.432        100.0
max_random_10              13.289348  21198714      41376360  1.952         318724            5.093        100.0
max_random_11              14.671745  23404945      43752424  1.869         403136            6.136        100.0
max_random_12              14.214994  22675907      42483140  1.873         382159            5.986        100.0
max_random_13              16.505985  26333705      55544435  2.109         281714            3.490        100.0
max_random_14              16.941104  27011844      55736030  2.063         310498            3.834        100.0
max_random_15              14.098218  22489511      42750497  1.901         379306            5.912        100.0
max_random_16              17.754228  28326476      59318357  2.094         299703            3.500        100.0
max_random_17              13.282111  21187169      41167986  1.943         317031            5.085        100.0
max_random_18              20.310625  32406670      66504470  2.052         347074            3.662        100.0
max_random_19              12.988632  20717930      40823803  1.970         298943            4.848        100.0
random_00                  11.136966  17763445      34026739  1.916         287083            5.594        100.0
random_01                  13.095871  20890240      40136606  1.921         339382            5.646        100.0
random_02                   2.342349   3724115       6349507  1.705          45487            4.166        100.0
random_03                  12.239745  19523139      37497420  1.921         317203            5.633        100.0
random_04                   8.202965  13078770      24767680  1.894         206342            5.482        100.0
small_00                    0.930540   1469439       1971769  1.342           6329            1.415        100.0
small_01                    0.911320   1438615       1950263  1.356           6343            1.453        100.0
small_02                    0.953122   1506024       1983426  1.317           6351            1.412        100.0
small_03                    0.933997   1475815       1935280  1.311           6312            1.457        100.0
small_04                    0.915407   1445754       1967825  1.361           6382            1.429        100.0
small_05                    0.901348   1423726       1929192  1.355           6108            1.414        100.0
small_06                    0.928168   1466007       1934499  1.320           6383            1.474        100.0
small_07                    0.946843   1496303       1952997  1.305           6402            1.465        100.0
small_08                    0.927355   1464042       1990025  1.359           6156            1.359        100.0
small_09                    0.912445   1441681       1992305  1.382           6493            1.438        100.0

submissions/data_structure/deque/urectanc.rs
SHA-256: 9b0eba0ffda0ab380748a14c6719313ef83ba7e370b9edb0a8596ae823fd42b7
case                 task-clock (ms)    cycles  instructions    IPC  branch-misses  branch-miss (%)  running (%)
max (max_random_18)        19.051043         -             -      -              -                -            -
sum                       344.405717         -             -      -              -                -            -
example_00                  1.089279   1723335       2324336  1.349           6886            1.305        100.0
max_random_00              14.677039  23413959      38505696  1.645         474491            6.040        100.0
max_random_01              14.718834  23480449      38581050  1.643         476006            6.051        100.0
max_random_02              14.619228  23320957      39052183  1.675         463539            5.851        100.0
max_random_03               9.977795  15912558      45248258  2.844          82773            0.903        100.0
max_random_04               9.834180  15683346      43843561  2.796          83498            0.910        100.0
max_random_05               8.886208  14168760      34138632  2.409         169111            2.403        100.0
max_random_06               8.715040  13896933      32396060  2.331         168930            2.322        100.0
max_random_07              14.901736  23771833      61187068  2.574         251204            2.282        100.0
max_random_08              18.370408  29309302      53414405  1.822         461425            4.532        100.0
max_random_09              15.444155  24637516      43501926  1.766         458315            5.420        100.0
max_random_10              13.161451  20994081      37416631  1.782         383753            5.061        100.0
max_random_11              14.932676  23821397      41226958  1.731         445340            5.396        100.0
max_random_12              14.630395  23339044      38960497  1.669         458177            5.781        100.0
max_random_13              16.287424  25983867      46028309  1.771         449934            4.995        100.0
max_random_14              16.372160  26119166      47061130  1.802         437579            4.765        100.0
max_random_15              13.936313  22230871      39355702  1.770         404580            4.977        100.0
max_random_16              17.500111  27920046      49715554  1.781         467937            4.870        100.0
max_random_17              13.477361  21497341      36477017  1.697         398338            5.241        100.0
max_random_18              19.051043  30383653      58055187  1.911         433763            4.042        100.0
max_random_19              13.483760  21507500      35910793  1.670         412927            5.528        100.0
random_00                  11.620290  18533703      30777889  1.661         365384            5.823        100.0
random_01                  13.663962  21794914      36166242  1.659         434454            5.914        100.0
random_02                   2.591755   4122204       6138979  1.489          56390            4.363        100.0
random_03                  12.701544  20259978      33764744  1.667         398995            5.819        100.0
random_04                   8.600331  13713088      22609605  1.649         261652            5.661        100.0
small_00                    1.125589   1781138       2280038  1.280           6967            1.366        100.0
small_01                    1.097453   1736540       2316433  1.334           6942            1.325        100.0
small_02                    1.136668   1798205       2282169  1.269           6971            1.366        100.0
small_03                    1.094833   1731819       2277737  1.315           6957            1.366        100.0
small_04                    1.120633   1773541       2273435  1.282           6907            1.357        100.0
small_05                    1.099654   1739082       2272180  1.307           6869            1.351        100.0
small_06                    1.110590   1757297       2316721  1.318           6962            1.329        100.0
small_07                    1.119883   1771805       2276404  1.285           6852            1.346        100.0
small_08                    1.136830   1799759       2281394  1.268           6908            1.354        100.0
small_09                    1.119106   1770443       2276793  1.286           6903            1.349        100.0

src/data_structure/deque/main.cxx
SHA-256: 1e4e2d5857d3047eb32199351cca1bad90caafd4d061fcc1f3e6454a9046499e
case                 task-clock (ms)    cycles  instructions    IPC  branch-misses  branch-miss (%)  running (%)
max (max_random_18)        13.542695         -             -      -              -                -            -
sum                       267.204896         -             -      -              -                -            -
example_00                  0.848581   1338780       1723106  1.287           5467            1.429        100.0
max_random_00              12.154852  19387112      22528735  1.162         573097           16.259        100.0
max_random_01              12.160532  19395918      22561364  1.163         573786           16.231        100.0
max_random_02              12.187329  19439135      22561638  1.161         573554           16.265        100.0
max_random_03               7.367789  11746433      27640314  2.353          90099            1.974        100.0
max_random_04               7.437849  11858341      27632373  2.330          88801            1.950        100.0
max_random_05               5.684277   9058193      17208750  1.900         173258            5.496        100.0
max_random_06               5.989748   9545311      17942875  1.880         170047            4.672        100.0
max_random_07              10.017046  15973811      42211888  2.643          33428            0.818        100.0
max_random_08              13.202499  21059790      32370310  1.537         428183            9.640        100.0
max_random_09              11.902205  18983431      24705620  1.301         488785           13.690        100.0
max_random_10              10.448699  16663295      21442729  1.287         457589           13.455        100.0
max_random_11              11.356918  18113782      25559012  1.411         429808           11.601        100.0
max_random_12              12.003791  19146522      23606096  1.233         535932           15.040        100.0
max_random_13              12.661965  20196217      26873126  1.331         507518           12.717        100.0
max_random_14              12.563718  20040093      27704612  1.382         467281           11.740        100.0
max_random_15              11.109894  17718753      24955646  1.408         438048           11.784        100.0
max_random_16              13.307011  21226240      29595761  1.394         498370           11.951        100.0
max_random_17              10.680832  17034576      21244135  1.247         456928           12.765        100.0
max_random_18              13.542695  21603234      34818652  1.612         362084            8.420        100.0
max_random_19              11.150904  17784651      20555174  1.156         520002           15.079        100.0
random_00                   9.732208  15520155      18124393  1.168         448530           15.606        100.0
random_01                  11.366002  18127204      21049932  1.161         531929           16.122        100.0
random_02                   2.131066   3386455       4087977  1.207          67350            8.914        100.0
random_03                  10.637665  16965414      19684207  1.160         494571           15.959        100.0
random_04                   7.292365  11624685      13510960  1.162         320959           14.750        100.0
small_00                    0.830830   1311247       1775348  1.354           5549            1.389        100.0
small_01                    0.822890   1297580       1788494  1.378           5553            1.373        100.0
small_02                    0.821188   1295977       1722658  1.329           5448            1.424        100.0
small_03                    0.830380   1309729       1722100  1.315           5540            1.449        100.0
small_04                    0.811584   1280230       1734116  1.355           5317            1.375        100.0
small_05                    0.816096   1288181       1738089  1.349           5529            1.434        100.0
small_06                    0.827934   1306326       1740085  1.332           5559            1.440        100.0
small_07                    0.843636   1331542       1746235  1.311           5570            1.437        100.0
small_08                    0.843187   1330710       1744108  1.311           5660            1.463        100.0
small_09                    0.818731   1292191       1783292  1.380           5600            1.396        100.0
