2026-10-02 lenovo / Intel(R) Core(TM) i5-10210U CPU @ 1.60GHz
Two complete passes per binary; per case minimum task-clock; all counters from that same run.
Unchanged binaries reuse their recorded passes; each section identifies its measurement batch.
Cases: 26, including examples. Units: ms. No CPU pinning.
Compiler: g++ (GCC) 16.2.1 20260819 (Red Hat 16.2.1-2); rustc 1.98.1 (48a229cea 2026-09-01)
Build host: fedora; glibc 2.43
Environment: Linux 7.2.8-200.fc44.x86_64; affinity [0, 1, 2, 3]; stack 268435456 bytes; bench_env OK.
cxx_flags.txt: -std=c++23 -DEVAL -DONLINE_JUDGE -Iinclude -O3 -fwhole-program -fno-exceptions -fno-rtti -march=x86-64-v3 -fno-pie -no-pie -nostdlib++ -static -lm -s
cpp_flags.txt: -std=c++23 -DEVAL -DONLINE_JUDGE -Iac-library -include cassert -O3 -fwhole-program -fno-exceptions -fno-rtti -march=x86-64-v3 -fno-pie -no-pie -static -lgmp -s
rust_flags.txt: -C opt-level=3 -C codegen-units=1 -C lto=fat -C panic=abort -C target-cpu=x86-64-v3 -C target-feature=+crt-static -C relocation-model=static -C link-arg=-Wl,-u,__cxa_thread_atexit_impl -C strip=symbols

solution                                max (ms)       sum (ms)
Anonymous                                186.291949    2642.764136
Nachia                                   155.317549    1717.043277
Rohan_Kapri                              156.249491    1715.489101
TeaTime                                  184.572027    2739.506924
ryoku_                                   203.448269    2538.225553
main                                     109.701334    1079.200622
naive                                    351.662163    1341.292471

submissions/graph/bipartite_edge_coloring/Anonymous.cpp
SHA-256: f92547aade614fd141faa84c4aaedae19f9f5313b9cdcbe77e60a25b018401b6
Measured: bench/graph-polish-20261002/accepted-37 [Anonymous]
case               task-clock (ms)     cycles  instructions    IPC  branch-misses  branch-miss (%)  running (%)
max (random_05)         186.291949          -             -      -              -                -            -
sum                    2642.764136          -             -      -              -                -            -
example_00                1.002426    1585340       2455575  1.549           6814            1.207        100.0
from_issue1124_00       104.137444  166219207     255243306  1.536         518793            1.031        100.0
from_issue1124_01        80.007568  127669351     247040072  1.935         309661            0.630        100.0
from_issue1124_02        77.023370  122936971     244143074  1.986         285574            0.586        100.0
large_cycle_00           79.808328  127382525     322055771  2.528         207441            0.321        100.0
large_cycle_01          104.803101  167257714     293346171  1.754         485501            0.828        100.0
line_00                  62.958302  100484949     281295091  2.799          15494            0.027        100.0
line_01                  63.181054  100840960     281300610  2.790          15632            0.027        100.0
many_smalls_00          161.892528  258377106     537227842  2.079        1809150            1.687        100.0
many_smalls_01          157.165904  250849050     536025563  2.137        1805485            1.684        100.0
max_random_00           130.355960  208053554     352328884  1.693         795473            1.114        100.0
max_random_01           130.427264  208168044     352273954  1.692         796138            1.116        100.0
max_random_02           153.607090  245148127     385289991  1.572         810406            1.057        100.0
random_00                16.079333   25652677      50189315  1.956         115248            1.140        100.0
random_01                24.103885   38447944      72635105  1.889         165133            1.142        100.0
random_02               169.163770  269972222     405212532  1.501        1110831            1.368        100.0
random_03               144.272108  230234915     360362611  1.565         997436            1.391        100.0
random_04                33.414091   53323895     100498556  1.885         226227            1.121        100.0
random_05               186.291949  297343093     450950281  1.517        1431352            1.605        100.0
random_06                26.445379   42200384      79445747  1.883         133670            0.840        100.0
random_07                51.019382   81427322     142479810  1.750         405996            1.422        100.0
random_08               123.349586  196857939     323361450  1.643        1070118            1.666        100.0
random_09                26.362026   42067143      78371652  1.863         189533            1.204        100.0
worst_00                178.646845  285096585     815017746  2.859         475513            0.311        100.0
worst_01                179.080455  285808750     814907341  2.851         487237            0.319        100.0
worst_02                178.164988  284361950     814691836  2.865         463195            0.303        100.0

submissions/graph/bipartite_edge_coloring/Nachia.cpp
SHA-256: 075098b83e5e00026db5248a39fc400a752211e707ec0c5d1aea59a1a0c3cbdc
Measured: bench/graph-polish-20261002/accepted-37 [Nachia]
case               task-clock (ms)     cycles  instructions    IPC  branch-misses  branch-miss (%)  running (%)
max (random_05)         155.317549          -             -      -              -                -            -
sum                    1717.043277          -             -      -              -                -            -
example_00                0.837138    1321368       1859915  1.408           5626            1.350        100.0
from_issue1124_00       123.215873  196649600     116938083  0.595         742243            4.272        100.0
from_issue1124_01        81.028991  129330516     121806577  0.942         411310            2.315        100.0
from_issue1124_02        69.445437  110825802     108260616  0.977         216071            1.312        100.0
large_cycle_00           39.529008   63085172     128317820  2.034           9353            0.047        100.0
large_cycle_01          133.898920  213693178     145892559  0.683         807985            3.756        100.0
line_00                  14.684568   23427018      48900044  2.087           8957            0.095        100.0
line_01                  14.698406   23447899      48957690  2.088           9402            0.099        100.0
many_smalls_00           88.005391  140441593     103919905  0.740        1069938            6.584        100.0
many_smalls_01           84.111875  134252224     103783501  0.773        1072037            6.603        100.0
max_random_00            48.406835   77222118      63553193  0.823         404438            3.540        100.0
max_random_01            48.268913   77036441      63559386  0.825         404598            3.539        100.0
max_random_02           151.304708  241485803     135996104  0.563        1218667            5.939        100.0
random_00                 8.631497   13763533      16783733  1.219          83099            2.938        100.0
random_01                18.825829   30036485      27394540  0.912         220410            5.103        100.0
random_02               105.694803  168689385     103461139  0.613         856242            5.308        100.0
random_03               129.791191  207145660     115312809  0.557        1182591            6.938        100.0
random_04                24.964835   39835457      33655669  0.845         252881            4.726        100.0
random_05               155.317549  247902725     137024053  0.553        1418999            7.185        100.0
random_06                23.816608   38002741      33765787  0.889         231522            4.359        100.0
random_07                24.405541   38930713      33675645  0.865         229732            4.109        100.0
random_08                56.446504   90077347      61935197  0.688         529826            5.345        100.0
random_09                15.201926   24239081      24345440  1.004         142523            3.548        100.0
worst_00                 85.283680  136089161     209800592  1.542         910749            2.903        100.0
worst_01                 85.612190  136621805     209818271  1.536         933248            2.974        100.0
worst_02                 85.615061  136626310     209831871  1.536         919480            2.930        100.0

submissions/graph/bipartite_edge_coloring/Rohan_Kapri.cpp
SHA-256: 075098b83e5e00026db5248a39fc400a752211e707ec0c5d1aea59a1a0c3cbdc
Measured: bench/graph-polish-20261002/accepted-37 [Rohan_Kapri]
case               task-clock (ms)     cycles  instructions    IPC  branch-misses  branch-miss (%)  running (%)
max (random_05)         156.249491          -             -      -              -                -            -
sum                    1715.489101          -             -      -              -                -            -
example_00                0.849945    1342156       1873549  1.396           5749            1.365        100.0
from_issue1124_00       123.229932  196673092     116925531  0.595         743433            4.279        100.0
from_issue1124_01        81.342460  129799091     121831490  0.939         412892            2.323        100.0
from_issue1124_02        69.296468  110601268     108200382  0.978         215738            1.311        100.0
large_cycle_00           39.510716   63055442     128278054  2.034           9591            0.049        100.0
large_cycle_01          131.880348  210479422     145789719  0.693         808323            3.762        100.0
line_00                  14.654452   23378689      48973193  2.095           9102            0.096        100.0
line_01                  14.694985   23443645      48999312  2.090           9391            0.099        100.0
many_smalls_00           87.822018  140160166     103938116  0.742        1068089            6.571        100.0
many_smalls_01           84.069907  134152440     103795549  0.774        1073419            6.610        100.0
max_random_00            48.231496   76975522      63485388  0.825         404725            3.547        100.0
max_random_01            48.519580   77436046      63521104  0.820         403565            3.535        100.0
max_random_02           151.162788  241259906     136030181  0.564        1216676            5.927        100.0
random_00                 8.485021   13529034      16738695  1.237          83394            2.959        100.0
random_01                18.962070   30253807      27425133  0.907         220187            5.083        100.0
random_02               105.527869  168437431     103421242  0.614         853658            5.297        100.0
random_03               130.292433  207955135     115265997  0.554        1178370            6.920        100.0
random_04                25.223372   40248983      33683914  0.837         252969            4.722        100.0
random_05               156.249491  249378404     137039420  0.550        1417903            7.178        100.0
random_06                23.781865   37947843      33756295  0.890         230611            4.344        100.0
random_07                24.251363   38696950      33649889  0.870         228195            4.086        100.0
random_08                56.386244   89980778      61955644  0.689         528474            5.329        100.0
random_09                15.036709   23987295      24312900  1.014         142499            3.553        100.0
worst_00                 85.115630  135853413     209819287  1.544         908216            2.894        100.0
worst_01                 85.282316  136120411     209797256  1.541         911472            2.905        100.0
worst_02                 85.629623  136674392     209807514  1.535         941968            3.002        100.0

submissions/graph/bipartite_edge_coloring/TeaTime.cpp
SHA-256: 6007f147cf2a63d785fec806b45604103ecdf953faa8340a8bca59a8ace4c5a9
Measured: bench/graph-polish-20261002/accepted-37 [TeaTime]
case               task-clock (ms)     cycles  instructions    IPC  branch-misses  branch-miss (%)  running (%)
max (random_05)         184.572027          -             -      -              -                -            -
sum                    2739.506924          -             -      -              -                -            -
example_00                0.995120    1573379       2485077  1.579           6957            1.211        100.0
from_issue1124_00       139.326946  222360810     293502340  1.320         354615            0.651        100.0
from_issue1124_01       116.581057  186038932     290402005  1.561         195517            0.361        100.0
from_issue1124_02       151.827384  242326919     331675178  1.369         193498            0.327        100.0
large_cycle_00           64.239932  102531714     276414981  2.696          73165            0.130        100.0
large_cycle_01           88.818750  141766957     275635949  1.944         382534            0.681        100.0
line_00                  61.297657   97834386     278039099  2.842          15336            0.027        100.0
line_01                  61.368351   97947851     278083709  2.839          14593            0.026        100.0
many_smalls_00          161.938492  258462262     537170920  2.078        1765281            1.645        100.0
many_smalls_01          163.545941  261015795     544421837  2.086        1769241            1.635        100.0
max_random_00           130.638167  208482215     352558703  1.691         792389            1.108        100.0
max_random_01           130.863607  208850060     352913101  1.690         794172            1.110        100.0
max_random_02           155.326782  247891206     383888390  1.549         743245            0.975        100.0
random_00                16.399312   26163206      50234814  1.920         109151            1.081        100.0
random_01                23.230693   37054784      70850821  1.912         151105            1.065        100.0
random_02               168.757978  269307795     403294243  1.498        1089759            1.345        100.0
random_03               142.579722  227571778     358603631  1.576         965483            1.346        100.0
random_04                33.176095   52944506      99618266  1.882         219602            1.095        100.0
random_05               184.572027  294614864     450452045  1.529        1414069            1.583        100.0
random_06                25.440141   40594034      77803339  1.917         121413            0.776        100.0
random_07                51.182413   81671706     142506438  1.745         395265            1.386        100.0
random_08               122.460277  195435841     320442309  1.640        1051517            1.650        100.0
random_09                26.606292   42456434      78296425  1.844         179721            1.141        100.0
worst_00                172.819281  275841878     781256169  2.832         431434            0.294        100.0
worst_01                173.079340  276249473     781277270  2.828         444942            0.304        100.0
worst_02                172.435167  275229551     781102922  2.838         430963            0.294        100.0

submissions/graph/bipartite_edge_coloring/ryoku_.cpp
SHA-256: 4b3473a5f1672c06e55708cd246d9c56dc91f84f5205389c92b2f6034a1269f1
Measured: bench/graph-polish-20261002/accepted-37 [ryoku_]
case               task-clock (ms)     cycles  instructions    IPC  branch-misses  branch-miss (%)  running (%)
max (worst_02)          203.448269          -             -      -              -                -            -
sum                    2538.225553          -             -      -              -                -            -
example_00                0.987329    1560926       2443560  1.565           6979            1.240        100.0
from_issue1124_00        78.746967  125688064     210537278  1.675         620690            1.458        100.0
from_issue1124_01        42.794197   68297103     190607370  2.791          63328            0.162        100.0
from_issue1124_02        55.849784   89138564     206075556  2.312         254021            0.607        100.0
large_cycle_00           49.171770   78478406     228607606  2.913          50986            0.108        100.0
large_cycle_01           90.298876  144092102     249689150  1.733         561268            1.107        100.0
line_00                  75.799328  120948563     314094180  2.597         343691            0.585        100.0
line_01                  75.778688  120919778     314082067  2.597         343898            0.585        100.0
many_smalls_00          129.206730  206215045     327139135  1.586        1794321            2.848        100.0
many_smalls_01          128.897823  205714108     327041220  1.590        1797222            2.852        100.0
max_random_00           135.524625  216297065     383269941  1.772        1912655            2.847        100.0
max_random_01           135.685193  216552158     383327574  1.770        1917271            2.853        100.0
max_random_02           174.363234  278275425     457500977  1.644        2273536            2.769        100.0
random_00                43.711554   69761176     131532663  1.885         490143            2.289        100.0
random_01                48.023804   76644235     139240855  1.817         619639            2.649        100.0
random_02               123.044433  196355616     337342598  1.718        1709301            2.724        100.0
random_03                98.908028  157855378     260928498  1.653        1357896            2.737        100.0
random_04                61.017943   97386310     179066402  1.839         752887            2.526        100.0
random_05               115.461252  184263313     277692944  1.507        1659150            3.189        100.0
random_06                60.986084   97323863     178990007  1.839         770403            2.600        100.0
random_07                71.171696  113594794     198734463  1.750         956766            2.815        100.0
random_08                84.613280  135037739     225978314  1.673        1207869            2.853        100.0
random_09                48.649286   77609583     138680258  1.787         649308            2.763        100.0
worst_00                203.248514  324385641     567870783  1.751        3024410            3.094        100.0
worst_01                202.836866  323728808     568067789  1.755        3014857            3.083        100.0
worst_02                203.448269  324718634     567838579  1.749        3039865            3.110        100.0

src/graph/bipartite_edge_coloring/main.cxx
SHA-256: 045fd56abd17a564c68200428adb990d167f10cda235323eccf824cbb77fbcc0
Measured: bench/graph-polish-20261002/accepted-37 [main]
case               task-clock (ms)     cycles  instructions    IPC  branch-misses  branch-miss (%)  running (%)
max (worst_01)          109.701334          -             -      -              -                -            -
sum                    1079.200622          -             -      -              -                -            -
example_00                0.795687    1255303       1776205  1.415           5667            1.433        100.0
from_issue1124_00        64.377593  102736395      74765674  0.728         843330            5.850        100.0
from_issue1124_01        12.293513   19610087      31116663  1.587          28096            0.523        100.0
from_issue1124_02        12.837775   20478196      32009176  1.563          43415            0.772        100.0
large_cycle_00           11.038845   17606673      33497303  1.903           9475            0.168        100.0
large_cycle_01           53.911408   86028846      72767991  0.846         446545            2.743        100.0
line_00                  12.002436   19145295      35686359  1.864           9699            0.159        100.0
line_01                  12.022399   19176458      35639343  1.858           9754            0.160        100.0
many_smalls_00           61.587682   98278032     124380945  1.266        1046171            4.819        100.0
many_smalls_01           58.709307   93687054     121318568  1.295        1003882            4.735        100.0
max_random_00            55.921487   89213190      67490052  0.757         370310            3.349        100.0
max_random_01            55.683990   88856612      67496572  0.760         372251            3.366        100.0
max_random_02            65.532835  104582807      93794497  0.897         807266            4.753        100.0
random_00                 5.781434    9214543      11596393  1.258          82845            3.797        100.0
random_01                 8.634726   13768302      17123804  1.244         137842            4.381        100.0
random_02                55.125323   87981030      75856388  0.862         523510            4.084        100.0
random_03                54.126070   86374562      82836449  0.959         662605            4.590        100.0
random_04                11.288726   18005206      21425572  1.190         123491            3.350        100.0
random_05                56.318061   89885340      90725479  1.009         623480            4.155        100.0
random_06                 8.596885   13707533      16316275  1.190          95356            3.240        100.0
random_07                17.532689   27972296      30915563  1.105         243225            4.453        100.0
random_08                46.724675   74556166      75908309  1.018         640582            4.920        100.0
random_09                 9.517909   15165012      17464462  1.152         137553            4.263        100.0
worst_00                109.696378  175074406     418353395  2.390         379496            0.539        100.0
worst_01                109.701334  175099451     418341787  2.389         381376            0.542        100.0
worst_02                109.441455  174686070     418348331  2.395         375565            0.533        100.0

src/graph/bipartite_edge_coloring/naive.cxx
SHA-256: 851e4b9f5d0909a41fcb5e1b5620b83d802f30a7f3f118104b30ec42b1ad10ce
Measured: bench/graph-polish-20261002/accepted-37 [naive]
case                  task-clock (ms)     cycles  instructions    IPC  branch-misses  branch-miss (%)  running (%)
max (many_smalls_00)       351.662163          -             -      -              -                -            -
sum                       1341.292471          -             -      -              -                -            -
example_00                   0.800727    1263473       1768006  1.399           5505            1.398        100.0
from_issue1124_00           54.710429   87319742      59535675  0.682         104280            1.715        100.0
from_issue1124_01           33.868259   54048740      53488305  0.990          77803            1.347        100.0
from_issue1124_02           38.892624   62056683      59722214  0.962          78692            1.290        100.0
large_cycle_00              13.044638   20808453      34744913  1.670          29309            0.531        100.0
large_cycle_01              24.459415   39029805      34716611  0.889         109045            1.981        100.0
line_00                     12.037598   19200845      35784997  1.864          10275            0.169        100.0
line_01                     12.086338   19278963      35816785  1.858          10088            0.165        100.0
many_smalls_00             351.662163  561293722     697792955  1.243         446880            1.029        100.0
many_smalls_01              58.017614   92598490     117794200  1.272         443329            3.153        100.0
max_random_00               55.573661   88696963      68037000  0.767         362872            3.269        100.0
max_random_01               55.670376   88835271      68077185  0.766         364909            3.286        100.0
max_random_02               50.723743   80956313      63480000  0.784         310957            3.427        100.0
random_00                    4.682213    7459437       9583134  1.285          43151            2.668        100.0
random_01                    6.619659   10551873      13007441  1.233          58529            2.885        100.0
random_02                   51.133835   81596822      64826977  0.794         347777            3.491        100.0
random_03                   44.824508   71521886      62485695  0.874         330997            3.692        100.0
random_04                   10.677689   17030276      19465957  1.143          95948            3.026        100.0
random_05                   50.733237   80930846      75564316  0.934         405278            3.601        100.0
random_06                    8.023329   12791990      14661700  1.146          63367            2.581        100.0
random_07                   14.207099   22663612      24793246  1.094         133794            3.545        100.0
random_08                   38.584315   61578189      61793736  1.004         344542            3.802        100.0
random_09                    7.665212   12220656      13943879  1.141          68356            3.075        100.0
worst_00                   114.329115  182471503     418355458  2.293         445534            0.651        100.0
worst_01                   114.098913  182119600     418372251  2.297         442136            0.646        100.0
worst_02                   114.165762  182226534     418373651  2.296         441639            0.645        100.0
