case                   task-clock (ms)     cycles  instructions    IPC  branch-misses  branch-miss (%)  running (%)
max (short_period_04)        77.486880          -             -      -              -                -            -
sum                         987.703525          -             -      -              -                -            -
example_00                    0.859304    1610480       1566012  0.972           5142            1.529        100.0
example_01                    0.864849    1621601       1578521  0.973           5289            1.553        100.0
example_02                    0.828236    1551468       1578382  1.017           5203            1.536        100.0
binary_00                    56.376967  106830599     208379354  1.951         381250            1.382        100.0
binary_01                    56.338179  106743436     208225422  1.951         381950            1.386        100.0
binary_02                    56.293624  106693111     208231296  1.952         383770            1.393        100.0
binary_03                    56.421271  106903043     208366950  1.949         383397            1.389        100.0
random_00                    25.936749   49147756      84669132  1.723          97309            0.717        100.0
random_01                    25.838614   48962422      84645546  1.729          97274            0.717        100.0
random_small_sigma_00        76.001203  144016329     326854891  2.270          32368            0.074        100.0
random_small_sigma_01        32.637537   61849957      70248322  1.136         719415            6.442        100.0
random_small_sigma_02        37.003818   70110104      77364923  1.103         838535            6.787        100.0
random_small_sigma_03        34.602780   65441850      80365459  1.228         646150            5.024        100.0
random_small_sigma_04        32.265316   61143893      81497067  1.333         506127            3.881        100.0
short_period_00              76.683793  145297200     328936793  2.264          36342            0.082        100.0
short_period_01              38.585194   73125416     163661325  2.238          19311            0.088        100.0
short_period_02              76.118645  144182460     327078805  2.269          31448            0.072        100.0
short_period_03              38.453485   72876910     163684422  2.246          18504            0.084        100.0
short_period_04              77.486880  146707100     328161861  2.237          30536            0.069        100.0
short_period_05              38.106824   72217170     161631365  2.238          16478            0.076        100.0
short_period_06              75.233535  142552046     321427246  2.255          31076            0.072        100.0
short_period_07              38.019395   72031470     160977514  2.235          19093            0.088        100.0
short_period_08              24.061238   45592519      84706055  1.858          13051            0.096        100.0
short_period_09              12.686089   24030027      43331453  1.803           9565            0.137        100.0
