case                 task-clock (ms)     cycles  instructions    IPC  branch-misses  branch-miss (%)  running (%)
max (max_random_02)       283.298606          -             -      -              -                -            -
sum                      3611.011906          -             -      -              -                -            -
example_00                  0.865755    1623205       1575253  0.970           5359            1.586        100.0
edge_bound_00             269.967888  511535534     737403130  1.442        4133429            3.932        100.0
edge_bound_01             270.377747  512168727     737602508  1.440        4141326            3.936        100.0
edge_bound_02             269.271557  510056998     737803395  1.447        4143199            3.937        100.0
edge_bound_03             271.038078  513463215     737585751  1.436        4137385            3.932        100.0
edge_bound_04             271.322122  513997762     737648083  1.435        4134719            3.930        100.0
max_random_00             281.588293  533405379     730029416  1.369        3744877            3.586        100.0
max_random_01             282.994326  536128319     729986959  1.362        3743958            3.585        100.0
max_random_02             283.298606  536527980     730050686  1.361        3746210            3.587        100.0
max_random_03             279.205571  528953868     729970707  1.380        3739574            3.582        100.0
max_random_04             281.332732  533070486     730048517  1.370        3746876            3.587        100.0
random_00                 200.924271  380645702     563095515  1.479        2904770            3.608        100.0
random_01                 255.887804  484746378     674323901  1.391        3492892            3.620        100.0
random_02                  24.123459   45709497      72677546  1.590         388281            3.757        100.0
random_03                 229.437590  434738272     622890157  1.433        3259893            3.658        100.0
random_04                 134.207662  254128448     394072795  1.551        2063503            3.666        100.0
small_00                    1.071557    2014023       2322373  1.153          10628            2.421        100.0
small_01                    0.935710    1756008       1786168  1.017           7126            1.946        100.0
small_02                    0.898462    1684805       1694615  1.006           6477            1.812        100.0
small_03                    1.229122    2311427       2899194  1.254          13577            2.645        100.0
small_04                    1.033594    1942021       2146516  1.105           9611            2.310        100.0
