case                  task-clock (ms)     cycles  instructions    IPC  branch-misses  branch-miss (%)  running (%)
max (almost_line_01)       421.614550          -             -      -              -                -            -
sum                       1981.202412          -             -      -              -                -            -
example_00                   0.879376    1648148       1611667  0.978           5506            1.588        100.0
example_01                   0.866054    1623804       1621236  0.998           5531            1.579        100.0
almost_line_00             419.587741  795131118    1015893158  1.278        4571373           11.318        100.0
almost_line_01             421.614550  798914910    1016265302  1.272        4566510           11.304        100.0
issue_1216_00               48.181728   91201478     171690591  1.883          35213            0.246        100.0
max_random_00              203.825033  386164868     482028892  1.248        2452873            9.403        100.0
max_random_01              204.658699  387746870     484476377  1.249        2467017            9.418        100.0
max_random_02              200.677327  380210860     473103793  1.244        2382176            9.246        100.0
medium_00                    1.099534    2065705       2229960  1.080           9767            2.490        100.0
medium_01                    1.004767    1886948       1957681  1.037           7969            2.123        100.0
medium_02                    1.061247    1993079       2095594  1.051           9393            2.486        100.0
medium_03                    1.012626    1901256       1952604  1.027           8152            2.190        100.0
medium_04                    1.221004    2296855       2832202  1.233          13675            3.258        100.0
random_00                  131.915077  249983355     336035466  1.344        1699781            9.348        100.0
random_01                  141.941167  268999677     356344613  1.325        1814565            9.332        100.0
random_02                   90.360513  171241363     246369975  1.439        1291996           10.250        100.0
random_03                   47.524871   89993257     100471321  1.116         446197            5.477        100.0
random_04                   59.378983  112526295     178702767  1.588         972397           11.129        100.0
small_00                     0.890751    1669917       1598115  0.957           5349            1.546        100.0
small_01                     0.882341    1655000       1635689  0.988           5514            1.547        100.0
small_02                     0.866035    1624711       1607702  0.990           5489            1.586        100.0
small_03                     0.886675    1662842       1597404  0.961           5469            1.597        100.0
small_04                     0.866313    1624651       1613460  0.993           5441            1.559        100.0
