case             task-clock (ms)    cycles  instructions    IPC  branch-misses  branch-miss (%)  running (%)
max (random_09)        16.100718         -             -      -              -                -            -
sum                   163.999254         -             -      -              -                -            -
example_00              0.868374   1628248       1625262  0.998           5440            1.533        100.0
max_random_00          16.092392  30472800      27367176  0.898         323655           11.076        100.0
max_random_01          15.626818  29591129      27181024  0.919         302523           10.354        100.0
max_random_02          13.628059  25814468      28308105  1.097         265644            9.002        100.0
path_00                 8.875083  16805315      30864931  1.837          22456            0.676        100.0
path_01                 9.411745  17822371      33956814  1.905          22483            0.603        100.0
path_02                 9.525740  18038314      33033290  1.831          29269            0.864        100.0
path_03                 9.903907  18754848      36593926  1.951          28761            0.723        100.0
random_00              11.211657  21235095      20457573  0.963         210771            9.339        100.0
random_01              10.594192  20064275      20420739  1.018         190622            8.366        100.0
random_02               9.743754  18451429      17480318  0.947         200430           10.441        100.0
random_03               3.062800   5787178       6085748  1.052          24079            2.551        100.0
random_04               5.864061  11097523      15096851  1.360         104667            6.294        100.0
random_05              10.890362  20625116      20300548  0.984         221175           10.083        100.0
random_06               7.476745  14154537      15788678  1.115         108543            5.774        100.0
random_07               1.988531   3751798       3823835  1.019          14071            2.128        100.0
random_08               3.134316   5923868       8354012  1.410          51569            5.138        100.0
random_09              16.100718  30501245      27035525  0.886         326250           11.369        100.0
