case                      task-clock (ms)     cycles  instructions    IPC  branch-misses  branch-miss (%)  running (%)
max (many_rectangles_00)       231.938391          -             -      -              -                -            -
sum                           1781.591019          -             -      -              -                -            -
example_00                       0.875016    1640634       1609560  0.981           5504            1.580        100.0
example_01                       0.883400    1656668       1619350  0.977           5620            1.613        100.0
many_points_00                 136.161397  258087619     296843539  1.150        3800186            7.699        100.0
many_rectangles_00             231.938391  439502507     480673562  1.094        7922979            9.733        100.0
max_random_00                  219.040650  415062657     438289001  1.056        7389573            9.917        100.0
max_random_01                  219.252423  415449305     439701304  1.058        7387280            9.881        100.0
power_of_2_00                  104.594399  198191321     224762638  1.134        3335320            8.923        100.0
power_of_2_01                  112.155641  212562615     238153054  1.120        3598685            9.076        100.0
random_00                      102.919985  195020401     213430376  1.094        3861104           10.521        100.0
random_01                       53.462193  101303362     120406867  1.189        1313705            6.853        100.0
random_02                      120.859519  229060105     247350006  1.080        4237867           10.052        100.0
small_00                         1.421521    2676551       2854079  1.066          22743            4.134        100.0
small_01                         1.097294    2062203       2242118  1.087          15605            3.438        100.0
small_02                         1.250063    2350361       2379095  1.012          19476            4.052        100.0
small_03                         1.109574    2085459       2232565  1.071          15780            3.489        100.0
small_04                         1.685779    3177111       3421995  1.077          33659            5.189        100.0
small_coord_00                 158.024922  299337549     358954473  1.199        5257018            8.313        100.0
small_coord_01                 157.407096  298122415     358114970  1.201        5258176            8.333        100.0
small_coord_02                 157.451756  298413553     357901443  1.199        5256783            8.336        100.0
