2026-10-01 lenovo / Intel(R) Core(TM) i5-10210U CPU @ 1.60GHz
Two complete passes; per binary/case minimum task-clock; all counters from that same run.
Cases: 33, including examples. Units: ms. No CPU pinning.
Compiler: g++ (GCC) 16.2.1 20260819 (Red Hat 16.2.1-2); rustc 1.98.1 (48a229cea 2026-09-01)
Build host: master; glibc 2.43
Environment: Linux 7.2.8-200.fc44.x86_64; affinity [0, 1, 2, 3]; stack 268435456 bytes; bench_env OK.
cxx_flags.txt: -std=c++23 -DEVAL -DONLINE_JUDGE -Iinclude -O3 -fwhole-program -fno-exceptions -fno-rtti -march=x86-64-v3 -fno-pie -no-pie -nostdlib++ -static -lm -s
cpp_flags.txt: -std=c++23 -DEVAL -DONLINE_JUDGE -Iac-library -include cassert -O3 -fwhole-program -fno-exceptions -fno-rtti -march=x86-64-v3 -fno-pie -no-pie -static -lgmp -s
rust_flags.txt: -C opt-level=3 -C codegen-units=1 -C lto=fat -C panic=abort -C target-cpu=x86-64-v3 -C target-feature=+crt-static -C relocation-model=static -C link-arg=-Wl,-u,__cxa_thread_atexit_impl -C strip=symbols

solution                                max (ms)       sum (ms)
Anonymous                               1800.259212   16077.536320
Rohan_Kapri                             2261.193838   20792.025937
chaihf                                  1836.274256   15826.601106
cho57020                                2223.082000   24454.294193
nandhagk                                1184.791707    8923.919751
main                                    1116.812449    8612.916011

submissions/data_structure/dynamic_sequence_range_affine_range_sum/Anonymous.cpp
SHA-256: 14f5e73dccad22b159a6081205bbd4255b5cfa7fb788aa813e1a8b5e962545d1
case                   task-clock (ms)      cycles  instructions    IPC  branch-misses  branch-miss (%)  running (%)
max (max_02)               1800.259212           -             -      -              -                -            -
sum                       16077.536320           -             -      -              -                -            -
example_00                   22.003765    35111075      38429949  1.095          11239            0.136        100.0
extreme_insertion_00         41.587308    66286620     159940212  2.413          65325            0.256        100.0
extreme_insertion_01         56.268523    89806913     257172800  2.864          63697            0.152        100.0
extreme_insertion_02         46.323971    73847658     189104187  2.561          62391            0.209        100.0
max_00                     1056.538989  1686246846    1541337216  0.914       14536512            5.252        100.0
max_01                      723.405479  1154569839    1490775722  1.291        9711575            3.633        100.0
max_02                     1800.259212  2873245362    2291183761  0.797       24056639            5.944        100.0
max_03                     1662.513224  2653464149    4080852978  1.538       17754211            4.493        100.0
max_04                     1302.875674  2079383764    2218445996  1.067       16819658            4.235        100.0
max_random_00              1593.971750  2544038651    3203174719  1.259       22938018            6.675        100.0
max_random_01              1604.136974  2560126978    3203268843  1.251       22921619            6.674        100.0
max_random_02              1600.125985  2553831013    3203404210  1.254       23003421            6.695        100.0
random_00                  1227.309368  1958743824    2579587478  1.317       18690608            6.706        100.0
random_01                  1287.535281  2054968854    2644936663  1.287       18893693            6.632        100.0
random_02                   775.990605  1238472396    1907826450  1.540       15306179            7.143        100.0
random_03                   103.539017   165138295     269230684  1.630        1160067            3.388        100.0
random_04                   275.441802   439593139     661615335  1.505        4335991            5.737        100.0
small_00                     22.001062    35044911      37924070  1.082          21149            0.263        100.0
small_01                     21.926306    34943173      37443993  1.072          17746            0.223        100.0
small_02                     21.876790    34907397      37939860  1.087          20165            0.249        100.0
small_03                     21.682693    34597826      37625859  1.088          17996            0.224        100.0
small_04                     22.539200    35964529      39439999  1.097          35180            0.426        100.0
small_05                     21.842572    34852669      37984377  1.090          18051            0.224        100.0
small_06                     21.971189    35014533      37764192  1.079          19043            0.238        100.0
small_07                     21.820809    34758864      37631818  1.083          17970            0.225        100.0
small_08                     21.993739    35093499      37838420  1.078          20497            0.256        100.0
small_09                     22.473696    35859850      38307445  1.068          29228            0.360        100.0
wrong_avl_killer_00          53.777513    85786041     235600389  2.746          65082            0.174        100.0
wrong_avl_killer_01          55.896466    89153354     241625702  2.710          99694            0.273        100.0
wrong_splay_killer_00       129.380262   206484750     379694826  1.839        2054654            3.140        100.0
wrong_splay_killer_01       139.102315   221903405     421620516  1.900        2133069            2.945        100.0
wrong_splay_killer_02       141.237501   225328973     427902372  1.899        2173956            3.006        100.0
wrong_splay_killer_03       158.187280   252446461     482194554  1.910        2472996            3.035        100.0

submissions/data_structure/dynamic_sequence_range_affine_range_sum/Rohan_Kapri.cpp
SHA-256: 055200db12f9f86287b513d93b23d79e7768bda32f8cae5f8c9758e073b4e2f3
case                   task-clock (ms)      cycles  instructions    IPC  branch-misses  branch-miss (%)  running (%)
max (max_02)               2261.193838           -             -      -              -                -            -
sum                       20792.025937           -             -      -              -                -            -
example_00                    1.003291     1586557       2411161  1.520           6745            1.213        100.0
extreme_insertion_00       1076.660407  1718426846    3447082693  2.006        9925507            1.688        100.0
extreme_insertion_01       1081.335640  1725963814    3455677243  2.002        9622353            1.633        100.0
extreme_insertion_02       1014.924731  1619943243    3281756704  2.026        8729839            1.564        100.0
max_00                      703.793362  1123160986    1374543431  1.224        5959388            2.637        100.0
max_01                      519.408902   828957364    1025960720  1.238        5766270            3.877        100.0
max_02                     2261.193838  3608954576    3290641549  0.912       24914562            5.394        100.0
max_03                     1296.412134  2069174039    3588541475  1.734       13053107            4.215        100.0
max_04                      908.880012  1450637765    1277332073  0.881        9753621            4.129        100.0
max_random_00              1586.767292  2532538767    3079032206  1.216       20973425            6.969        100.0
max_random_01              1580.360957  2522363596    3078414957  1.220       20960670            6.970        100.0
max_random_02              1584.754212  2529284509    3081609181  1.218       20999762            6.972        100.0
random_00                  1229.787092  1962721471    2470882883  1.259       17178640            7.082        100.0
random_01                  1284.697127  2050333326    2546221245  1.242       17255472            6.892        100.0
random_02                   734.703037  1172656938    1774250054  1.513       13956282            7.963        100.0
random_03                   117.301852   187232903     306898213  1.639        1021371            2.621        100.0
random_04                   275.944231   440421782     640918653  1.455        3813361            5.680        100.0
small_00                      1.346315     2133183       3293537  1.544          15770            2.377        100.0
small_01                      1.166266     1845367       2853832  1.546          13205            2.164        100.0
small_02                      1.239037     1961930       2930555  1.494          14731            2.322        100.0
small_03                      1.155270     1828404       2844704  1.556          12798            2.106        100.0
small_04                      1.729842     2746115       4266781  1.554          28213            3.619        100.0
small_05                      1.249579     1979435       3160970  1.597          12898            1.993        100.0
small_06                      1.361827     2157910       3286242  1.523          14147            2.107        100.0
small_07                      1.238142     1961205       3084106  1.573          12806            1.966        100.0
small_08                      1.341152     2124694       3305567  1.556          15949            2.398        100.0
small_09                      1.463579     2321426       3402168  1.466          22783            3.314        100.0
wrong_avl_killer_00        1001.888962  1599109376    3331173317  2.083        9274341            1.635        100.0
wrong_avl_killer_01         989.747529  1579724400    3440785559  2.178        9570505            1.641        100.0
wrong_splay_killer_00       417.870612   666957614    1586994340  2.379        3593512            1.181        100.0
wrong_splay_killer_01       350.765817   559844331    1427718329  2.550        3701859            1.484        100.0
wrong_splay_killer_02       382.772135   610927800    1461131133  2.392        4522933            1.742        100.0
wrong_splay_killer_03       377.761756   602917533    1513043794  2.510        4454016            1.691        100.0

submissions/data_structure/dynamic_sequence_range_affine_range_sum/chaihf.cpp
SHA-256: 7d6fabc2881b642df1bbc656d115dd1dba990b2e4979b127906f6f37162e526b
case                   task-clock (ms)      cycles  instructions    IPC  branch-misses  branch-miss (%)  running (%)
max (max_02)               1836.274256           -             -      -              -                -            -
sum                       15826.601106           -             -      -              -                -            -
example_00                    0.980837     1549972       2406167  1.552           6432            1.158        100.0
extreme_insertion_00         34.910545    55627023     125314970  2.253          59846            0.282        100.0
extreme_insertion_01         35.070122    55860003     125352937  2.244          60705            0.286        100.0
extreme_insertion_02         39.992882    63739674     146054742  2.291          60135            0.251        100.0
max_00                     1165.308649  1859834174    1754132731  0.943        9860611            4.145        100.0
max_01                      862.067278  1375871009    1586277406  1.153        8877765            4.102        100.0
max_02                     1836.274256  2930746841    2006268477  0.685       19263810            7.575        100.0
max_03                     1570.947687  2507279486    3727474482  1.487       15471951            5.561        100.0
max_04                     1346.848692  2149608216    1884926467  0.877       13076701            5.109        100.0
max_random_00              1593.968812  2543967034    3121878473  1.227       19237575            7.639        100.0
max_random_01              1593.602949  2543431153    3123893122  1.228       19227441            7.631        100.0
max_random_02              1596.255766  2547620210    3123397754  1.226       19252812            7.640        100.0
random_00                  1229.578653  1962400308    2505094113  1.277       15524155            7.645        100.0
random_01                  1281.166736  2044756634    2567794811  1.256       15784808            7.601        100.0
random_02                   769.832503  1228645851    1833078928  1.492       12039751            7.849        100.0
random_03                    89.463887   142692875     206556497  1.448         944792            4.878        100.0
random_04                   263.339690   420181964     604288536  1.438        3578269            7.086        100.0
small_00                      1.269590     2011049       3162949  1.573          13232            2.083        100.0
small_01                      1.174879     1860153       2855765  1.535          11261            1.826        100.0
small_02                      1.223070     1937547       2882329  1.488          12245            2.004        100.0
small_03                      1.158416     1834234       2877830  1.569          11417            1.846        100.0
small_04                      1.686652     2675847       4186527  1.565          23115            3.112        100.0
small_05                      1.236811     1958477       3029189  1.547          11699            1.893        100.0
small_06                      1.240575     1963712       3082051  1.570          12585            2.011        100.0
small_07                      1.178960     1866557       2916214  1.562          11388            1.873        100.0
small_08                      1.280388     2028315       3194438  1.575          13556            2.098        100.0
small_09                      1.384961     2195696       3396908  1.547          17402            2.576        100.0
wrong_avl_killer_00          49.892316    79500681     170052330  2.139         275440            0.994        100.0
wrong_avl_killer_01          66.915943   106567011     229271036  2.151         389929            1.096        100.0
wrong_splay_killer_00        85.275725   136001805     232666112  1.711        1346481            3.687        100.0
wrong_splay_killer_01       101.235515   161415993     261291642  1.619        1487381            3.658        100.0
wrong_splay_killer_02        89.529046   142781383     245400258  1.719        1332807            3.551        100.0
wrong_splay_killer_03       111.308315   177469205     287920093  1.622        1607878            3.701        100.0

submissions/data_structure/dynamic_sequence_range_affine_range_sum/cho57020.cpp
SHA-256: 79835d53fcb724dde10963fe48f27fb13bcdc7ba30671b83ce09aba472acc87c
case                   task-clock (ms)      cycles  instructions    IPC  branch-misses  branch-miss (%)  running (%)
max (max_02)               2223.082000           -             -      -              -                -            -
sum                       24454.294193           -             -      -              -                -            -
example_00                    1.010338     1597543       2437391  1.526           6713            1.187        100.0
extreme_insertion_00       1709.441202  2728513846    4982066746  1.826       17217601            2.058        100.0
extreme_insertion_01       1763.348295  2814534575    4991151257  1.773       16957992            2.024        100.0
extreme_insertion_02       1628.535668  2599365312    4736389906  1.822       15545255            1.963        100.0
max_00                      704.742135  1124832465    1392686099  1.238        5999033            2.656        100.0
max_01                      522.929743   834622817    1041928160  1.248        5764011            3.877        100.0
max_02                     2223.082000  3548159869    3254716584  0.917       23781186            5.336        100.0
max_03                     1296.892733  2069933211    3588668513  1.734       13069298            4.221        100.0
max_04                      908.482324  1450019629    1277948308  0.881        9743686            4.125        100.0
max_random_00              1609.497587  2568812550    3131880951  1.219       21020242            6.925        100.0
max_random_01              1600.241582  2554050716    3132239785  1.226       20993430            6.917        100.0
max_random_02              1605.280667  2562094784    3135045659  1.224       21030548            6.920        100.0
random_00                  1242.296353  1982713137    2512783396  1.267       17185614            7.027        100.0
random_01                  1298.803202  2072982039    2589324121  1.249       17253268            6.832        100.0
random_02                   742.789693  1185549286    1807735444  1.525       13983761            7.889        100.0
random_03                   117.647244   187783809     309059397  1.646        1010049            2.586        100.0
random_04                   277.563828   443016760     649817799  1.467        3806600            5.634        100.0
small_00                      1.318100     2089002       3291737  1.576          15506            2.342        100.0
small_01                      1.204530     1907460       2868374  1.504          13108            2.132        100.0
small_02                      1.233727     1954616       2957238  1.513          14998            2.346        100.0
small_03                      1.222422     1936573       2853094  1.473          12936            2.124        100.0
small_04                      1.776108     2819382       4298222  1.525          28382            3.629        100.0
small_05                      1.310114     2076462       3224932  1.553          12958            1.942        100.0
small_06                      1.340628     2124686       3307557  1.557          14100            2.090        100.0
small_07                      1.249525     1978123       3095853  1.565          13046            1.998        100.0
small_08                      1.364224     2161957       3317264  1.534          15941            2.384        100.0
small_09                      1.494368     2370405       3414802  1.441          23081            3.352        100.0
wrong_avl_killer_00        1581.665715  2524581009    4775235875  1.891       16129812            2.014        100.0
wrong_avl_killer_01        1560.699223  2491093807    4928974297  1.979       16655233            2.022        100.0
wrong_splay_killer_00       578.319221   923045655    2121984903  2.299        5614862            1.391        100.0
wrong_splay_killer_01       457.584760   730351815    1852267318  2.536        5705659            1.808        100.0
wrong_splay_killer_02       508.237276   811179934    1886552543  2.326        6585005            2.004        100.0
wrong_splay_killer_03       501.689658   800711332    1975501287  2.467        6631054            1.967        100.0

submissions/data_structure/dynamic_sequence_range_affine_range_sum/nandhagk.cpp
SHA-256: 49b26611086a2693d651d342847fe42a539d84579c8c92b99ca523df92456b1f
case                   task-clock (ms)      cycles  instructions    IPC  branch-misses  branch-miss (%)  running (%)
max (max_02)               1184.791707           -             -      -              -                -            -
sum                        8923.919751           -             -      -              -                -            -
example_00                    0.913445     1442770       1924140  1.334           6445            1.492        100.0
extreme_insertion_00        158.857182   253553995     836907981  3.301         164577            0.138        100.0
extreme_insertion_01        159.084389   253896298     836847423  3.296         164576            0.138        100.0
extreme_insertion_02        158.982417   253741386     836958470  3.298         165073            0.138        100.0
max_00                      249.757244   398627576     735596233  1.845        3823762            3.607        100.0
max_01                      191.349453   305408639     636335503  2.084        3465362            3.196        100.0
max_02                     1184.791707  1890997048    2384063774  1.261       31492128            9.310        100.0
max_03                     1007.283955  1607722208    3318339395  2.064       15352970            5.879        100.0
max_04                      344.037917   549096662     895654740  1.631        8260130            6.611        100.0
max_random_00               873.891815  1394789048    1931133940  1.385       20501962            9.508        100.0
max_random_01               875.408665  1397118544    1931678626  1.383       20483443            9.503        100.0
max_random_02               875.957073  1398108348    1932654642  1.382       20513681            9.513        100.0
random_00                   685.403749  1093948684    1542414893  1.410       16423232            9.546        100.0
random_01                   716.954430  1144288300    1587498597  1.387       16797154            9.476        100.0
random_02                   465.495092   742966478    1073503562  1.445       11981481           10.159        100.0
random_03                    57.156780    91195798     132886427  1.457        1018764            6.349        100.0
random_04                   163.821854   261462773     374096445  1.431        3792735            8.984        100.0
small_00                      0.982362     1552575       2175128  1.401           8996            1.964        100.0
small_01                      0.902930     1425499       1984830  1.392           7102            1.634        100.0
small_02                      0.933928     1475008       2003297  1.358           7550            1.717        100.0
small_03                      0.918279     1450440       2027989  1.398           7152            1.593        100.0
small_04                      1.167168     1847742       2550474  1.380          12658            2.475        100.0
small_05                      0.991396     1566543       2148050  1.371           8755            1.923        100.0
small_06                      1.010879     1597422       2191328  1.372           9208            1.986        100.0
small_07                      0.959633     1516103       2126186  1.402           8422            1.813        100.0
small_08                      1.004436     1587888       2203252  1.388           9514            2.069        100.0
small_09                      0.957841     1513431       2167330  1.432           8784            1.867        100.0
wrong_avl_killer_00         154.665748   246839935     825414908  3.344         284413            0.239        100.0
wrong_avl_killer_01         147.975900   236162049     801805654  3.395         150224            0.130        100.0
wrong_splay_killer_00       120.185960   191813306     519875093  2.710         679488            0.835        100.0
wrong_splay_killer_01       106.587474   170114893     468259815  2.753         574276            0.781        100.0
wrong_splay_killer_02       110.418839   176244856     510274958  2.895         433316            0.550        100.0
wrong_splay_killer_03       105.109811   167758293     477146809  2.844         513621            0.684        100.0

src/data_structure/dynamic_sequence_range_affine_range_sum/main.cxx
SHA-256: 159f55e089aced3ddea35405065365637fb2b9abc2df0553ca344f8861a79f3a
case                   task-clock (ms)      cycles  instructions    IPC  branch-misses  branch-miss (%)  running (%)
max (max_02)               1116.812449           -             -      -              -                -            -
sum                        8612.916011           -             -      -              -                -            -
example_00                    0.827475     1305943       1760860  1.348           5587            1.430        100.0
extreme_insertion_00        155.695499   248503313     814380553  3.277         158039            0.168        100.0
extreme_insertion_01        155.768460   248621305     814422181  3.276         159367            0.169        100.0
extreme_insertion_02        155.709006   248518608     814358627  3.277         157346            0.167        100.0
max_00                      246.937540   394118563     701126657  1.779        3821844            4.803        100.0
max_01                      200.175517   319471550     627412635  1.964        3448272            4.129        100.0
max_02                     1116.812449  1782453136    2399570680  1.346       32144394            9.973        100.0
max_03                     1078.048872  1720685347    4149016519  2.411       11721379            4.553        100.0
max_04                      398.334137   635756035    1181115641  1.858        7824262            7.302        100.0
max_random_00               802.811171  1281321663    2062362758  1.610       17061916            9.664        100.0
max_random_01               808.633719  1290609421    2063519813  1.599       17043483            9.655        100.0
max_random_02               806.623277  1287398246    2065272038  1.604       17089668            9.664        100.0
random_00                   629.872351  1005252608    1649663417  1.641       13757662            9.715        100.0
random_01                   654.981995  1045402922    1695523980  1.622       14001553            9.632        100.0
random_02                   434.196395   692982120    1163717017  1.679       10760720           10.548        100.0
random_03                    50.261990    80201265     129587509  1.616         856405            7.046        100.0
random_04                   148.553224   237093895     395388657  1.668        3201250            9.244        100.0
small_00                      0.920365     1453923       2042298  1.405           8481            2.019        100.0
small_01                      0.855176     1350269       1875045  1.389           6377            1.550        100.0
small_02                      0.856520     1352253       1848754  1.367           6729            1.691        100.0
small_03                      0.853604     1347723       1851660  1.374           6541            1.628        100.0
small_04                      1.034033     1635111       2358095  1.442          11843            2.620        100.0
small_05                      0.890285     1406137       2014192  1.432           8062            1.925        100.0
small_06                      0.908363     1433401       2025363  1.413           8493            2.026        100.0
small_07                      0.852266     1344784       1931703  1.436           7348            1.798        100.0
small_08                      0.940392     1485693       2101247  1.414           8861            2.031        100.0
small_09                      0.908109     1434399       1950786  1.360           8109            1.986        100.0
wrong_avl_killer_00         152.710557   243722365     802666236  3.293         174772            0.187        100.0
wrong_avl_killer_01         143.462394   228978703     778911687  3.402          36532            0.043        100.0
wrong_splay_killer_00       126.407404   201766387     561790231  2.784         660006            1.108        100.0
wrong_splay_killer_01       108.754778   173587783     497839971  2.868         583669            1.144        100.0
wrong_splay_killer_02       117.679653   187811020     538455718  2.867         459156            0.792        100.0
wrong_splay_killer_03       110.639035   176566235     503235386  2.850         563782            1.088        100.0
