2026-10-01 lenovo / Intel(R) Core(TM) i5-10210U CPU @ 1.60GHz
Two complete passes; per binary/case minimum task-clock; all counters from that same run.
Cases: 45, including examples. Units: ms. No CPU pinning.
Compiler: g++ (GCC) 16.2.1 20260819 (Red Hat 16.2.1-2); rustc 1.98.1 (48a229cea 2026-09-01)
Build host: master; glibc 2.43
Environment: Linux 7.2.8-200.fc44.x86_64; affinity [0, 1, 2, 3]; stack 268435456 bytes; bench_env OK.
cxx_flags.txt: -std=c++23 -DEVAL -DONLINE_JUDGE -Iinclude -O3 -fwhole-program -fno-exceptions -fno-rtti -march=x86-64-v3 -fno-pie -no-pie -nostdlib++ -static -lm -s
cpp_flags.txt: -std=c++23 -DEVAL -DONLINE_JUDGE -Iac-library -include cassert -O3 -fwhole-program -fno-exceptions -fno-rtti -march=x86-64-v3 -fno-pie -no-pie -static -lgmp -s
rust_flags.txt: -C opt-level=3 -C codegen-units=1 -C lto=fat -C panic=abort -C target-cpu=x86-64-v3 -C target-feature=+crt-static -C relocation-model=static -C link-arg=-Wl,-u,__cxa_thread_atexit_impl -C strip=symbols

solution                                max (ms)       sum (ms)
JustinRochester                          135.483902     734.550804
Nachia                                   227.159775    1374.817641
Rohan_Kapri                              178.143084    1281.347372
adamant                                  178.188874    1280.600544
maspy                                    213.193667    1218.049195
main                                      75.330313     387.705601

submissions/polynomial/sqrt_of_formal_power_series_sparse/JustinRochester.cpp
SHA-256: 64736f53944bc4ac4e3bcb579c59e0fa0835b333fdc7b8fcde2f4b0cc8845e0e
case                  task-clock (ms)     cycles  instructions    IPC  branch-misses  branch-miss (%)  running (%)
max (small_dense_05)       135.483902          -             -      -              -                -            -
sum                        734.550804          -             -      -              -                -            -
example_00                   1.054788    1668027       2431888  1.458           6629            1.186        100.0
example_01                   1.008252    1594275       2455650  1.540           6641            1.167        100.0
example_02                   0.998816    1578733       2448629  1.551           6525            1.149        100.0
max_random_00                1.025000    1620542       2468776  1.523           6663            1.161        100.0
max_random_01                0.993705    1571012       2468465  1.571           6570            1.145        100.0
max_random_02                1.017031    1607678       2431416  1.512           6618            1.182        100.0
max_random_03               71.483838  114094279     287769679  2.522          10587            0.028        100.0
max_random_04                1.023686    1618468       2464551  1.523           6629            1.157        100.0
max_random_05               65.944928  105252593     263026030  2.499          10824            0.029        100.0
max_random_06                1.029026    1626728       2439254  1.499           6506            1.150        100.0
max_random_07                0.999247    1579964       2436278  1.542           6507            1.151        100.0
max_random_08                0.996136    1574426       2440613  1.550           6657            1.180        100.0
max_random_09                1.025878    1622782       2437234  1.502           6512            1.156        100.0
min_K_00                     6.030547    9610301      14377888  1.496           7469            0.279        100.0
min_K_01                     6.962852   11099925      16689257  1.504           7697            0.249        100.0
random_00                    1.028315    1626686       2469892  1.518           6715            1.170        100.0
random_01                    0.986028    1557916       2461220  1.580           6591            1.152        100.0
random_02                    1.019819    1613307       2444563  1.515           6719            1.190        100.0
random_03                    1.004466    1588563       2442813  1.538           6600            1.169        100.0
random_04                    1.043088    1649630       2412396  1.462           6523            1.173        100.0
random_05                   15.383971   24542182      57413246  2.339           8135            0.096        100.0
random_06                    1.030418    1630045       2414136  1.481           6610            1.188        100.0
random_07                   20.876551   33310381      68498826  2.056           8976            0.079        100.0
random_08                   39.832398   63556425     153361707  2.413           9964            0.046        100.0
random_09                    1.026482    1622945       2410311  1.485           6524            1.174        100.0
small_N_00                   1.025729    1622414       2430131  1.498           6591            1.178        100.0
small_N_01                   1.036219    1639083       2467546  1.505           6703            1.169        100.0
small_N_02                   1.009590    1596310       2441971  1.530           6545            1.160        100.0
small_N_03                   1.000466    1581696       2428609  1.535           6611            1.182        100.0
small_N_04                   1.013432    1601969       2452941  1.531           6782            1.199        100.0
small_N_05                   1.011009    1598583       2447626  1.531           6728            1.188        100.0
small_N_06                   1.029727    1629062       2452281  1.505           6773            1.198        100.0
small_N_07                   1.064828    1684417       2466963  1.465           6786            1.189        100.0
small_N_08                   1.014431    1604124       2419044  1.508           6659            1.197        100.0
small_N_09                   1.023807    1617773       2436180  1.506           6729            1.202        100.0
small_dense_00              97.100280  154968001     424149857  2.737         111245            0.224        100.0
small_dense_01               1.023783    1618224       2449929  1.514           6612            1.167        100.0
small_dense_02               1.026141    1622568       2471974  1.523           6705            1.168        100.0
small_dense_03              13.798784   22010401      32521025  1.478           7901            0.135        100.0
small_dense_04               1.013488    1601695       2430201  1.517           6571            1.174        100.0
small_dense_05             135.483902  216255464     604355381  2.795         111972            0.173        100.0
small_dense_06             103.977888  165923691     460204552  2.774         112206            0.213        100.0
small_dense_07               1.040676    1645787       2430926  1.477           6631            1.184        100.0
small_dense_08             111.207810  177471617     496198488  2.796         111703            0.201        100.0
small_dense_09              13.823548   22051461      32476511  1.473           8121            0.139        100.0

submissions/polynomial/sqrt_of_formal_power_series_sparse/Nachia.cpp
SHA-256: 4ab634cef3bbeb82a08b78dfd6d5aed7260bbab0c3390a329e5a08619e761e1f
case                  task-clock (ms)     cycles  instructions    IPC  branch-misses  branch-miss (%)  running (%)
max (small_dense_05)       227.159775          -             -      -              -                -            -
sum                       1374.817641          -             -      -              -                -            -
example_00                   0.888065    1402212       1877524  1.339           5537            1.306        100.0
example_01                   0.832203    1313638       1867216  1.421           5705            1.358        100.0
example_02                   0.865430    1366487       1865524  1.365           5641            1.344        100.0
max_random_00                4.177385    6652946       6920005  1.040           6714            0.448        100.0
max_random_01                4.196653    6684028       6924820  1.036           6747            0.450        100.0
max_random_02                4.186591    6667962       6920721  1.038           6719            0.449        100.0
max_random_03              147.167574  234906320     288631424  1.229          10148            0.039        100.0
max_random_04                4.184258    6663465       6928726  1.040           6645            0.443        100.0
max_random_05              140.773749  224670245     256820083  1.143          10914            0.044        100.0
max_random_06                4.202520    6692703       6920838  1.034           6743            0.451        100.0
max_random_07                4.184135    6663968       6951988  1.043           6719            0.447        100.0
max_random_08                4.192123    6676787       6926384  1.037           6708            0.448        100.0
max_random_09                4.182252    6660920       6938720  1.042           6703            0.447        100.0
min_K_00                     3.394641    5402731      13269679  2.456           6399            0.178        100.0
min_K_01                     3.876134    6171894      15385482  2.493           6384            0.153        100.0
random_00                    1.988746    3159038       3762145  1.191           6402            0.771        100.0
random_01                    2.189500    3480059       4110206  1.181           6315            0.695        100.0
random_02                    2.500519    3976029       4667780  1.174           6293            0.613        100.0
random_03                    2.075641    3297686       3939161  1.195           6225            0.716        100.0
random_04                    3.589921    5714777       5943639  1.040           6512            0.505        100.0
random_05                   39.501750   63039592      58566102  0.929           7785            0.114        100.0
random_06                    2.151697    3419343       4091056  1.196           6350            0.702        100.0
random_07                   59.779541   95396488      62217709  0.652           8885            0.078        100.0
random_08                   98.578123  157343582     154240945  0.980           9692            0.058        100.0
random_09                    2.677211    4258905       4961167  1.165           6603            0.605        100.0
small_N_00                   0.841147    1327442       1872395  1.411           5608            1.324        100.0
small_N_01                   0.854821    1349665       1880828  1.394           5515            1.292        100.0
small_N_02                   0.854794    1349265       1845557  1.368           5538            1.332        100.0
small_N_03                   0.860034    1357008       1859414  1.370           5601            1.337        100.0
small_N_04                   0.855177    1349247       1908366  1.414           5595            1.289        100.0
small_N_05                   0.844659    1332624       1890158  1.418           5679            1.319        100.0
small_N_06                   0.868685    1371302       1865884  1.361           5765            1.374        100.0
small_N_07                   0.864291    1364309       1909798  1.400           5825            1.340        100.0
small_N_08                   0.852834    1346210       1857511  1.380           5784            1.386        100.0
small_N_09                   0.883043    1393858       1879100  1.348           5708            1.352        100.0
small_dense_00             177.781011  283745011     346214343  1.220         118070            0.291        100.0
small_dense_01               4.193979    6679093       6925801  1.037           6745            0.450        100.0
small_dense_02               4.208663    6703179       6888987  1.028           6720            0.453        100.0
small_dense_03               7.896266   12589489      31120337  2.472           6853            0.080        100.0
small_dense_04               4.194698    6680837       6931278  1.037           6716            0.448        100.0
small_dense_05             227.159775  362565345     561501676  1.549         117978            0.233        100.0
small_dense_06             185.882231  296676072     389234922  1.312         117993            0.277        100.0
small_dense_07               4.130091    6576841       6893234  1.048           6632            0.447        100.0
small_dense_08             196.712144  313959384     432227012  1.377         118280            0.265        100.0
small_dense_09               7.742936   12344669      31090314  2.519           6854            0.080        100.0

submissions/polynomial/sqrt_of_formal_power_series_sparse/Rohan_Kapri.cpp
SHA-256: 151e346042b1efe5a5b4faacd8ed070fb75d6e1c086b562038af6875efc485d6
case                  task-clock (ms)     cycles  instructions    IPC  branch-misses  branch-miss (%)  running (%)
max (small_dense_05)       178.143084          -             -      -              -                -            -
sum                       1281.347372          -             -      -              -                -            -
example_00                  19.221656   30654215      41940766  1.368           8871            0.750        100.0
example_01                   1.051203    1662564       2498206  1.503           7262            1.251        100.0
example_02                   1.049206    1659777       2450242  1.476           7253            1.290        100.0
max_random_00                2.646428    4208972       5597641  1.330           8118            0.663        100.0
max_random_01                2.740085    4357986       6337017  1.454           8045            0.571        100.0
max_random_02                2.625543    4175918       5467789  1.309           8130            0.679        100.0
max_random_03              160.994839  256791733     230098691  0.896          15663            0.083        100.0
max_random_04                2.663245    4236451       5554233  1.311           8082            0.664        100.0
max_random_05              162.209946  258809897     222472448  0.860          17508            0.097        100.0
max_random_06                2.816688    4481419       6887227  1.537           8133            0.524        100.0
max_random_07                2.835825    4511907       6825218  1.513           8223            0.536        100.0
max_random_08                2.655735    4224040       5594827  1.325           8269            0.672        100.0
max_random_09                2.628771    4180476       5310888  1.270           7999            0.689        100.0
min_K_00                     6.942307   11065834      13556076  1.225           8058            0.387        100.0
min_K_01                     8.101121   12917042      15679985  1.214           8197            0.345        100.0
random_00                    1.849540    2937707       4557130  1.551           7757            0.768        100.0
random_01                    2.164725    3440199       5894200  1.713           7941            0.599        100.0
random_02                    1.459863    2315216       2936427  1.268           7620            1.132        100.0
random_03                    2.138097    3397515       6053321  1.782           7742            0.569        100.0
random_04                    2.442391    3883500       5027479  1.295           7949            0.726        100.0
random_05                   45.494102   72607650      97046688  1.337          10839            0.158        100.0
random_06                    2.000433    3178458       5104011  1.606           7935            0.699        100.0
random_07                   63.340457  101095529     111643444  1.104          11904            0.126        100.0
random_08                   87.073882  138953739     190465285  1.371          14891            0.093        100.0
random_09                    1.684138    2672683       3919948  1.467           7889            0.870        100.0
small_N_00                   1.080777    1710342       2497293  1.460           7224            1.245        100.0
small_N_01                   1.062263    1680423       2500825  1.488           7205            1.241        100.0
small_N_02                   1.057204    1672268       2442351  1.461           7175            1.275        100.0
small_N_03                   1.025573    1621850       2475683  1.526           7230            1.265        100.0
small_N_04                  19.122145   30508838      41886461  1.373           8503            0.729        100.0
small_N_05                  19.152433   30545080      41913479  1.372           8858            0.754        100.0
small_N_06                  19.135928   30530956      41902700  1.372           8641            0.738        100.0
small_N_07                  19.157916   30566442      41878093  1.370           8505            0.731        100.0
small_N_08                  19.122001   30509862      41894482  1.373           8562            0.732        100.0
small_N_09                   1.017044    1608120       2479644  1.542           7271            1.272        100.0
small_dense_00             114.670390  182999996     263611753  1.441          12638            0.062        100.0
small_dense_01               3.832351    6103403      13861029  2.271           8247            0.252        100.0
small_dense_02               3.849035    6129071      13874421  2.264           8203            0.251        100.0
small_dense_03              15.865408   25310651      28499225  1.126           8669            0.221        100.0
small_dense_04               3.850600    6131566      13851999  2.259           8249            0.253        100.0
small_dense_05             178.143084  284322256     282029181  0.992          14083            0.060        100.0
small_dense_06             121.715854  194193163     296689735  1.528          12095            0.054        100.0
small_dense_07               3.858525    6144973      13840608  2.252           8289            0.254        100.0
small_dense_08             127.953693  204132771     327501661  1.604          13912            0.059        100.0
small_dense_09              15.844922   25278499      28456633  1.126           8690            0.222        100.0

submissions/polynomial/sqrt_of_formal_power_series_sparse/adamant.cpp
SHA-256: 151e346042b1efe5a5b4faacd8ed070fb75d6e1c086b562038af6875efc485d6
case                  task-clock (ms)     cycles  instructions    IPC  branch-misses  branch-miss (%)  running (%)
max (small_dense_05)       178.188874          -             -      -              -                -            -
sum                       1280.600544          -             -      -              -                -            -
example_00                  19.131805   30525045      41899596  1.373           8446            0.719        100.0
example_01                   1.056357    1671329       2474887  1.481           7222            1.264        100.0
example_02                   1.050937    1662386       2489864  1.498           7027            1.214        100.0
max_random_00                2.652475    4219498       5625575  1.333           8120            0.657        100.0
max_random_01                2.770493    4407721       6381903  1.448           8253            0.580        100.0
max_random_02                2.614001    4157246       5442158  1.309           8159            0.688        100.0
max_random_03              160.993064  256859954     230105313  0.896          17324            0.092        100.0
max_random_04                2.624456    4173763       5547656  1.329           8022            0.660        100.0
max_random_05              161.853923  258239690     221985893  0.860          16204            0.090        100.0
max_random_06                2.833730    4507925       6893214  1.529           8184            0.527        100.0
max_random_07                2.848534    4531920       6826531  1.506           8225            0.536        100.0
max_random_08                2.631116    4184797       5586908  1.335           8305            0.678        100.0
max_random_09                2.631288    4184999       5315440  1.270           8231            0.710        100.0
min_K_00                     6.980808   11127351      13554776  1.218           8132            0.391        100.0
min_K_01                     8.064668   12857730      15663932  1.218           8246            0.347        100.0
random_00                    1.862085    2956703       4588343  1.552           7864            0.771        100.0
random_01                    2.122303    3372355       5930826  1.759           7973            0.596        100.0
random_02                    1.496282    2372583       2905339  1.225           7849            1.188        100.0
random_03                    2.153462    3421735       6015882  1.758           7949            0.591        100.0
random_04                    2.438214    3876332       5006824  1.292           8161            0.750        100.0
random_05                   45.487232   72596798      97042930  1.337          10997            0.160        100.0
random_06                    2.005122    3185738       5077382  1.594           7988            0.709        100.0
random_07                   63.313782  101052544     111658272  1.105          12228            0.130        100.0
random_08                   86.961121  138800089     190418859  1.372          13541            0.085        100.0
random_09                    1.699062    2696921       3927068  1.456           8051            0.886        100.0
small_N_00                   1.032653    1633009       2497621  1.529           7188            1.239        100.0
small_N_01                   1.068078    1689940       2475217  1.465           7237            1.266        100.0
small_N_02                   1.058042    1673199       2469056  1.476           7210            1.270        100.0
small_N_03                   1.038627    1642520       2471432  1.505           7155            1.254        100.0
small_N_04                  19.120663   30507407      41893667  1.373           8512            0.728        100.0
small_N_05                  19.154407   30560955      41923052  1.372           8585            0.728        100.0
small_N_06                  19.105617   30483247      41892629  1.374           8587            0.734        100.0
small_N_07                  19.120413   30506255      41916472  1.374           8492            0.721        100.0
small_N_08                  19.154582   30561045      41876398  1.370           8561            0.736        100.0
small_N_09                   1.068067    1689664       2464266  1.458           7185            1.268        100.0
small_dense_00             114.505928  182744449     263605195  1.442          12266            0.060        100.0
small_dense_01               3.855589    6139739      13850662  2.256           8187            0.251        100.0
small_dense_02               3.851319    6132636      13857131  2.260           8259            0.253        100.0
small_dense_03              15.823741   25244099      28490783  1.129           8700            0.222        100.0
small_dense_04               3.879495    6177957      13878995  2.247           8355            0.255        100.0
small_dense_05             178.188874  284340579     281865468  0.991          13458            0.057        100.0
small_dense_06             121.694409  194212175     296514974  1.527          12904            0.057        100.0
small_dense_07               3.841410    6117090      13834730  2.262           8284            0.254        100.0
small_dense_08             127.945762  204137549     327486176  1.604          13720            0.058        100.0
small_dense_09              15.816548   25232174      28452009  1.128           8759            0.224        100.0

submissions/polynomial/sqrt_of_formal_power_series_sparse/maspy.cpp
SHA-256: 723acf21e333f920db528658bb848ece2b3b27e75e175e906f7a89ad204816a4
case                  task-clock (ms)     cycles  instructions    IPC  branch-misses  branch-miss (%)  running (%)
max (small_dense_05)       213.193667          -             -      -              -                -            -
sum                       1218.049195          -             -      -              -                -            -
example_00                   1.036986    1640162       2482623  1.514           6928            1.203        100.0
example_01                   1.040258    1645129       2459267  1.495           6646            1.161        100.0
example_02                   1.001406    1583773       2423813  1.530           6777            1.212        100.0
max_random_00                5.066550    8072315       9729275  1.205           7774            0.443        100.0
max_random_01                5.073256    8082497       9766273  1.208           7753            0.438        100.0
max_random_02                5.099279    8112850       9760169  1.203           8164            0.462        100.0
max_random_03              126.965675  202638939     435179280  2.148          22933            0.047        100.0
max_random_04                5.101805    8128575       9770242  1.202           7726            0.437        100.0
max_random_05              118.535696  189153490     393032051  2.078          22430            0.050        100.0
max_random_06                5.059395    8059985       9767200  1.212           7890            0.446        100.0
max_random_07                5.081729    8097419       9770895  1.207           7798            0.440        100.0
max_random_08                5.035257    8011571       9764870  1.219           8007            0.454        100.0
max_random_09                5.080016    8092262       9705908  1.199           7783            0.445        100.0
min_K_00                     4.758669    7580976      13375518  1.764           8005            0.307        100.0
min_K_01                     5.477311    8728017      15519020  1.778           8155            0.271        100.0
random_00                    2.341746    3723334       5204806  1.398           7381            0.721        100.0
random_01                    2.589908    4118844       5712749  1.387           7417            0.672        100.0
random_02                    2.969448    4724589       6525744  1.381           7462            0.603        100.0
random_03                    2.535477    4032459       5500460  1.364           7388            0.691        100.0
random_04                    4.258442    6782388       8272643  1.220           7725            0.509        100.0
random_05                   28.281812   45131000      94523761  2.094          13066            0.108        100.0
random_06                    2.607435    4147102       5652682  1.363           7392            0.676        100.0
random_07                   37.950937   60566770     126500367  2.089          14909            0.081        100.0
random_08                   75.361560  120267718     241121015  2.005          19419            0.065        100.0
random_09                    3.215725    5117781       6926772  1.353           7504            0.574        100.0
small_N_00                   1.035185    1637129       2448097  1.495           6740            1.186        100.0
small_N_01                   1.033196    1633574       2461112  1.507           6690            1.168        100.0
small_N_02                   1.018116    1610142       2425111  1.506           6771            1.211        100.0
small_N_03                   1.005326    1589671       2456078  1.545           6602            1.154        100.0
small_N_04                   1.034591    1635619       2445729  1.495           6903            1.228        100.0
small_N_05                   1.037816    1641051       2462958  1.501           6923            1.220        100.0
small_N_06                   1.050096    1661016       2446143  1.473           6888            1.226        100.0
small_N_07                   1.035045    1637177       2442405  1.492           6869            1.224        100.0
small_N_08                   1.064765    1684869       2449938  1.454           6962            1.238        100.0
small_N_09                   1.038382    1642053       2440341  1.486           6867            1.224        100.0
small_dense_00             150.115965  239575226     528847116  2.207         125771            0.215        100.0
small_dense_01               5.055223    8054076       9734104  1.209           7787            0.442        100.0
small_dense_02               5.093990    8115825       9731580  1.199           7581            0.432        100.0
small_dense_03              11.604765   18508938      31265575  1.689           9577            0.163        100.0
small_dense_04               5.066559    8072798       9732525  1.206           7829            0.446        100.0
small_dense_05             213.193667  340183054     819372600  2.409         126824            0.152        100.0
small_dense_06             163.043126  260148564     586787532  2.256         125401            0.198        100.0
small_dense_07               4.999696    7965964       9711055  1.219           7945            0.454        100.0
small_dense_08             176.453531  281554120     645161376  2.291         126475            0.184        100.0
small_dense_09              11.544377   18412499      31217398  1.695           9577            0.163        100.0

src/polynomial/sqrt_of_formal_power_series_sparse/main.cxx
SHA-256: 45b854efc6b34225eb9a68a39adcd3fb7edf5c6748e7f1f6c5b41d72c7717822
case                  task-clock (ms)     cycles  instructions    IPC  branch-misses  branch-miss (%)  running (%)
max (small_dense_05)        75.330313          -             -      -              -                -            -
sum                        387.705601          -             -      -              -                -            -
example_00                   0.830131    1309562       1777474  1.357           5669            1.427        100.0
example_01                   0.828009    1306869       1789059  1.369           5616            1.389        100.0
example_02                   0.843423    1331203       1776711  1.335           5511            1.378        100.0
max_random_00                0.794738    1253065       1743727  1.392           5465            1.405        100.0
max_random_01                0.846128    1335938       1775989  1.329           5536            1.380        100.0
max_random_02                0.808926    1276029       1736364  1.361           5489            1.425        100.0
max_random_03               15.509788   24743401      46138246  1.865           9326            0.119        100.0
max_random_04                0.829809    1309383       1736790  1.326           5187            1.332        100.0
max_random_05               15.571461   24842281      46272032  1.863           9168            0.117        100.0
max_random_06                0.825289    1302461       1765653  1.356           5528            1.398        100.0
max_random_07                0.878854    1386921       1764835  1.272           5589            1.408        100.0
max_random_08                0.815968    1287479       1730716  1.344           5511            1.427        100.0
max_random_09                0.819771    1292918       1738071  1.344           5231            1.349        100.0
min_K_00                     3.136323    4990646       9955395  1.995           6599            0.394        100.0
min_K_01                     3.511241    5589349      11447071  2.048           6841            0.358        100.0
random_00                    0.818485    1289830       1759409  1.364           5431            1.370        100.0
random_01                    0.840274    1325731       1752752  1.322           5578            1.429        100.0
random_02                    0.830632    1309610       1745731  1.333           5427            1.394        100.0
random_03                    0.827265    1305041       1743196  1.336           5411            1.384        100.0
random_04                    0.835888    1318077       1734865  1.316           5475            1.414        100.0
random_05                    5.481913    8736055      16039181  1.836           7313            0.262        100.0
random_06                    0.833815    1315980       1750816  1.330           5521            1.415        100.0
random_07                    9.739017   15532600      29462747  1.897           8286            0.164        100.0
random_08                   12.436232   19826828      36820397  1.857           9114            0.145        100.0
random_09                    0.825672    1302930       1764680  1.354           5291            1.331        100.0
small_N_00                   0.816172    1287536       1758126  1.365           5513            1.398        100.0
small_N_01                   0.822194    1296784       1752505  1.351           5505            1.409        100.0
small_N_02                   0.843341    1330596       1792171  1.347           5623            1.389        100.0
small_N_03                   0.854729    1349237       1750402  1.297           5497            1.409        100.0
small_N_04                   0.852655    1346129       1756585  1.305           5544            1.417        100.0
small_N_05                   0.835986    1319607       1801323  1.365           5729            1.410        100.0
small_N_06                   0.864448    1364446       1762995  1.292           5633            1.435        100.0
small_N_07                   0.823806    1299595       1749912  1.347           5386            1.381        100.0
small_N_08                   0.840353    1325844       1803857  1.361           5656            1.391        100.0
small_N_09                   0.823510    1299234       1755089  1.351           5597            1.430        100.0
small_dense_00              68.177043  108815167     136828795  1.257          10098            0.059        100.0
small_dense_01               0.836799    1320231       1758931  1.332           5530            1.402        100.0
small_dense_02               0.842432    1328152       1728416  1.301           5378            1.396        100.0
small_dense_03               6.740815   10745135      22356905  2.081           7402            0.207        100.0
small_dense_04               0.806804    1271374       1724786  1.357           5234            1.360        100.0
small_dense_05              75.330313  120218859     227081378  1.889          10984            0.040        100.0
small_dense_06              69.111082  110270130     155279890  1.408          11096            0.058        100.0
small_dense_07               0.771263    1215709       1712824  1.409           5162            1.357        100.0
small_dense_08              69.634594  111142227     172770585  1.554          10612            0.050        100.0
small_dense_09               6.758210   10773406      22364248  2.076           7491            0.209        100.0
