case                         task-clock (ms)    cycles  instructions    IPC  branch-misses  branch-miss (%)  running (%)
max (max_random_circuit_03)        23.757519         -             -      -              -                -            -
sum                               149.969161         -             -      -              -                -            -
example_00                          0.897184   1682629       1637770  0.973           5586            1.563        100.0
example_01                          0.872884   1638046       1615748  0.986           5357            1.534        100.0
example_02                          0.869578   1630391       1630349  1.000           5382            1.512        100.0
example_03                          0.839990   1573183       1605728  1.021           5262            1.513        100.0
has_isolated_point_00               8.360096  15828582      27759629  1.754          19308            0.451        100.0
has_isolated_point_01               8.732546  16534435      29057141  1.757          20286            0.463        100.0
has_isolated_point_02               7.743540  14647237      24145365  1.648          24012            0.603        100.0
has_isolated_point_03               8.657281  16321015      28621687  1.754          17921            0.412        100.0
loops_00                            4.389506   8242825      15216054  1.846          11153            0.414        100.0
loops_01                            4.472224   8459642      15810746  1.869          10678            0.397        100.0
max_random_00                       4.624986   8735284      16040881  1.836          10826            0.396        100.0
max_random_01                       4.508784   8529187      15849465  1.858          10522            0.389        100.0
max_random_circuit_00              23.745512  44993712      96869493  2.153          68649            0.736        100.0
max_random_circuit_01              23.745744  44992986      96859270  2.153          68682            0.736        100.0
max_random_circuit_02              23.751787  45005837      96882236  2.153          67907            0.728        100.0
max_random_circuit_03              23.757519  45017102      96872408  2.152          67179            0.720        100.0
