2026-10-01 lenovo / Intel(R) Core(TM) i5-10210U CPU @ 1.60GHz
Two complete passes; per binary/case minimum task-clock; all counters from that same run.
Cases: 25, including examples. Units: ms. No CPU pinning.
Compiler: g++ (GCC) 16.2.1 20260819 (Red Hat 16.2.1-2); rustc 1.98.1 (48a229cea 2026-09-01)
Build host: master; glibc 2.43
Environment: Linux 7.2.8-200.fc44.x86_64; affinity [0, 1, 2, 3]; stack 268435456 bytes; bench_env OK.
cxx_flags.txt: -std=c++23 -DEVAL -DONLINE_JUDGE -Iinclude -O3 -fwhole-program -fno-exceptions -fno-rtti -march=x86-64-v3 -fno-pie -no-pie -nostdlib++ -static -lm -s
cpp_flags.txt: -std=c++23 -DEVAL -DONLINE_JUDGE -Iac-library -include cassert -O3 -fwhole-program -fno-exceptions -fno-rtti -march=x86-64-v3 -fno-pie -no-pie -static -lgmp -s
rust_flags.txt: -C opt-level=3 -C codegen-units=1 -C lto=fat -C panic=abort -C target-cpu=x86-64-v3 -C target-feature=+crt-static -C relocation-model=static -C link-arg=-Wl,-u,__cxa_thread_atexit_impl -C strip=symbols

solution                                max (ms)       sum (ms)
2qbingxuan                                57.924662     875.490393
Anonymous                                 59.489587    1067.025080
IceKylin                                  70.993819    1243.075597
andyli                                    72.112064    1310.451272
chaihf                                    56.597699    1010.563599
main                                      49.931692     857.333611

submissions/tree/lca/2qbingxuan.cpp
SHA-256: 1c1e501ad84c467f129443595b906c8a52f61dfa5dc64d452ff935491f200948
case                         task-clock (ms)    cycles  instructions    IPC  branch-misses  branch-miss (%)  running (%)
max (almost_line_00)               57.924662         -             -      -              -                -            -
sum                               875.490393         -             -      -              -                -            -
example_00                          1.037916   1641826       2472618  1.506           6679            1.161        100.0
almost_line_00                     57.924662  92418210     112274828  1.215         930640            6.146        100.0
almost_line_01                     57.537856  91800704     112099121  1.221         928528            6.152        100.0
binary_00                          50.902963  81229268     114044292  1.404         739412            4.867        100.0
binary_01                          51.343047  81914241     114143272  1.393         740633            4.870        100.0
binary_02                          52.583049  83891246     114074443  1.360         744118            4.899        100.0
line_00                            24.817049  39573502      76947354  1.944         238207            2.103        100.0
line_01                            27.309060  43563572      83661006  1.920         203537            1.656        100.0
line_02                            11.413031  18203601      39696001  2.181         162418            2.648        100.0
line_03                            14.218451  22682705      41278766  1.820          21452            0.348        100.0
line_04                            12.138208  19361132      35873383  1.853          72796            1.345        100.0
max_line_00                        31.902930  50895719      95750187  1.881         225352            1.606        100.0
max_line_01                        31.646091  50502562      95764989  1.896         225884            1.610        100.0
max_line_02                        31.725046  50628406      95763685  1.892         226714            1.615        100.0
max_random_00                      52.014387  82998869     113162849  1.363         709151            4.716        100.0
max_random_01                      52.951562  84478578     113240999  1.340         709719            4.712        100.0
max_random_02                      52.961821  84527804     113187430  1.339         709733            4.717        100.0
path_graph_root_centroid_00        37.835600  60379845     113376915  1.878         233993            1.556        100.0
path_graph_root_centroid_01        37.458984  59781781     113351439  1.896         235859            1.570        100.0
path_graph_root_centroid_02        37.323556  59564372     113362187  1.903         234825            1.563        100.0
random_00                          40.438080  64499740      91184353  1.414         621204            5.115        100.0
random_01                          45.641940  72844080      98059699  1.346         652655            4.968        100.0
random_02                          17.521827  27954647      53921030  1.929         215434            3.113        100.0
random_03                          25.044828  39963125      41849523  1.047         434479            7.025        100.0
random_04                          19.798449  31589907      38824572  1.229         343022            6.195        100.0

submissions/tree/lca/Anonymous.cpp
SHA-256: a757ce0d2fc6872bb71f5557220e3a567b0359217fcb1091568aac90fef9e44c
case                         task-clock (ms)    cycles  instructions    IPC  branch-misses  branch-miss (%)  running (%)
max (max_random_00)                59.489587         -             -      -              -                -            -
sum                              1067.025080         -             -      -              -                -            -
example_00                          1.063850   1682876       2474624  1.470           6729            1.172        100.0
almost_line_00                     55.174531  88020489     121873854  1.385         245295            1.414        100.0
almost_line_01                     56.451196  90097768     121932409  1.353         244456            1.407        100.0
binary_00                          57.812296  92270465     118678342  1.286         283505            1.637        100.0
binary_01                          56.989372  90956602     118701358  1.305         279288            1.614        100.0
binary_02                          57.190531  91278846     118710772  1.301         284302            1.642        100.0
line_00                            41.021973  65469347      97926210  1.496         254733            1.824        100.0
line_01                            47.333639  75525328     106614038  1.412         221841            1.448        100.0
line_02                            20.479536  32676326      52168970  1.597         180684            2.525        100.0
line_03                            18.522121  29552747      52015438  1.760          36168            0.440        100.0
line_04                            17.140360  27347035      45187164  1.652          83820            1.213        100.0
max_line_00                        57.721888  92093180     122300579  1.328         245296            1.405        100.0
max_line_01                        56.747965  90555938     121905394  1.346         245559            1.414        100.0
max_line_02                        56.479940  90126778     121848933  1.352         245735            1.417        100.0
max_random_00                      59.489587  94947549     117527369  1.238         412692            2.406        100.0
max_random_01                      59.453975  94891324     117604267  1.239         412339            2.401        100.0
max_random_02                      59.071461  94280419     117509882  1.246         412542            2.406        100.0
path_graph_root_centroid_00        45.591176  72763148     118887985  1.634         240152            1.386        100.0
path_graph_root_centroid_01        45.598815  72773881     118944413  1.634         241773            1.394        100.0
path_graph_root_centroid_02        45.296110  72261298     118909875  1.646         242258            1.398        100.0
random_00                          42.509589  67842473      94351835  1.391         395358            2.864        100.0
random_01                          49.938299  79701994     102696927  1.289         381416            2.527        100.0
random_02                          17.875716  28520795      50541942  1.772         186952            2.615        100.0
random_03                          23.122479  36883658      50380900  1.366         191337            2.392        100.0
random_04                          18.948675  30232750      43370633  1.435         185445            2.757        100.0

submissions/tree/lca/IceKylin.cpp
SHA-256: ebb6b2d9ffdc198425f288a20156ed2276d30299bf11640df4db6d1ae5bb0e99
case                         task-clock (ms)     cycles  instructions    IPC  branch-misses  branch-miss (%)  running (%)
max (max_random_01)                70.993819          -             -      -              -                -            -
sum                              1243.075597          -             -      -              -                -            -
example_00                          1.010993    1598489       2522537  1.578           8294            1.428        100.0
almost_line_00                     66.267119  105749966     137970387  1.305         436800            2.620        100.0
almost_line_01                     67.620236  107925391     138066526  1.279         437667            2.621        100.0
binary_00                          67.470252  107686606     131994813  1.226         558427            3.444        100.0
binary_01                          66.442220  106015129     131800732  1.243         513025            3.176        100.0
binary_02                          67.400145  107531434     131782688  1.226         508542            3.146        100.0
line_00                            47.332805   75525901     111046109  1.470         266061            1.974        100.0
line_01                            52.896841   84424461     120553016  1.428         245294            1.653        100.0
line_02                            23.865773   38081373      61585932  1.617         193732            2.797        100.0
line_03                            19.796114   31585854      56133772  1.777          38257            0.461        100.0
line_04                            18.772827   29934317      49509554  1.654          85406            1.251        100.0
max_line_00                        65.451054  104464254     138661303  1.327         278170            1.654        100.0
max_line_01                        64.011913  102149902     138635062  1.357         278141            1.655        100.0
max_line_02                        65.147761  103948267     138821727  1.335         278172            1.650        100.0
max_random_00                      69.861913  111505139     131049891  1.175         709194            4.387        100.0
max_random_01                      70.993819  113277364     131244661  1.159         709255            4.372        100.0
max_random_02                      70.211958  112020415     131057544  1.170         711351            4.399        100.0
path_graph_root_centroid_00        52.679573   84046250     131129097  1.560         260029            1.627        100.0
path_graph_root_centroid_01        52.049611   83071895     131061910  1.578         259149            1.624        100.0
path_graph_root_centroid_02        50.999999   81395907     131352672  1.614         259905            1.621        100.0
random_00                          51.982167   82963316     105231085  1.268         621424            4.772        100.0
random_01                          59.004929   94153470     114588474  1.217         622414            4.322        100.0
random_02                          26.707821   42618042      59598351  1.398         403622            5.962        100.0
random_03                          23.830694   38026603      54373436  1.430         220503            2.706        100.0
random_04                          21.267060   33934122      47373417  1.396         251450            3.789        100.0

submissions/tree/lca/andyli.cpp
SHA-256: a2c21ce9bd28ee7f4fe5a67c3d6fcaa90483e902a86cfa8d46d62d161aa85892
case                         task-clock (ms)     cycles  instructions    IPC  branch-misses  branch-miss (%)  running (%)
max (max_random_00)                72.112064          -             -      -              -                -            -
sum                              1310.451272          -             -      -              -                -            -
example_00                          1.023628    1618568       2437346  1.506           6754            1.206        100.0
almost_line_00                     70.513506  112527501     156754351  1.393         238138            1.121        100.0
almost_line_01                     69.702245  111233954     156742282  1.409         237811            1.120        100.0
binary_00                          70.978231  113287174     154942668  1.368         348160            1.540        100.0
binary_01                          71.207130  113634246     155041576  1.364         348398            1.541        100.0
binary_02                          71.512491  114140068     154950378  1.358         368060            1.629        100.0
line_00                            51.822298   82709415     126196030  1.526         248358            1.446        100.0
line_01                            59.568660   95019928     135887881  1.430         215251            1.159        100.0
line_02                            26.181588   41765233      75443038  1.806         198831            1.907        100.0
line_03                            20.265848   32336773      59014134  1.825          24161            0.272        100.0
line_04                            19.633108   31326508      54198569  1.730          77267            0.977        100.0
max_line_00                        71.400803  113961868     156779394  1.376         238001            1.120        100.0
max_line_01                        70.368341  112312980     156710898  1.395         238833            1.125        100.0
max_line_02                        70.977953  113286730     156719610  1.383         238389            1.122        100.0
max_random_00                      72.112064  115096469     154015591  1.338         450785            1.993        100.0
max_random_01                      72.034728  114956822     154535438  1.344         442014            1.944        100.0
max_random_02                      71.833249  114651978     154481822  1.347         440453            1.938        100.0
path_graph_root_centroid_00        55.277208   88207666     155656719  1.765         227155            0.998        100.0
path_graph_root_centroid_01        55.076731   87903425     155669242  1.771         226874            0.996        100.0
path_graph_root_centroid_02        55.259033   88178859     155662944  1.765         226856            0.996        100.0
random_00                          52.592323   83937292     124159116  1.479         442068            2.412        100.0
random_01                          60.682496   96852450     133700441  1.380         409311            2.073        100.0
random_02                          24.975032   39850378      74984711  1.882         239446            2.113        100.0
random_03                          24.215341   38639568      57683606  1.493         180033            2.025        100.0
random_04                          21.237237   33886565      52747136  1.557         192914            2.389        100.0

submissions/tree/lca/chaihf.cpp
SHA-256: d98b821ef0454881646ead6e50a9ebd256f65149fefb239608cca6ec37526b56
case                         task-clock (ms)    cycles  instructions    IPC  branch-misses  branch-miss (%)  running (%)
max (max_random_00)                56.597699         -             -      -              -                -            -
sum                              1010.563599         -             -      -              -                -            -
example_00                          1.036050   1638476       2475828  1.511           6668            1.158        100.0
almost_line_00                     53.283344  85040976     124209058  1.461         260593            1.545        100.0
almost_line_01                     53.771140  85804057     124206597  1.448         259132            1.538        100.0
binary_00                          53.488319  85368422     120460484  1.411         282649            1.683        100.0
binary_01                          53.335214  85107672     120566608  1.417         280314            1.667        100.0
binary_02                          53.318934  85057030     120530108  1.417         285076            1.696        100.0
line_00                            40.021743  63871946      99833385  1.563         262811            1.940        100.0
line_01                            45.992739  73386476     108395297  1.477         232599            1.559        100.0
line_02                            20.561095  32805569      53427657  1.629         176823            2.747        100.0
line_03                            16.288245  25985784      52291525  2.012          36343            0.425        100.0
line_04                            15.792146  25194881      45701739  1.814          84265            1.208        100.0
max_line_00                        54.633699  87195542     124190409  1.424         259198            1.538        100.0
max_line_01                        53.941799  86091723     124182066  1.442         260272            1.545        100.0
max_line_02                        55.275122  88203144     124208082  1.408         261740            1.553        100.0
max_random_00                      56.597699  90313996     119355667  1.322         409392            2.458        100.0
max_random_01                      54.986059  87735789     119332665  1.360         410717            2.466        100.0
max_random_02                      55.849869  89137954     119319880  1.339         410626            2.466        100.0
path_graph_root_centroid_00        43.872108  70018100     120766375  1.725         240145            1.426        100.0
path_graph_root_centroid_01        43.583279  69556991     120765277  1.736         241164            1.432        100.0
path_graph_root_centroid_02        44.000147  70205048     120776662  1.720         240684            1.429        100.0
random_00                          40.187461  64136173      95788582  1.494         393932            2.946        100.0
random_01                          46.526071  74253140     104183896  1.403         378245            2.569        100.0
random_02                          17.745067  28311169      51566152  1.821         189316            2.940        100.0
random_03                          19.673877  31391591      50679867  1.614         185411            2.216        100.0
random_04                          16.802373  26807908      43739475  1.632         186078            2.743        100.0

src/tree/lca/main.cxx
SHA-256: 02786388ba79939b47bab0efdddb8ea01ed85394a2e9f60a31fdbf5ed6a2d019
case                         task-clock (ms)    cycles  instructions    IPC  branch-misses  branch-miss (%)  running (%)
max (almost_line_00)               49.931692         -             -      -              -                -            -
sum                               857.333611         -             -      -              -                -            -
example_00                          0.841752   1328592       1748183  1.316           5603            1.445        100.0
almost_line_00                     49.931692  79662850     119331164  1.498         700470            5.341        100.0
almost_line_01                     49.890780  79624993     119284136  1.498         699279            5.338        100.0
binary_00                          49.434875  78897194     112877594  1.431         474864            3.713        100.0
binary_01                          49.436522  78900168     113169285  1.434         482173            3.751        100.0
binary_02                          49.543457  79071182     112929504  1.428         482811            3.773        100.0
line_00                            29.056257  46339844      83459942  1.801          31564            0.327        100.0
line_01                            31.715116  50611795      90658391  1.791          27928            0.262        100.0
line_02                            16.212655  25865238      45811096  1.771         162303            3.418        100.0
line_03                            16.772871  26759304      45302019  1.693           9448            0.147        100.0
line_04                            13.982283  22304969      39142398  1.755          15201            0.294        100.0
max_line_00                        36.289858  57914002     103622500  1.789          30726            0.256        100.0
max_line_01                        36.210401  57787706     103685751  1.794          30208            0.251        100.0
max_line_02                        36.195335  57764311     103587174  1.793          30447            0.254        100.0
max_random_00                      47.780092  76256207     112920711  1.481         300096            2.348        100.0
max_random_01                      47.731767  76179534     112906531  1.482         299353            2.343        100.0
max_random_02                      48.019979  76639068     112973125  1.474         299678            2.341        100.0
path_graph_root_centroid_00        35.756105  57062406     111565478  1.955          10022            0.080        100.0
path_graph_root_centroid_01        35.766664  57038056     111566985  1.956          10296            0.082        100.0
path_graph_root_centroid_02        35.646606  56887878     111538933  1.961           9668            0.077        100.0
random_00                          37.529191  59894345      91147841  1.522         236352            2.294        100.0
random_01                          42.099780  67188476      98560972  1.467         278428            2.453        100.0
random_02                          16.797059  26798102      54801478  2.045          39816            0.753        100.0
random_03                          25.425665  40571594      46807394  1.154         258421            3.870        100.0
random_04                          19.266849  30741634      41286202  1.343         170272            3.167        100.0
