case              task-clock (ms)    cycles  instructions    IPC  branch-misses  branch-miss (%)  running (%)
max (max_max_05)        30.570553         -             -      -              -                -            -
sum                    468.410683         -             -      -              -                -            -
example_00               0.808131   1513614       1616088  1.068           5339            1.520        100.0
fft_killer_00           29.853126  56515518      91767349  1.624          14381            0.209        100.0
fft_killer_01           29.678139  56242508      92405789  1.643          16164            0.230        100.0
large_00                23.558956  44640307      90495085  2.027          15612            0.228        100.0
large_01                23.680539  44869932      91275877  2.034          15380            0.226        100.0
large_02                23.143163  43792732      88607981  2.023          15230            0.227        100.0
large_small_00          27.109769  51315285      87949640  1.714          15135            0.228        100.0
max_max_00              30.097684  56949125      91655044  1.609          15092            0.220        100.0
max_max_01              29.778050  56372684      91576859  1.624          13965            0.204        100.0
max_max_02              30.172371  57120547      91570273  1.603          13658            0.199        100.0
max_max_03              30.145421  57031125      91588470  1.606          13992            0.204        100.0
max_max_04              29.286881  55500778      91551554  1.650          13940            0.203        100.0
max_max_05              30.570553  57855698      91684850  1.585          15470            0.225        100.0
max_max_06              30.097110  56935621      91428379  1.606          14023            0.205        100.0
max_max_07              30.094177  56943795      91508690  1.607          14390            0.210        100.0
medium_00                9.638383  18238957      49400999  2.709          63949            1.402        100.0
medium_01                9.572404  18127942      49231794  2.716          62530            1.373        100.0
medium_02                9.721826  18410400      49538655  2.691          62144            1.357        100.0
power_00                 9.640488  18256584      49079666  2.688          39750            0.877        100.0
power_01                 9.780291  18521668      49088244  2.650          40054            0.883        100.0
small_00                19.727348  37376564      67891980  1.816         530412            5.101        100.0
zero_00                  2.255873   4258278       6744183  1.584          27979            2.963        100.0
