case                   task-clock (ms)    cycles  instructions    IPC  branch-misses  branch-miss (%)  running (%)
max (max_random_00)          39.407482         -             -      -              -                -            -
sum                         473.987311         -             -      -              -                -            -
example_00                    0.900766   1689067       1618901  0.958           5508            1.558        100.0
max_random_00                39.407482  74654322     173085897  2.318          72772            1.002        100.0
max_random_01                39.159282  74213408     173132165  2.333          72183            0.991        100.0
max_random_02                39.374583  74621616     173085450  2.320          71887            0.990        100.0
max_random_03                39.326074  74528783     173142587  2.323          72538            0.997        100.0
max_random_04                39.331809  74521579     173105380  2.323          72043            0.992        100.0
max_random_or_zero_00        39.280297  74442351     173115507  2.325          72015            0.990        100.0
near_262144_00               19.905189  37714077      85866319  2.277          41640            1.052        100.0
near_262144_01               19.937669  37775626      85903271  2.274          42759            1.077        100.0
near_262144_02               34.682653  65727323     152974817  2.327          45328            0.859        100.0
random_00                    37.136512  70360793     163821044  2.328          60848            0.957        100.0
random_01                    38.644545  73206419     170003319  2.322          69289            0.995        100.0
random_02                     5.407373  10232294      20562615  2.010          15247            1.252        100.0
random_03                    37.940157  71902131     167123970  2.324          65109            0.975        100.0
random_04                    34.873878  66072942     154262769  2.335          51992            0.960        100.0
small_degree_00               0.878856   1647650       1602211  0.972           5336            1.524        100.0
small_degree_01               0.856087   1603359       1618721  1.010           5515            1.560        100.0
small_degree_02               0.886811   1663216       1607121  0.966           5386            1.541        100.0
small_degree_03               0.881722   1653801       1616462  0.977           5442            1.542        100.0
small_degree_04               0.875137   1640597       1608063  0.980           5436            1.555        100.0
small_degree_05               0.863304   1619021       1612593  0.996           5500            1.570        100.0
small_degree_06               0.889453   1666909       1569111  0.941           5209            1.540        100.0
small_degree_07               0.859441   1610947       1618898  1.005           5556            1.572        100.0
small_degree_08               0.840921   1576143       1603277  1.017           5292            1.518        100.0
small_degree_09               0.847310   1588567       1620956  1.020           5540            1.566        100.0
