case                      task-clock (ms)    cycles  instructions    IPC  branch-misses  branch-miss (%)  running (%)
max (max_random_03)             22.407650         -             -      -              -                -            -
sum                            205.488665         -             -      -              -                -            -
example_00                       0.873207   1638002       1567516  0.957           5308            1.578        100.0
conchon_filliatre_tle_00        15.339720  29061162      41821612  1.439          61974            1.332        100.0
conchon_filliatre_tle_01        15.083280  28576294      41496681  1.452          61311            1.335        100.0
hand_00                          0.814467   1526294       1561246  1.023           5187            1.549        100.0
max_random_00                   22.197064  42060836      44500119  1.058         327842            6.313        100.0
max_random_01                   22.157777  41927037      44464356  1.061         325069            6.269        100.0
max_random_02                   22.352822  42355856      44526549  1.051         335655            6.459        100.0
max_random_03                   22.407650  42416506      44633624  1.052         330248            6.306        100.0
max_random_04                   22.208659  42062192      44551673  1.059         324735            6.231        100.0
random_00                       16.571516  31396019      33522080  1.068         259286            6.551        100.0
random_01                       16.295914  30874578      33489039  1.085         242950            6.159        100.0
random_02                       14.037281  26590650      27386702  1.030         262780            7.939        100.0
random_03                        3.948938   7467960       8064269  1.080          34106            2.937        100.0
random_04                       11.200370  21212411      22363356  1.054         224696            8.072        100.0
