2026-10-01 lenovo / Intel(R) Core(TM) i5-10210U CPU @ 1.60GHz
Two complete passes; per binary/case minimum task-clock; all counters from that same run.
Cases: 41, including examples. Units: ms. No CPU pinning.
Compiler: g++ (GCC) 16.2.1 20260819 (Red Hat 16.2.1-2); rustc 1.98.1 (48a229cea 2026-09-01)
Build host: master; glibc 2.43
Environment: Linux 7.2.8-200.fc44.x86_64; affinity [0, 1, 2, 3]; stack 268435456 bytes; bench_env OK.
cxx_flags.txt: -std=c++23 -DEVAL -DONLINE_JUDGE -Iinclude -O3 -fwhole-program -fno-exceptions -fno-rtti -march=x86-64-v3 -fno-pie -no-pie -nostdlib++ -static -lm -s
cpp_flags.txt: -std=c++23 -DEVAL -DONLINE_JUDGE -Iac-library -include cassert -O3 -fwhole-program -fno-exceptions -fno-rtti -march=x86-64-v3 -fno-pie -no-pie -static -lgmp -s
rust_flags.txt: -C opt-level=3 -C codegen-units=1 -C lto=fat -C panic=abort -C target-cpu=x86-64-v3 -C target-feature=+crt-static -C relocation-model=static -C link-arg=-Wl,-u,__cxa_thread_atexit_impl -C strip=symbols

solution                                max (ms)       sum (ms)
Forested                                  99.508410    1797.186184
MeIoN                                     80.900402    1514.293456
Nachia                                   101.852233    1853.313891
maspy                                     90.231083    1702.629299
zwezdinv                                  97.144212    1781.252610
main                                      45.948816     869.052192

submissions/convolution/min_plus_convolution_convex_arbitrary/Forested.cpp
SHA-256: 11b520c7f1463fb14494af5b78e46da3f38b815b0e9fa12d7a4a88a706b22731
case                 task-clock (ms)     cycles  instructions    IPC  branch-misses  branch-miss (%)  running (%)
max (monotone_00)          99.508410          -             -      -              -                -            -
sum                      1797.186184          -             -      -              -                -            -
example_00                  1.005314    1589148       2439212  1.535           6782            1.205        100.0
hack_00                     1.020254    1613785       2430662  1.506           6600            1.181        100.0
large_small_00             29.399871   46899838     146319427  3.120          23595            0.102        100.0
large_small_01             28.932588   46170511     137871928  2.986          23045            0.101        100.0
large_small_02             39.259874   62630780     200994756  3.209         306626            0.916        100.0
large_small_03             48.846387   77958143     207996348  2.668         668254            1.943        100.0
max_random_00              95.844121  152979951     511442113  3.343          97922            0.128        100.0
max_random_01              95.739271  152765582     511548557  3.349          98973            0.130        100.0
max_random_02              90.118422  143738984     498148300  3.466          98952            0.133        100.0
med_random_00               1.101635    1743224       2819739  1.618           7345            1.187        100.0
med_random_01               1.078556    1706289       2672649  1.566           7282            1.217        100.0
med_random_02               1.108178    1753708       2705169  1.543           7581            1.258        100.0
monotone_00                99.508410  158803510     512231499  3.226         327441            0.433        100.0
monotone_01                83.186999  132690770     452886764  3.413          98385            0.137        100.0
monotone_02                77.779109  124107444     412917650  3.327          66288            0.108        100.0
monotone_03                99.129403  158194112     511827462  3.235         314078            0.415        100.0
near_power_of_2_00         47.118660   75174609     251099935  3.340          56322            0.149        100.0
near_power_of_2_01         44.342148   70768738     244915738  3.461          55264            0.151        100.0
near_power_of_2_02         47.154783   75257712     251136410  3.337          56123            0.149        100.0
near_power_of_2_03         47.129711   75217643     251284390  3.341          54987            0.146        100.0
near_power_of_2_04         44.208887   70555628     244385620  3.464          55614            0.152        100.0
near_power_of_2_05         47.167800   75261451     251202729  3.338          56886            0.151        100.0
near_power_of_2_06         47.177738   75295424     251287646  3.337          55858            0.148        100.0
near_power_of_2_07         44.252933   70625498     244321356  3.459          56163            0.153        100.0
near_power_of_2_08         44.396543   70830720     244808415  3.456          56447            0.154        100.0
only_first_small_00        94.775651  151163869     511555516  3.384          74810            0.099        100.0
only_first_small_01        95.104958  151714446     508938958  3.355          45387            0.061        100.0
random_00                  74.158924  118338275     393556812  3.326          76623            0.131        100.0
random_01                  78.443830  125204059     415337847  3.317          73109            0.118        100.0
random_02                  48.265045   77012640     263135009  3.417          74697            0.193        100.0
small_00                    1.012019    1600825       2429719  1.518           6687            1.192        100.0
small_01                    1.004946    1588604       2417618  1.522           6635            1.193        100.0
small_02                    0.993228    1570633       2432107  1.548           6706            1.195        100.0
small_03                    1.001051    1583064       2433193  1.537           6649            1.185        100.0
small_04                    1.006486    1591391       2468688  1.551           6663            1.160        100.0
small_05                    1.001330    1582655       2434493  1.538           6729            1.198        100.0
small_06                    1.015430    1606238       2462863  1.533           6540            1.140        100.0
small_07                    1.037798    1640889       2415979  1.472           6516            1.172        100.0
small_08                    0.996046    1574503       2461089  1.563           6709            1.174        100.0
small_slopes_00            95.796234  152903687     510941004  3.342          91906            0.121        100.0
small_slopes_01            95.565613  152509609     511043789  3.351          93407            0.122        100.0

submissions/convolution/min_plus_convolution_convex_arbitrary/MeIoN.cpp
SHA-256: 9c3d956d6c3c2a132f09e7c9d3f747ea3829df6c18749bb63953d656152812b9
case                 task-clock (ms)     cycles  instructions    IPC  branch-misses  branch-miss (%)  running (%)
max (monotone_00)          80.900402          -             -      -              -                -            -
sum                      1514.293456          -             -      -              -                -            -
example_00                  1.012941    1601653       2460968  1.537           6789            1.196        100.0
hack_00                     1.077435    1704092       2467595  1.448           6785            1.195        100.0
large_small_00             28.743433   45783984     140930208  3.078          10347            0.044        100.0
large_small_01             28.216360   44943022     133204733  2.964          10437            0.045        100.0
large_small_02             43.415706   69289872     208526022  3.009         279130            0.577        100.0
large_small_03             54.569719   87055908     215953553  2.481         721306            1.424        100.0
max_random_00              77.427352  123479929     404831254  3.279          73848            0.084        100.0
max_random_01              77.293090  123282377     404749592  3.283          73658            0.083        100.0
max_random_02              72.633041  115826943     392059443  3.385          74258            0.086        100.0
med_random_00               1.106464    1750089       2804618  1.603           7175            1.131        100.0
med_random_01               1.078910    1707347       2704053  1.584           7356            1.181        100.0
med_random_02               1.075166    1700895       2677380  1.574           7570            1.240        100.0
monotone_00                80.900402  129029624     406643669  3.152         305976            0.349        100.0
monotone_01                72.690987  115935599     379382116  3.272          34717            0.042        100.0
monotone_02                79.947999  127503249     386985962  3.035          40284            0.052        100.0
monotone_03                80.466493  128320939     405937478  3.163         298443            0.340        100.0
near_power_of_2_00         38.160494   60900535     200248327  3.288          42722            0.098        100.0
near_power_of_2_01         35.894755   57284166     194367907  3.393          42327            0.100        100.0
near_power_of_2_02         38.167192   60892951     200286206  3.289          43336            0.100        100.0
near_power_of_2_03         38.150060   60883951     200261748  3.289          42230            0.097        100.0
near_power_of_2_04         35.693484   56961881     193697798  3.400          42659            0.101        100.0
near_power_of_2_05         38.152015   60887990     200273167  3.289          42914            0.099        100.0
near_power_of_2_06         38.130522   60834751     200254029  3.292          43133            0.099        100.0
near_power_of_2_07         35.688400   56954818     193701658  3.401          42935            0.102        100.0
near_power_of_2_08         36.254265   57841084     196605454  3.399          42878            0.099        100.0
only_first_small_00        77.095116  122966166     410596268  3.339          21674            0.025        100.0
only_first_small_01        76.575699  122137908     406358878  3.327          19899            0.023        100.0
random_00                  59.375368   94680413     311129368  3.286          60288            0.089        100.0
random_01                  63.669744  101535644     331452856  3.264          60181            0.084        100.0
random_02                  37.320764   59560376     202102269  3.393          65348            0.138        100.0
small_00                    1.034481    1636743       2438931  1.490           6783            1.210        100.0
small_01                    1.042489    1648733       2436972  1.478           6721            1.199        100.0
small_02                    1.057179    1671966       2445158  1.462           6847            1.218        100.0
small_03                    1.024037    1618798       2440500  1.508           6747            1.203        100.0
small_04                    1.043081    1649786       2442391  1.480           6723            1.198        100.0
small_05                    1.028888    1626489       2477458  1.523           6764            1.176        100.0
small_06                    0.998855    1579071       2442676  1.547           6772            1.206        100.0
small_07                    1.039253    1643954       2492935  1.516           6711            1.157        100.0
small_08                    1.034449    1636295       2445590  1.495           6721            1.196        100.0
small_slopes_00            77.534119  123650280     404356451  3.270          69210            0.078        100.0
small_slopes_01            77.473249  123571116     404667724  3.275          69522            0.079        100.0

submissions/convolution/min_plus_convolution_convex_arbitrary/Nachia.cpp
SHA-256: 979adcb9449679b04c6a2f2dafa7e5d2281818d5eb3e020121db52d8ef950722
case                 task-clock (ms)     cycles  instructions    IPC  branch-misses  branch-miss (%)  running (%)
max (monotone_00)         101.852233          -             -      -              -                -            -
sum                      1853.313891          -             -      -              -                -            -
example_00                  0.842843    1330109       1844020  1.386           5552            1.343        100.0
hack_00                     0.836496    1319652       1853022  1.404           5664            1.365        100.0
large_small_00             41.984533   66919989     195896840  2.927           9299            0.026        100.0
large_small_01             34.274330   54697604     174499355  3.190           8850            0.025        100.0
large_small_02             57.792214   92201847     259483447  2.814         299557            0.494        100.0
large_small_03             66.845328  106690418     261838071  2.454         774041            1.235        100.0
max_random_00              92.017203  146758385     488976859  3.332          88252            0.079        100.0
max_random_01              92.165584  147023201     488969296  3.326          84406            0.075        100.0
max_random_02              91.178419  145446477     480790053  3.306          88473            0.080        100.0
med_random_00               0.930891    1469730       2298363  1.564           6040            1.185        100.0
med_random_01               0.910294    1438901       2110839  1.467           6147            1.299        100.0
med_random_02               0.910266    1437556       2136734  1.486           6473            1.354        100.0
monotone_00               101.852233  162447370     500164815  3.079         316141            0.283        100.0
monotone_01                87.525703  139595952     463325301  3.319          35318            0.033        100.0
monotone_02                95.479010  152295395     470984913  3.093          50000            0.049        100.0
monotone_03               101.390978  161729797     499395874  3.088         306258            0.274        100.0
near_power_of_2_00         45.420925   72490765     242079135  3.339          48256            0.087        100.0
near_power_of_2_01         44.942860   71727860     238271512  3.322          47562            0.087        100.0
near_power_of_2_02         45.199209   72136171     242053421  3.356          48400            0.088        100.0
near_power_of_2_03         45.309006   72311273     242048562  3.347          49198            0.089        100.0
near_power_of_2_04         44.984437   71793531     237724654  3.311          49007            0.090        100.0
near_power_of_2_05         45.280027   72265669     242004711  3.349          49233            0.089        100.0
near_power_of_2_06         45.339567   72361297     241995624  3.344          48121            0.087        100.0
near_power_of_2_07         45.008656   71831212     237734162  3.310          47589            0.087        100.0
near_power_of_2_08         45.388919   72439255     240492132  3.320          49055            0.089        100.0
only_first_small_00        98.688863  157403589     508072866  3.228          20640            0.018        100.0
only_first_small_01        98.323003  156852333     503819673  3.212          19096            0.017        100.0
random_00                  70.689398  112723581     375247298  3.329          71497            0.083        100.0
random_01                  75.881694  121003334     401696835  3.320          71924            0.078        100.0
random_02                  44.013131   70242626     236737457  3.370          75508            0.132        100.0
small_00                    0.826786    1304947       1859471  1.425           5580            1.334        100.0
small_01                    0.805611    1270599       1853948  1.459           5426            1.301        100.0
small_02                    0.829067    1307754       1878587  1.436           5515            1.293        100.0
small_03                    0.837749    1321726       1888767  1.429           5715            1.334        100.0
small_04                    0.861393    1359583       1886400  1.387           5385            1.252        100.0
small_05                    0.873109    1378587       1848939  1.341           5648            1.364        100.0
small_06                    0.856674    1352328       1842284  1.362           5684            1.376        100.0
small_07                    0.826674    1304692       1887836  1.447           5428            1.261        100.0
small_08                    0.815827    1287011       1885741  1.465           5577            1.304        100.0
small_slopes_00            92.203841  147034310     488641855  3.323          83438            0.074        100.0
small_slopes_01            92.171140  147014036     488893201  3.325          85903            0.077        100.0

submissions/convolution/min_plus_convolution_convex_arbitrary/maspy.cpp
SHA-256: 96d5a1315c742c4be65fc327b61be5d75248c7c5e289a08edf3ec2e37c86fe48
case                 task-clock (ms)     cycles  instructions    IPC  branch-misses  branch-miss (%)  running (%)
max (monotone_00)          90.231083          -             -      -              -                -            -
sum                      1702.629299          -             -      -              -                -            -
example_00                  1.047337    1656858       2427119  1.465           6712            1.203        100.0
hack_00                     1.019175    1610660       2493777  1.548           6847            1.178        100.0
large_small_00             33.626992   53579078     150691591  2.813          10852            0.044        100.0
large_small_01             33.123030   52754045     142900115  2.709          11208            0.046        100.0
large_small_02             49.998881   79714147     218316880  2.739         316397            0.639        100.0
large_small_03             59.633431   95130607     226723809  2.383         740690            1.429        100.0
max_random_00              87.446661  139383514     445651418  3.197          80143            0.088        100.0
max_random_01              87.108100  138830009     445331400  3.208          79838            0.088        100.0
max_random_02              82.163470  130973886     432141028  3.299          79115            0.089        100.0
med_random_00               1.097482    1736816       2813809  1.620           7184            1.136        100.0
med_random_01               1.069852    1692113       2644404  1.563           7152            1.192        100.0
med_random_02               1.057457    1671991       2669477  1.597           7418            1.224        100.0
monotone_00                90.231083  143892437     446845068  3.105         294851            0.328        100.0
monotone_01                82.140232  130916873     409623909  3.129          49963            0.059        100.0
monotone_02                89.404531  142615637     417287006  2.926          43418            0.054        100.0
monotone_03                89.652640  142925168     446032033  3.121         284158            0.316        100.0
near_power_of_2_00         43.058817   68615719     219699458  3.202          46463            0.104        100.0
near_power_of_2_01         40.344937   64345539     213722823  3.321          44909            0.103        100.0
near_power_of_2_02         42.705522   68061029     219697582  3.228          45616            0.102        100.0
near_power_of_2_03         42.781626   68192940     219683022  3.221          44507            0.100        100.0
near_power_of_2_04         40.286822   64207250     213198252  3.320          46012            0.106        100.0
near_power_of_2_05         42.662485   68002268     219704135  3.231          45464            0.102        100.0
near_power_of_2_06         42.762691   68162761     219716995  3.223          45382            0.102        100.0
near_power_of_2_07         40.219061   64101972     213168065  3.325          45334            0.104        100.0
near_power_of_2_08         40.859568   65107842     216022199  3.318          45767            0.103        100.0
only_first_small_00        87.190630  138996591     451071895  3.245          22382            0.025        100.0
only_first_small_01        86.421171  137768680     445823166  3.236          20848            0.023        100.0
random_00                  66.368180  105843685     341469057  3.226          64838            0.093        100.0
random_01                  71.629678  114242827     363737920  3.184          64508            0.088        100.0
random_02                  41.246463   65827029     222659683  3.382          68682            0.142        100.0
small_00                    0.998076    1578000       2414490  1.530           6593            1.188        100.0
small_01                    1.026917    1623871       2439008  1.502           6545            1.167        100.0
small_02                    1.013167    1602255       2418774  1.510           6674            1.200        100.0
small_03                    1.021325    1615460       2413376  1.494           6680            1.203        100.0
small_04                    1.012123    1599585       2458650  1.537           6660            1.167        100.0
small_05                    1.019078    1611275       2459710  1.527           6721            1.177        100.0
small_06                    1.003928    1588027       2469961  1.555           6659            1.158        100.0
small_07                    0.991981    1568023       2466859  1.573           6624            1.153        100.0
small_08                    1.021840    1616310       2417510  1.496           6653            1.196        100.0
small_slopes_00            87.461059  139429927     444706990  3.189          73892            0.082        100.0
small_slopes_01            87.701800  139773161     445557074  3.188          75802            0.084        100.0

submissions/convolution/min_plus_convolution_convex_arbitrary/zwezdinv.cpp
SHA-256: d308d1ae142e6119be676419217ce338989256ae2e7391c985d96277cee526e2
case                 task-clock (ms)     cycles  instructions    IPC  branch-misses  branch-miss (%)  running (%)
max (monotone_00)          97.144212          -             -      -              -                -            -
sum                      1781.252610          -             -      -              -                -            -
example_00                  1.036675    1640316       2426932  1.480           7011            1.258        100.0
hack_00                     0.994493    1572231       2441136  1.553           7064            1.257        100.0
large_small_00             33.437039   53361598     140302043  2.629          18145            0.109        100.0
large_small_01             32.666025   52129739     137321155  2.634          17894            0.110        100.0
large_small_02             41.011905   65453391     169547663  2.590         140125            0.528        100.0
large_small_03             50.469229   80548802     175988013  2.185         551957            2.011        100.0
max_random_00              92.930003  148301152     434705547  2.931          97403            0.152        100.0
max_random_01              92.477356  147588933     434452719  2.944          95668            0.149        100.0
max_random_02              92.231092  147196207     432551119  2.939          98079            0.154        100.0
med_random_00               1.142722    1808928       2786458  1.540           7887            1.308        100.0
med_random_01               1.070378    1692867       2643861  1.562           7810            1.326        100.0
med_random_02               1.087154    1719902       2710505  1.576           8183            1.347        100.0
monotone_00                97.144212  155055285     433394121  2.795         319393            0.501        100.0
monotone_01                85.830315  136954745     387230512  2.827         114108            0.194        100.0
monotone_02                80.678598  128771272     368333838  2.860          56626            0.116        100.0
monotone_03                96.961283  154737561     433021980  2.798         308300            0.483        100.0
near_power_of_2_00         45.900299   73255535     214312402  2.926          58303            0.185        100.0
near_power_of_2_01         45.610478   72792239     213554361  2.934          55379            0.176        100.0
near_power_of_2_02         45.807964   73108145     214372639  2.932          55697            0.177        100.0
near_power_of_2_03         45.780309   73064030     214408574  2.935          54341            0.172        100.0
near_power_of_2_04         45.529494   72646790     213384710  2.937          55215            0.176        100.0
near_power_of_2_05         45.858790   73189659     214286290  2.928          55597            0.177        100.0
near_power_of_2_06         46.005808   73398434     214432317  2.921          56702            0.180        100.0
near_power_of_2_07         45.467762   72565816     213337169  2.940          55385            0.177        100.0
near_power_of_2_08         45.637452   72818761     213492954  2.932          55592            0.177        100.0
only_first_small_00        92.280769  147273783     431367884  2.929          68412            0.107        100.0
only_first_small_01        90.396812  144256610     428273089  2.969          39577            0.063        100.0
random_00                  70.817489  113006762     332089053  2.939          83150            0.169        100.0
random_01                  75.808655  120998435     353981686  2.926          76241            0.147        100.0
random_02                  44.830002   71546580     214558190  2.999          82138            0.242        100.0
small_00                    1.016904    1608063       2438415  1.516           6995            1.244        100.0
small_01                    1.009155    1595853       2407972  1.509           6903            1.248        100.0
small_02                    1.033017    1632498       2441244  1.495           6896            1.217        100.0
small_03                    1.021585    1615377       2424202  1.501           6927            1.244        100.0
small_04                    1.045471    1653678       2464148  1.490           7020            1.227        100.0
small_05                    1.000295    1581977       2426561  1.534           7063            1.267        100.0
small_06                    1.016489    1606260       2465497  1.535           7007            1.226        100.0
small_07                    0.998587    1577902       2460072  1.559           6931            1.211        100.0
small_08                    1.030278    1629502       2455987  1.507           6988            1.226        100.0
small_slopes_00            92.696241  147921183     434142163  2.935          90007            0.141        100.0
small_slopes_01            92.484026  147615894     434237572  2.942          90392            0.141        100.0

src/convolution/min_plus_convolution_convex_arbitrary/main.cxx
SHA-256: 53f1188f9a47160b438b5915bea378e75470ca6c727e54ca546f7849de0e5ff7
case                   task-clock (ms)    cycles  instructions    IPC  branch-misses  branch-miss (%)  running (%)
max (small_slopes_00)        45.948816         -             -      -              -                -            -
sum                         869.052192         -             -      -              -                -            -
example_00                    0.843315   1330305       1788735  1.345           5594            1.384        100.0
hack_00                       0.808481   1275113       1741368  1.366           5425            1.405        100.0
large_small_00               15.718840  25077289      75401872  3.007           9528            0.116        100.0
large_small_01               15.326897  24451877      72671386  2.972           9484            0.119        100.0
large_small_02               16.456444  26254645      75057211  2.859          65953            0.803        100.0
large_small_03               18.181122  29006655      85060646  2.932          66979            0.772        100.0
max_random_00                45.940292  73319239     243590071  3.322          72124            0.273        100.0
max_random_01                45.929172  73300886     243645827  3.324          72129            0.273        100.0
max_random_02                45.690541  72904767     242135772  3.321          73036            0.278        100.0
med_random_00                 0.868849   1370794       1990970  1.452           5911            1.387        100.0
med_random_01                 0.877177   1384985       1857322  1.341           6055            1.517        100.0
med_random_02                 0.902103   1423927       1930046  1.355           6188            1.472        100.0
monotone_00                  45.303839  72285343     243799465  3.373          17534            0.066        100.0
monotone_01                  39.583249  63171188     204283970  3.234          30056            0.139        100.0
monotone_02                  39.689685  63341572     204243281  3.224          27501            0.128        100.0
monotone_03                  45.176783  72100020     243820398  3.382          17666            0.066        100.0
near_power_of_2_00           23.131411  36884849     120156076  3.258          42052            0.318        100.0
near_power_of_2_01           22.944674  36611726     119540383  3.265          41538            0.316        100.0
near_power_of_2_02           23.032385  36752088     120165383  3.270          41573            0.314        100.0
near_power_of_2_03           23.023605  36737293     120149880  3.271          40376            0.305        100.0
near_power_of_2_04           22.895403  36533165     119360868  3.267          40991            0.312        100.0
near_power_of_2_05           23.067487  36807702     120162325  3.265          42005            0.318        100.0
near_power_of_2_06           23.069087  36810416     120143599  3.264          41546            0.314        100.0
near_power_of_2_07           22.906178  36550059     119336273  3.265          41143            0.313        100.0
near_power_of_2_08           22.994081  36676221     119506524  3.258          42234            0.321        100.0
only_first_small_00          44.676818  71302510     239298020  3.356          16093            0.062        100.0
only_first_small_01          44.663857  71281997     239248302  3.356          15551            0.060        100.0
random_00                    35.421263  56526637     186417010  3.298          60727            0.298        100.0
random_01                    37.738700  60211390     198373491  3.295          59578            0.276        100.0
random_02                    22.831781  36431153     120695145  3.313          61869            0.463        100.0
small_00                      0.861679   1360154       1766988  1.299           5513            1.385        100.0
small_01                      0.860309   1358221       1732917  1.276           5604            1.457        100.0
small_02                      0.820942   1295163       1794236  1.385           5606            1.383        100.0
small_03                      0.820461   1294859       1757192  1.357           5555            1.418        100.0
small_04                      0.821270   1295605       1756400  1.356           5233            1.322        100.0
small_05                      0.809224   1275841       1757803  1.378           5637            1.439        100.0
small_06                      0.848448   1338454       1745059  1.304           5542            1.431        100.0
small_07                      0.848532   1338689       1799393  1.344           5650            1.390        100.0
small_08                      0.794266   1252226       1758839  1.405           5636            1.437        100.0
small_slopes_00              45.948816  73333051     243168998  3.316          68204            0.259        100.0
small_slopes_01              45.924726  73294874     243505603  3.322          69598            0.263        100.0
