case                 task-clock (ms)     cycles  instructions    IPC  branch-misses  branch-miss (%)  running (%)
max (max_random_00)        94.714155          -             -      -              -                -            -
sum                       609.082665          -             -      -              -                -            -
example_00                  0.890938    1671244       1635885  0.979           5665            1.587        100.0
example_01                  0.854771    1602064       1595985  0.996           5399            1.569        100.0
example_02                  0.999507    1876226       1626418  0.867           5509            1.550        100.0
many_1_00                  94.366268  178715037     427594057  2.393         105610            0.389        100.0
many_1_01                  92.808072  175831132     427410246  2.431         105489            0.390        100.0
max_random_00              94.714155  179384629     427497401  2.383         105455            0.389        100.0
max_random_01              94.561912  179097005     427659184  2.388         106135            0.391        100.0
max_random_02              94.528098  179036598     427480764  2.388         105736            0.390        100.0
middle_00                   1.821296    3435780       4542015  1.322           6540            0.968        100.0
middle_01                   1.045198    1963232       2164726  1.103           5862            1.413        100.0
middle_02                   1.075528    2021248       2209792  1.093           5872            1.389        100.0
middle_03                   1.059367    1989918       2194105  1.103           5743            1.364        100.0
middle_04                   2.182610    4119566       5946207  1.443           7071            0.910        100.0
random_00                  51.158982   96828836     230781013  2.383          65014            0.425        100.0
random_01                  35.705305   67548636     155815590  2.307          42746            0.399        100.0
random_02                  32.446338   61345695     140451061  2.290          41833            0.432        100.0
small_00                    0.874927    1641092       1645836  1.003           5519            1.549        100.0
small_01                    0.862024    1616619       1660977  1.027           5473            1.568        100.0
small_02                    0.893072    1674531       1650693  0.986           5526            1.543        100.0
small_03                    0.917389    1720508       1675672  0.974           5563            1.582        100.0
small_04                    0.881122    1652990       1621657  0.981           5482            1.590        100.0
small_05                    0.904591    1696637       1705784  1.005           5607            1.582        100.0
small_06                    0.866517    1624433       1653902  1.018           5420            1.513        100.0
small_07                    0.920820    1727355       1717158  0.994           5653            1.547        100.0
small_08                    0.854010    1600654       1623356  1.014           5469            1.583        100.0
small_09                    0.889848    1668489       1739078  1.042           5529            1.506        100.0
