case                 task-clock (ms)    cycles  instructions    IPC  branch-misses  branch-miss (%)  running (%)
max (max_random_01)        40.522433         -             -      -              -                -            -
sum                       314.311579         -             -      -              -                -            -
example_00                  0.849047   1592201       1582169  0.994           5373            1.582        100.0
max_random_00              38.517794  72997433     123003116  1.685         375351            3.262        100.0
max_random_01              40.522433  76659440     123037283  1.605         376207            3.268        100.0
max_random_02              38.921115  73760982     123023604  1.668         376068            3.266        100.0
max_random_03              38.986755  73845792     123118819  1.667         377164            3.270        100.0
max_random_04              38.910723  73682526     123044378  1.670         375705            3.261        100.0
random_00                  31.392074  59489886     100065607  1.682         316769            3.393        100.0
random_01                  33.413731  63321790     105108185  1.660         320275            3.182        100.0
random_02                  18.811451  35627217      67414893  1.892         242906            4.532        100.0
random_03                  12.235163  23176862      33650430  1.452          73095            1.511        100.0
random_04                  12.733252  24120099      37314722  1.547         106248            2.446        100.0
small_00                    0.922787   1731375       1699244  0.981           6010            1.722        100.0
small_01                    0.908965   1704956       1699776  0.997           5973            1.710        100.0
small_02                    0.928696   1741666       1699256  0.976           6001            1.719        100.0
small_03                    0.874153   1639017       1698978  1.037           5830            1.671        100.0
small_04                    0.889525   1668436       1707245  1.023           6148            1.752        100.0
small_05                    0.937525   1759526       1699475  0.966           6004            1.720        100.0
small_06                    0.901027   1690286       1700555  1.006           5982            1.712        100.0
small_07                    0.869043   1629012       1701190  1.044           5943            1.701        100.0
small_08                    0.896221   1680007       1700258  1.012           5965            1.708        100.0
small_09                    0.890099   1669456       1699948  1.018           5989            1.716        100.0
