case                           task-clock (ms)    cycles  instructions    IPC  branch-misses  branch-miss (%)  running (%)
max (max_random_02)                  27.255710         -             -      -              -                -            -
sum                                 473.164399         -             -      -              -                -            -
example_00                            0.868208   1627101       1638133  1.007           5425            1.518        100.0
example_01                            0.886891   1663147       1602720  0.964           5467            1.573        100.0
example_02                            0.866820   1625479       1620175  0.997           5396            1.524        100.0
example_03                            0.861041   1614096       1615556  1.001           5407            1.544        100.0
all_same_00                           3.844769   7268212      17763811  2.444           7020            0.350        100.0
all_same_01                           3.833667   7248958      17888974  2.468           7026            0.346        100.0
all_same_02                           3.842177   7264547      17882079  2.462           6999            0.345        100.0
all_same_03                           3.880433   7337297      17857524  2.434           7241            0.358        100.0
all_same_04                           3.854817   7288860      17745716  2.435           7000            0.349        100.0
almost_single_00                     18.037373  34171630      60059080  1.758           9003            0.082        100.0
almost_single_01                     12.134755  22984746      45538680  1.981           8227            0.097        100.0
almost_single_02                     10.960648  20758605      38831243  1.871           8105            0.115        100.0
almost_single_03                     11.523596  21826116      40361419  1.849           8153            0.124        100.0
almost_single_04                     11.019231  20797698      38889312  1.870           8483            0.120        100.0
almost_single_05                     12.303867  23306264      45987836  1.973           8349            0.099        100.0
binary_carry_00                       9.745537  18455672      38083944  2.064          11474            0.163        100.0
binary_carry_01                       9.780338  18521660      38227381  2.064          11276            0.159        100.0
fib_str_00                           18.074566  34245076      77677751  2.268          31423            0.232        100.0
fib_str_01                           15.238849  28868927      66658568  2.309          22469            0.195        100.0
fib_str_02                           15.287310  28961363      64448114  2.225          24951            0.221        100.0
fib_str_03                            9.792144  18543797      44128773  2.380          22655            0.293        100.0
fib_str_04                           22.462767  42563580      97135203  2.282          31892            0.190        100.0
hack_00                               0.893506   1675087       1644513  0.982           5782            1.630        100.0
hack_01                               0.893543   1675364       1676369  1.001           5792            1.587        100.0
hack_02                               0.867768   1627085       1675344  1.030           5802            1.591        100.0
max_random_00                        27.051672  51262119      67912572  1.325         706019            6.525        100.0
max_random_01                        27.227450  51594936      68334594  1.324         709811            6.521        100.0
max_random_02                        27.255710  51649234      68350798  1.323         708698            6.508        100.0
max_random_03                        27.211653  51546664      68111448  1.321         708140            6.535        100.0
max_random_04                        27.061045  51261325      67746752  1.322         705113            6.542        100.0
near_power_of_2_max_random_00        14.486160  27443283      37646163  1.372         360877            5.981        100.0
near_power_of_2_max_random_01        15.328691  29039829      38857334  1.338         360978            5.753        100.0
near_power_of_2_max_same_00           2.694071   5089313      10487321  2.061           6845            0.531        100.0
near_power_of_2_max_same_01           3.439304   6501755      11715986  1.802           7094            0.460        100.0
one_00                                0.873056   1637299       1638839  1.001           5430            1.516        100.0
random_00                            21.407584  40563118      54535840  1.344         547782            6.299        100.0
random_01                            25.571480  48455051      64173213  1.324         664890            6.508        100.0
random_02                             3.850838   7281644       9491359  1.303          75883            4.710        100.0
random_03                            23.575141  44670713      59797407  1.339         609849            6.395        100.0
random_04                            15.358532  29094909      39684470  1.364         382516            6.015        100.0
small_random_00                       0.890921   1611892       1632968  1.013           5561            1.576        100.0
small_random_01                       0.897223   1682840       1642146  0.976           5523            1.558        100.0
small_random_02                       0.899198   1686332       1656339  0.982           5734            1.604        100.0
small_random_03                       0.917708   1721377       1647518  0.957           5656            1.590        100.0
small_random_04                       0.892262   1673931       1654126  0.988           5762            1.615        100.0
small_random_05                       0.925685   1736087       1654537  0.953           5694            1.593        100.0
small_random_06                       0.914019   1715067       1656228  0.966           5783            1.619        100.0
small_random_07                       0.912938   1712053       1653618  0.966           5704            1.596        100.0
small_random_08                       0.869740   1630273       1601527  0.982           5350            1.542        100.0
small_random_09                       0.897697   1683895       1686607  1.002           5965            1.625        100.0
