2026-10-01 lenovo / Intel(R) Core(TM) i5-10210U CPU @ 1.60GHz
Two complete passes; per binary/case minimum task-clock; all counters from that same run.
Cases: 27, including examples. Units: ms. No CPU pinning.
Compiler: g++ (GCC) 16.2.1 20260819 (Red Hat 16.2.1-2); rustc 1.98.1 (48a229cea 2026-09-01)
Build host: master; glibc 2.43
Environment: Linux 7.2.8-200.fc44.x86_64; affinity [0, 1, 2, 3]; stack 268435456 bytes; bench_env OK.
cxx_flags.txt: -std=c++23 -DEVAL -DONLINE_JUDGE -Iinclude -O3 -fwhole-program -fno-exceptions -fno-rtti -march=x86-64-v3 -fno-pie -no-pie -nostdlib++ -static -lm -s
cpp_flags.txt: -std=c++23 -DEVAL -DONLINE_JUDGE -Iac-library -include cassert -O3 -fwhole-program -fno-exceptions -fno-rtti -march=x86-64-v3 -fno-pie -no-pie -static -lgmp -s
rust_flags.txt: -C opt-level=3 -C codegen-units=1 -C lto=fat -C panic=abort -C target-cpu=x86-64-v3 -C target-feature=+crt-static -C relocation-model=static -C link-arg=-Wl,-u,__cxa_thread_atexit_impl -C strip=symbols

solution                                max (ms)       sum (ms)
Forested                                  39.917215     625.999889
MeIoN                                     38.883079     610.539743
Richard1211                               39.527357     619.172588
cmk666                                    35.528418     559.349664
zjy2008                                   36.209095     569.496690
main                                      13.036744     209.380980

submissions/polynomial/composition_of_formal_power_series/Forested.cpp
SHA-256: 00a537d6496cafcc763126dc6657b4cbe30b590811b7880ac95d06ce7b39957a
case                 task-clock (ms)    cycles  instructions    IPC  branch-misses  branch-miss (%)  running (%)
max (max_random_02)        39.917215         -             -      -              -                -            -
sum                       625.999889         -             -      -              -                -            -
example_00                  1.040284   1644993       2494500  1.516           6978            1.217        100.0
hack2_00                   39.867380  63601235     172035680  2.705          44732            0.474        100.0
hack2_01                   39.821975  63551562     171990698  2.706          44185            0.469        100.0
hack2_02                   39.875722  63638338     171998925  2.703          44797            0.475        100.0
hack_00                    39.838320  63577816     171973258  2.705          43706            0.464        100.0
hack_01                    39.588854  63180510     171418005  2.713          39384            0.420        100.0
hack_02                    39.624208  63237302     171552721  2.713          40845            0.435        100.0
max_random_00              39.795741  63509953     172005502  2.708          44225            0.469        100.0
max_random_01              39.814275  63538727     172000984  2.707          41775            0.444        100.0
max_random_02              39.917215  63703752     171999338  2.700          44695            0.475        100.0
max_random_03              39.817489  63545193     172018861  2.707          43849            0.465        100.0
max_random_04              39.844115  63587399     171993908  2.705          44293            0.470        100.0
random_00                  39.644742  63255708     170939474  2.702          44808            0.484        100.0
random_01                  39.585127  63152008     170752700  2.704          43057            0.467        100.0
random_02                  39.565169  63129825     170689755  2.704          42977            0.466        100.0
random_03                  18.175103  28997009      78265911  2.699          26031            0.558        100.0
random_04                  39.755243  63444551     171529493  2.704          45331            0.485        100.0
small_00                    1.032412   1632948       2480738  1.519           7005            1.233        100.0
small_01                    1.024196   1619556       2473892  1.528           6905            1.218        100.0
small_02                    1.049324   1659270       2480756  1.495           6990            1.231        100.0
small_03                    1.038332   1642300       2457412  1.496           6541            1.143        100.0
small_04                    1.043087   1649486       2460239  1.492           6878            1.215        100.0
small_05                    1.059798   1675994       2523147  1.505           7103            1.245        100.0
small_06                    1.054741   1668673       2481923  1.487           6985            1.229        100.0
small_07                    1.048241   1657729       2456259  1.482           6897            1.220        100.0
small_08                    1.040528   1645810       2487974  1.512           6964            1.218        100.0
small_09                    1.038268   1642227       2466057  1.502           6678            1.167        100.0

submissions/polynomial/composition_of_formal_power_series/MeIoN.cpp
SHA-256: 25967b96b5a330073f152421c70a8828faefe77b8a7941bbef08d0e5e9f658cf
case                 task-clock (ms)    cycles  instructions    IPC  branch-misses  branch-miss (%)  running (%)
max (max_random_04)        38.883079         -             -      -              -                -            -
sum                       610.539743         -             -      -              -                -            -
example_00                  1.062653   1681191       2537678  1.509           7077            1.208        100.0
hack2_00                   38.791936  61908069     159390082  2.575          29363            0.265        100.0
hack2_01                   38.791294  61906963     159431377  2.575          29001            0.262        100.0
hack2_02                   38.820931  61954308     159438874  2.573          29200            0.264        100.0
hack_00                    38.840659  61986158     159386441  2.571          30246            0.273        100.0
hack_01                    38.696451  61755651     158902100  2.573          30352            0.275        100.0
hack_02                    38.741175  61826113     158977810  2.571          28164            0.255        100.0
max_random_00              38.791188  61906479     159424809  2.575          29081            0.263        100.0
max_random_01              38.759217  61855092     159416360  2.577          29038            0.262        100.0
max_random_02              38.756008  61850476     159363136  2.577          28925            0.262        100.0
max_random_03              38.808459  61934357     159415559  2.574          29493            0.267        100.0
max_random_04              38.883079  62052737     159411910  2.569          29682            0.268        100.0
random_00                  38.628018  61634055     158201761  2.567          28993            0.267        100.0
random_01                  38.409094  61296417     158043654  2.578          27094            0.250        100.0
random_02                  38.480939  61412110     158044911  2.574          27909            0.257        100.0
random_03                  17.794175  28389205      72678143  2.560          18576            0.345        100.0
random_04                  38.842704  61953920     158990722  2.566          29585            0.269        100.0
small_00                    1.059098   1674707       2516298  1.503           7123            1.234        100.0
small_01                    1.043735   1651299       2542555  1.540           7186            1.225        100.0
small_02                    1.074907   1701082       2497041  1.468           7097            1.242        100.0
small_03                    1.042692   1648796       2449651  1.486           6739            1.194        100.0
small_04                    1.075321   1700913       2508349  1.475           6940            1.194        100.0
small_05                    1.064859   1684844       2548784  1.513           7198            1.248        100.0
small_06                    1.102417   1744813       2531121  1.451           7222            1.239        100.0
small_07                    1.077754   1704468       2509653  1.472           7099            1.221        100.0
small_08                    1.047675   1656982       2501179  1.509           7055            1.233        100.0
small_09                    1.053305   1666606       2448564  1.469           6811            1.207        100.0

submissions/polynomial/composition_of_formal_power_series/Richard1211.cpp
SHA-256: 06f48b1cd7a86092f5a02f882ff4f809d2601a667f53b29b820eb7725c3041f1
case           task-clock (ms)    cycles  instructions    IPC  branch-misses  branch-miss (%)  running (%)
max (hack_00)        39.527357         -             -      -              -                -            -
sum                 619.172588         -             -      -              -                -            -
example_00            1.038153   1642075       2478685  1.509           6993            1.230        100.0
hack2_00             39.459410  62972913     161028513  2.557          33241            0.303        100.0
hack2_01             39.461198  62975090     160965709  2.556          32298            0.295        100.0
hack2_02             39.513397  63059713     161005365  2.553          32006            0.292        100.0
hack_00              39.527357  63082526     160931764  2.551          32930            0.301        100.0
hack_01              39.209414  62559513     159479951  2.549          32477            0.302        100.0
hack_02              39.169341  62509675     159708448  2.555          30659            0.284        100.0
max_random_00        39.461685  62964034     160988200  2.557          33191            0.303        100.0
max_random_01        39.461449  62962841     160951134  2.556          32813            0.300        100.0
max_random_02        39.505901  63047244     160985763  2.553          33103            0.302        100.0
max_random_03        39.517088  63065439     161022021  2.553          32893            0.300        100.0
max_random_04        39.523364  63062184     160999801  2.553          33300            0.304        100.0
random_00            38.950025  62159541     158850150  2.556          30822            0.290        100.0
random_01            38.935396  62137143     158683568  2.554          31210            0.294        100.0
random_02            38.952838  62140282     158583058  2.552          32368            0.305        100.0
random_03            18.085726  28854060      73325912  2.541          20267            0.382        100.0
random_04            39.056173  62328504     159728142  2.563          32617            0.303        100.0
small_00              1.039669   1643791       2504019  1.523           6955            1.205        100.0
small_01              1.018073   1608971       2466825  1.533           7055            1.252        100.0
small_02              1.044549   1651190       2504030  1.517           6954            1.205        100.0
small_03              1.006505   1592080       2455520  1.542           6610            1.158        100.0
small_04              1.014592   1604357       2438748  1.520           6965            1.243        100.0
small_05              1.069282   1691357       2521147  1.491           7263            1.277        100.0
small_06              1.036580   1639405       2466255  1.504           7047            1.250        100.0
small_07              1.044457   1651930       2452861  1.485           6879            1.217        100.0
small_08              1.020448   1613312       2475155  1.534           6988            1.231        100.0
small_09              1.050518   1662005       2455664  1.478           6660            1.166        100.0

submissions/polynomial/composition_of_formal_power_series/cmk666.cpp
SHA-256: 3ccc7256f57146579cf371ca31fef27b4ddda21d5a209a415391a085f4a179d9
case                 task-clock (ms)    cycles  instructions    IPC  branch-misses  branch-miss (%)  running (%)
max (max_random_02)        35.528418         -             -      -              -                -            -
sum                       559.349664         -             -      -              -                -            -
example_00                  1.076204   1703218       2529350  1.485           7221            1.237        100.0
hack2_00                   35.520967  56686360     133034339  2.347          30048            0.295        100.0
hack2_01                   35.475961  56615099     133074996  2.351          28513            0.279        100.0
hack2_02                   35.501517  56654759     133023723  2.348          37187            0.365        100.0
hack_00                    35.490656  56636856     133019819  2.349          32360            0.317        100.0
hack_01                    35.441590  56548293     132817502  2.349          31936            0.313        100.0
hack_02                    35.477403  56616202     132793735  2.346          34107            0.335        100.0
max_random_00              35.452565  56577314     133064153  2.352          24024            0.235        100.0
max_random_01              35.499554  56626964     133080804  2.350          29233            0.286        100.0
max_random_02              35.528418  56697966     133003888  2.346          35870            0.352        100.0
max_random_03              35.486114  56617242     133083331  2.351          29004            0.284        100.0
max_random_04              35.485150  56629993     133054703  2.350          29764            0.292        100.0
random_00                  35.365505  56413625     132412309  2.347          27956            0.276        100.0
random_01                  35.263056  56275297     132286012  2.351          23878            0.237        100.0
random_02                  35.212850  56194156     132239623  2.353          21771            0.216        100.0
random_03                  16.252484  25928433      61362829  2.367          22373            0.450        100.0
random_04                  35.309267  56348499     132758329  2.356          30909            0.304        100.0
small_00                    1.059817   1676407       2492021  1.487           7298            1.280        100.0
small_01                    1.063182   1681433       2528816  1.504           7194            1.232        100.0
small_02                    1.043613   1650577       2485564  1.506           7157            1.258        100.0
small_03                    1.021458   1614403       2447220  1.516           6679            1.184        100.0
small_04                    1.043756   1650070       2467565  1.495           7012            1.236        100.0
small_05                    1.057225   1672543       2524051  1.509           7393            1.292        100.0
small_06                    1.066804   1688204       2503601  1.483           7141            1.243        100.0
small_07                    1.040868   1646404       2472560  1.502           7003            1.233        100.0
small_08                    1.069213   1690955       2493217  1.474           7220            1.264        100.0
small_09                    1.044467   1651993       2441713  1.478           6666            1.184        100.0

submissions/polynomial/composition_of_formal_power_series/zjy2008.cpp
SHA-256: 5eb1080880e91c7e4c5ed7756a125b5ac6b7c72093132f1d3feee640a56f2754
case                 task-clock (ms)    cycles  instructions    IPC  branch-misses  branch-miss (%)  running (%)
max (max_random_03)        36.209095         -             -      -              -                -            -
sum                       569.496690         -             -      -              -                -            -
example_00                  1.101727   1742657       2542063  1.459           7054            1.211        100.0
hack2_00                   36.167617  57718272     176852855  3.064          17610            0.324        100.0
hack2_01                   36.184623  57744963     176867112  3.063          17557            0.323        100.0
hack2_02                   36.136052  57668031     176855396  3.067          17602            0.324        100.0
hack_00                    36.185366  57731938     176883912  3.064          18159            0.333        100.0
hack_01                    36.069371  57561780     176581535  3.068          16275            0.301        100.0
hack_02                    36.090687  57596037     176641663  3.067          16494            0.304        100.0
max_random_00              36.115892  57635520     176853948  3.068          17687            0.325        100.0
max_random_01              36.136309  57668961     176848527  3.067          17420            0.321        100.0
max_random_02              36.128213  57656397     176890865  3.068          17412            0.320        100.0
max_random_03              36.209095  57784297     176851370  3.061          17359            0.319        100.0
max_random_04              36.107406  57623258     176885016  3.070          17467            0.321        100.0
random_00                  35.829942  57165852     175507806  3.070          16505            0.318        100.0
random_01                  35.776023  57093189     175367131  3.072          16011            0.311        100.0
random_02                  35.792667  57120373     175356551  3.070          16004            0.310        100.0
random_03                  16.624433  26521549      78985746  2.978          13259            0.467        100.0
random_04                  36.101686  57612095     176651571  3.066          17364            0.321        100.0
small_00                    1.072900   1697802       2521241  1.485           7176            1.246        100.0
small_01                    1.070870   1694269       2531276  1.494           7125            1.232        100.0
small_02                    1.069336   1691901       2543477  1.503           7156            1.228        100.0
small_03                    1.068985   1691063       2495100  1.475           6948            1.211        100.0
small_04                    1.069799   1692263       2496366  1.475           7096            1.238        100.0
small_05                    1.102153   1743432       2608495  1.496           7049            1.188        100.0
small_06                    1.088750   1722185       2522442  1.465           7231            1.255        100.0
small_07                    1.072465   1696241       2520831  1.486           7014            1.209        100.0
small_08                    1.066229   1686631       2550409  1.512           7033            1.199        100.0
small_09                    1.058094   1673286       2485559  1.485           6842            1.197        100.0

src/polynomial/composition_of_formal_power_series/main.cxx
SHA-256: 53b888bb37808dd33d03598757026c7ae56112b51361ba7daba98ca2ee3a6906
case             task-clock (ms)    cycles  instructions    IPC  branch-misses  branch-miss (%)  running (%)
max (random_04)        13.036744         -             -      -              -                -            -
sum                   209.380980         -             -      -              -                -            -
example_00              0.830349   1310672       1791431  1.367           5581            1.379        100.0
hack2_00               12.926880  20620159      42645696  2.068          13219            0.563        100.0
hack2_01               12.948091  20653186      42674173  2.066          13118            0.556        100.0
hack2_02               12.992251  20723865      42650013  2.058          13126            0.559        100.0
hack_00                12.956023  20666006      42654266  2.064          13465            0.572        100.0
hack_01                12.836739  20476336      42464796  2.074          12625            0.537        100.0
hack_02                12.903356  20581947      42497222  2.065          12565            0.534        100.0
max_random_00          12.902196  20580144      42654707  2.073          13164            0.559        100.0
max_random_01          12.932559  20628160      42647535  2.067          12948            0.551        100.0
max_random_02          12.940147  20640812      42693952  2.068          13357            0.565        100.0
max_random_03          12.966023  20681621      42643890  2.062          13104            0.558        100.0
max_random_04          12.945367  20648819      42681072  2.067          13433            0.569        100.0
random_00              12.737333  20317502      42094826  2.072          12768            0.556        100.0
random_01              12.724310  20295771      41933770  2.066          12230            0.539        100.0
random_02              12.756895  20348536      41928242  2.061          12533            0.553        100.0
random_03               6.589028  10501754      20578561  1.960          10083            0.706        100.0
random_04              13.036744  20794926      42734921  2.055          13377            0.559        100.0
small_00                0.839020   1323921       1789077  1.351           5540            1.371        100.0
small_01                0.854869   1349664       1753124  1.299           5606            1.435        100.0
small_02                0.810432   1278017       1749818  1.369           5471            1.404        100.0
small_03                0.823219   1299200       1731223  1.333           5447            1.409        100.0
small_04                0.862737   1360725       1735986  1.276           5516            1.425        100.0
small_05                0.854181   1348056       1753518  1.301           5482            1.405        100.0
small_06                0.834938   1317015       1764657  1.340           5318            1.332        100.0
small_07                0.850525   1342146       1782782  1.328           5456            1.353        100.0
small_08                0.863017   1362543       1755164  1.288           5605            1.434        100.0
small_09                0.863751   1362892       1744638  1.280           5430            1.396        100.0
