case                          task-clock (ms)    cycles  instructions    IPC  branch-misses  branch-miss (%)  running (%)
max (highrank_max_random_00)        47.240064         -             -      -              -                -            -
sum                               1140.793047         -             -      -              -                -            -
example_00                           0.911207   1709477       1631675  0.954           5511            1.554        100.0
example_01                           0.887850   1664700       1611268  0.968           5524            1.592        100.0
example_02                           0.899527   1686277       1631971  0.968           5441            1.535        100.0
example_03                           0.901595   1691684       1606926  0.950           5325            1.538        100.0
almost_identity_00                  11.495815  21772987      38631140  1.774          13062            0.334        100.0
almost_perm_max_random_00           11.882358  22507215      38057980  1.691          13742            0.356        100.0
almost_perm_max_random_01           12.172796  23056559      39108947  1.696          14011            0.352        100.0
almost_perm_max_random_02           11.775078  22303256      38058624  1.706          13458            0.349        100.0
anti55588_00                         0.879051   1648871       1597613  0.969           5426            1.577        100.0
highrank_max_random_00              47.240064  89504554     221562364  2.475         194301            1.197        100.0
highrank_max_random_01              47.223506  89425570     221051437  2.472         193113            1.194        100.0
highrank_max_random_02              46.927612  88937224     220133522  2.475         193347            1.204        100.0
highrank_max_random_03              47.138486  89323448     220675015  2.471         193976            1.203        100.0
highrank_max_random_04              46.998056  89071733     220024119  2.470         194557            1.212        100.0
lowrank_max_random_00               29.325639  55557529     134243285  2.416          99766            0.999        100.0
lowrank_max_random_01               25.089800  47542549     110483342  2.324          84341            1.013        100.0
lowrank_max_random_02               36.611876  69382129     172147485  2.481         121724            0.969        100.0
lowrank_max_random_03               24.812070  47016258     109117308  2.321          80489            0.977        100.0
lowrank_max_random_04               29.463965  55833757     133405630  2.389          96164            0.970        100.0
max_random_00                       45.863434  86906088     218087234  2.509         192883            1.233        100.0
max_random_01                       46.399682  87922519     218075374  2.480         194396            1.243        100.0
max_random_02                       45.790715  86781577     218087382  2.513         192221            1.229        100.0
max_random_03                       45.898114  86985980     218064184  2.507         193437            1.237        100.0
max_random_04                       46.437488  87994977     218096744  2.479         192413            1.230        100.0
nontrivial_frobenius_form_00        10.320020  19545064      33999271  1.740          12390            0.384        100.0
nontrivial_frobenius_form_01        45.868095  86928389     218052647  2.508         193700            1.239        100.0
nontrivial_frobenius_form_02        45.957438  87098963     218091313  2.504         193547            1.237        100.0
nontrivial_frobenius_form_03        46.390054  87917601     218088007  2.481         194099            1.241        100.0
nontrivial_frobenius_form_04        46.426438  87987657     218050435  2.478         193908            1.241        100.0
nontrivial_frobenius_form_05        46.376129  87877632     218090094  2.482         192624            1.231        100.0
nontrivial_frobenius_form_06        46.325306  87795792     218099069  2.484         193138            1.234        100.0
nontrivial_frobenius_form_07        45.894903  86958064     218069636  2.508         192339            1.230        100.0
nontrivial_frobenius_form_08        46.434221  88002650     218120023  2.479         195149            1.247        100.0
nontrivial_frobenius_form_09        46.397986  87933586     218108875  2.480         192564            1.230        100.0
perm_max_random_00                  11.196563  21205898      35989766  1.697          13258            0.381        100.0
perm_max_random_01                  11.274304  21352780      36245678  1.697          13342            0.379        100.0
perm_max_random_02                  11.361278  21518814      36616596  1.702          13105            0.367        100.0
random_00                            3.956070   7480174      15864464  2.121          14284            0.930        100.0
random_01                            4.869497   9211848      19929599  2.163          16790            0.907        100.0
random_02                            1.413186   2660784       3883130  1.459           7599            1.377        100.0
random_03                            4.565499   8637131      18575896  2.151          15324            0.870        100.0
random_04                            0.900880   1689455       1694539  1.003           5771            1.618        100.0
signed_overflow_00                   0.935950   1756125       1777949  1.012           5558            1.485        100.0
unsigned_overflow_00                 0.903446   1695279       1670536  0.985           5625            1.556        100.0
