case                 task-clock (ms)    cycles  instructions    IPC  branch-misses  branch-miss (%)  running (%)
max (max_random_02)        20.412482         -             -      -              -                -            -
sum                       217.995627         -             -      -              -                -            -
example_00                  0.861625   1616568       1576963  0.976           5204            1.537        100.0
example_01                  0.868945   1629538       1623601  0.996           5394            1.528        100.0
max_random_00              19.236163  36430707      79731428  2.189         183017            2.112        100.0
max_random_01              19.980039  37796480      82016867  2.170         193810            2.167        100.0
max_random_02              20.412482  38676714      83597892  2.161         196897            2.158        100.0
max_random_03              18.947435  35899026      76963596  2.144         178061            2.124        100.0
max_random_04              19.367705  36695054      80795874  2.202         190925            2.158        100.0
random_00                   6.571273  12438529      24755517  1.990          71356            2.393        100.0
random_01                   7.861687  14885262      29768959  2.000          81629            2.334        100.0
random_02                   1.908543   3599768       5663413  1.573          20016            2.324        100.0
random_03                   7.542478  14279865      28562111  2.000          79887            2.372        100.0
random_04                   0.928729   1741824       1748577  1.004           6427            1.770        100.0
small_00                    1.184043   2226072       2907201  1.306          10965            2.112        100.0
small_01                    1.527821   2877884       3951816  1.373          14291            2.224        100.0
small_02                    1.931609   3643775       5667698  1.555          19992            2.319        100.0
small_03                    1.412129   2658731       3694091  1.389          13844            2.252        100.0
small_04                    0.947219   1777691       1779353  1.001           6612            1.768        100.0
sparse_00                   6.603793  12500132      16665025  1.333          13720            0.669        100.0
sparse_01                  11.305829  21399142      37891513  1.771          88694            2.034        100.0
sparse_02                  11.811204  22357604      40765270  1.823          98605            2.123        100.0
sparse_03                  10.838607  20527447      36765049  1.791          83817            2.015        100.0
sparse_04                   6.001308  11359224      13600355  1.197          10833            0.616        100.0
sparse_05                  12.184632  23079168      42140405  1.826         102706            2.129        100.0
sparse_06                   6.463174  12234331      15762661  1.288          12976            0.654        100.0
sparse_07                   7.644103  14471712      21677233  1.498          24350            0.929        100.0
sparse_08                   7.932292  15019415      22731942  1.514          29947            1.106        100.0
sparse_09                   5.720760  10827257      12706188  1.174          10363            0.638        100.0
