case             task-clock (ms)     cycles  instructions    IPC  branch-misses  branch-miss (%)  running (%)
max (big_02)          156.703869          -             -      -              -                -            -
sum                  1219.028869          -             -      -              -                -            -
example_00              0.875689    1640686       1635924  0.997           5763            1.615        100.0
example_01              0.897973    1683964       1658547  0.985           5838            1.613        100.0
example_02              0.895619    1680310       1619234  0.964           5485            1.550        100.0
example_03              0.863065    1617781       1620348  1.002           5534            1.563        100.0
big_00                 13.991090   26477607      63601128  2.402          22448            0.393        100.0
big_01                  2.046395    3861169       7040347  1.823           9577            1.158        100.0
big_02                156.703869  296498575     691413018  2.332         104297            0.174        100.0
big_03                 13.680649   25913853      63522463  2.451          21089            0.371        100.0
big_04                154.599039  292547283     685332078  2.343          99437            0.170        100.0
big_05                 29.180723   55283903     139314821  2.520          37702            0.312        100.0
big_06                 29.410446   55711532     139622109  2.506          37224            0.307        100.0
big_07                 64.543995  122194769     307394194  2.516          66963            0.256        100.0
big_08                144.128237  272896956     674002874  2.470         116649            0.207        100.0
big_09                  3.478232    6574174      13935193  2.120          11644            0.812        100.0
clique_cycle_00       132.563755  250978779     654256515  2.607          91451            0.175        100.0
clique_cycle_01       133.005116  251710941     653986056  2.598          76134            0.146        100.0
clique_cycle_02       135.611201  256738817     658357466  2.564          85724            0.162        100.0
clique_cycle_03         0.868013    1627395       1605238  0.986           5584            1.622        100.0
loop_00                 0.890606    1669431       1586712  0.950           5309            1.552        100.0
loop_01                 0.845399    1583762       1604046  1.013           5329            1.519        100.0
multi_edge_00           0.879365    1649168       1617799  0.981           5495            1.561        100.0
multi_edge_01           0.875051    1641454       1594290  0.971           5292            1.547        100.0
multi_edge_02           0.854314    1601661       1631625  1.019           5713            1.603        100.0
multi_edge_03           0.836990    1569190       1590547  1.014           5227            1.530        100.0
random_00               0.966220    1813548       2115658  1.167           6685            1.667        100.0
random_01               0.871206    1633340       1592239  0.975           5457            1.591        100.0
random_02               0.887367    1664466       1634084  0.982           5800            1.625        100.0
random_03               0.871837    1634961       1588381  0.972           5390            1.574        100.0
random_04             133.478716  252613855     653472705  2.587          79394            0.153        100.0
random_05               0.894876    1679653       1854177  1.104           6275            1.661        100.0
random_06               0.852189    1597149       1609022  1.007           5626            1.626        100.0
random_07              55.947639  105921063     294135374  2.777          46314            0.197        100.0
random_08               0.869364    1630019       1606423  0.986           5649            1.632        100.0
random_09               0.864624    1621096       1618542  0.998           5430            1.535        100.0
