2026-10-01 lenovo / Intel(R) Core(TM) i5-10210U CPU @ 1.60GHz
Two complete passes; per binary/case minimum task-clock; all counters from that same run.
Cases: 37, including examples. Units: ms. No CPU pinning.
Compiler: g++ (GCC) 16.2.1 20260819 (Red Hat 16.2.1-2); rustc 1.98.1 (48a229cea 2026-09-01)
Build host: master; glibc 2.43
Environment: Linux 7.2.8-200.fc44.x86_64; affinity [0, 1, 2, 3]; stack 268435456 bytes; bench_env OK.
cxx_flags.txt: -std=c++23 -DEVAL -DONLINE_JUDGE -Iinclude -O3 -fwhole-program -fno-exceptions -fno-rtti -march=x86-64-v3 -fno-pie -no-pie -nostdlib++ -static -lm -s
cpp_flags.txt: -std=c++23 -DEVAL -DONLINE_JUDGE -Iac-library -include cassert -O3 -fwhole-program -fno-exceptions -fno-rtti -march=x86-64-v3 -fno-pie -no-pie -static -lgmp -s
rust_flags.txt: -C opt-level=3 -C codegen-units=1 -C lto=fat -C panic=abort -C target-cpu=x86-64-v3 -C target-feature=+crt-static -C relocation-model=static -C link-arg=-Wl,-u,__cxa_thread_atexit_impl -C strip=symbols

solution                                max (ms)       sum (ms)
Rohan_Kapri                              124.679281    2508.577901
chaihf                                   127.117741    2438.958633
mukundan314                              124.751579    2493.074790
nandhagk                                  89.056509    1694.381820
sortA0329                                147.632299    2386.574672
main                                      67.710686    1687.678521

submissions/data_structure/ordered_set/Rohan_Kapri.cpp
SHA-256: ffeddc3d1c7bd95fc6d2676a44cf5960ba84e4858c4df79e25bc0568ed795712
case                 task-clock (ms)     cycles  instructions    IPC  branch-misses  branch-miss (%)  running (%)
max (max_random_31)       124.679281          -             -      -              -                -            -
sum                      2508.577901          -             -      -              -                -            -
example_00                  1.197249    1895445       2444011  1.289           5606            1.122        100.0
example_01                  1.199129    1898556       2432532  1.281           5577            1.118        100.0
max_random_00              57.817022   92278953     153173961  1.660         719229            3.313        100.0
max_random_01              57.730278   92139845     156044865  1.694         647105            2.869        100.0
max_random_02              33.232949   53005437     111678481  2.107          64756            0.377        100.0
max_random_03              32.808325   52357509     111497726  2.130          59020            0.344        100.0
max_random_04              51.431148   82084643     161852560  1.972         218179            0.963        100.0
max_random_05              44.972838   71775529     145025609  2.021         182267            0.741        100.0
max_random_06              58.744612   93758610     171525227  1.829         308100            1.300        100.0
max_random_07              60.471090   96497994     174732506  1.811         286709            1.197        100.0
max_random_08              62.195232   99249338     157572580  1.588         738751            3.349        100.0
max_random_09              62.856864  100323201     161635650  1.611         646516            2.802        100.0
max_random_10              34.981210   55825166     111479421  1.997         127078            0.742        100.0
max_random_11              34.453776   54984147     111207327  2.023         124835            0.731        100.0
max_random_12              55.010690   87783461     161638395  1.841         274957            1.210        100.0
max_random_13              47.563547   75893011     147109382  1.938         233983            0.930        100.0
max_random_14              70.145901  111940657     191943548  1.715         176779            0.716        100.0
max_random_15              70.518667  112520958     193888195  1.723         185876            0.736        100.0
max_random_16              96.707513  154273529     244512614  1.585         779882            2.285        100.0
max_random_17             100.479145  160235826     251916525  1.572         773964            2.188        100.0
max_random_18              72.002914  114838722     212586595  1.851         301219            1.003        100.0
max_random_19              72.174223  115111704     212726788  1.848         298971            0.998        100.0
max_random_20              96.951788  154663589     253769222  1.641         237362            0.644        100.0
max_random_21              80.146044  127921317     238492884  1.864         331335            0.937        100.0
max_random_22             105.864651  168973474     269556091  1.595         354744            0.975        100.0
max_random_23             102.615154  163674753     269383071  1.646         264633            0.716        100.0
max_random_24             108.902877  173787452     250894698  1.444         769487            2.210        100.0
max_random_25             113.142366  180593049     258384707  1.431         747500            2.082        100.0
max_random_26              80.189075  127987824     212951025  1.664         359914            1.191        100.0
max_random_27              79.491904  126859443     212485661  1.675         360329            1.203        100.0
max_random_28             107.144285  170985529     262452949  1.535         299299            0.814        100.0
max_random_29              86.252825  137658220     248571865  1.806         245300            0.658        100.0
max_random_30             124.069841  197992612     281529159  1.422         205733            0.551        100.0
max_random_31             124.679281  198975972     283569392  1.425         202471            0.534        100.0
small_00                   35.864157   57235344     104228581  1.821         429767            2.778        100.0
small_01                   41.872945   66811425     108153904  1.619         621713            3.803        100.0
small_02                   42.696386   68140135     110336788  1.619         647235            3.835        100.0

submissions/data_structure/ordered_set/chaihf.cpp
SHA-256: ab2ff51cdb82a400a05eb07d39b8a471bdbfbc52e48646b17a6c7bb4d17fb226
case                 task-clock (ms)     cycles  instructions    IPC  branch-misses  branch-miss (%)  running (%)
max (max_random_30)       127.117741          -             -      -              -                -            -
sum                      2438.958633          -             -      -              -                -            -
example_00                  1.025663    1621873       2419285  1.492           6828            1.228        100.0
example_01                  1.020539    1612680       2413498  1.497           6621            1.189        100.0
max_random_00              57.512243   91791936     130478627  1.421         699843            3.624        100.0
max_random_01              57.803022   92254578     132057762  1.431         636072            3.234        100.0
max_random_02              29.525359   47098680      88676030  1.883          54802            0.360        100.0
max_random_03              29.536984   47134760      88531225  1.878          58469            0.384        100.0
max_random_04              41.369160   66021900      87998286  1.333         199607            1.752        100.0
max_random_05              40.921404   65308220     128394189  1.966         131024            0.586        100.0
max_random_06              65.556651  104616055     163942484  1.567         307328            1.226        100.0
max_random_07              66.371822  105933672     163851997  1.547         305161            1.268        100.0
max_random_08              63.014494  100534616     133686620  1.330         708477            3.695        100.0
max_random_09              64.420176  102818402     135951146  1.322         630098            3.228        100.0
max_random_10              31.728930   50616077      88690909  1.752         116870            0.770        100.0
max_random_11              31.729984   50634446      88841156  1.755         116783            0.765        100.0
max_random_12              42.943044   68535097      87919503  1.283         250126            2.181        100.0
max_random_13              41.683982   66523977     128621653  1.933         114039            0.511        100.0
max_random_14              82.478069  131643376     179926174  1.367         168186            0.691        100.0
max_random_15              82.432700  131571168     178066344  1.353         197326            0.843        100.0
max_random_16              95.088993  151656132     205017377  1.352         925937            2.941        100.0
max_random_17              97.375808  155424421     209679299  1.349         890098            2.784        100.0
max_random_18              70.613484  112618993     176244358  1.565         620469            2.197        100.0
max_random_19              69.446998  110718178     176337506  1.593         619030            2.186        100.0
max_random_20              73.095231  116666262     176663594  1.514         224602            0.886        100.0
max_random_21              80.338508  128143484     201818218  1.575         425215            1.254        100.0
max_random_22             108.237514  172639891     245019899  1.419         474703            1.315        100.0
max_random_23             108.428534  172948662     239662990  1.386         434073            1.215        100.0
max_random_24             104.544898  166847107     207778493  1.245         894953            2.872        100.0
max_random_25             107.348811  171315935     214008049  1.249         845097            2.651        100.0
max_random_26              77.590133  123841306     177399713  1.432         680785            2.392        100.0
max_random_27              77.529464  123713478     175690909  1.420         677285            2.410        100.0
max_random_28              89.403453  142699173     181725944  1.273         266987            1.066        100.0
max_random_29              82.926041  132332519     202184852  1.528         286424            0.851        100.0
max_random_30             127.117741  202868305     252315330  1.244         326108            0.902        100.0
max_random_31             125.391472  200129248     250364347  1.251         345163            0.980        100.0
small_00                   34.739728   55423061      95007406  1.714         528615            3.069        100.0
small_01                   39.034393   62295049      95665068  1.536         727832            4.238        100.0
small_02                   39.633203   63251536      96087217  1.519         754880            4.396        100.0

submissions/data_structure/ordered_set/mukundan314.cpp
SHA-256: 16a09374ec3acac712ebe02c6b610df0adf7d78def0f3be47921e7ddd9e2a46a
case                 task-clock (ms)     cycles  instructions    IPC  branch-misses  branch-miss (%)  running (%)
max (max_random_31)       124.751579          -             -      -              -                -            -
sum                      2493.074790          -             -      -              -                -            -
example_00                  1.224056    1938544       2457168  1.268           5816            1.160        100.0
example_01                  1.158492    1833864       2416018  1.317           5469            1.110        100.0
max_random_00              57.534087   91813259     152157479  1.657         722887            3.332        100.0
max_random_01              57.716934   92099298     154761506  1.680         655943            2.908        100.0
max_random_02              32.741915   52251347     111676918  2.137          55688            0.324        100.0
max_random_03              32.372335   51661712     111448753  2.157          56330            0.329        100.0
max_random_04              51.492449   82164773     159452744  1.941         220859            0.976        100.0
max_random_05              44.674398   71245767     145039667  2.036         181081            0.736        100.0
max_random_06              58.670809   93640764     169879648  1.814         304596            1.285        100.0
max_random_07              59.484809   94940295     173176624  1.824         281744            1.177        100.0
max_random_08              62.056622   99026900     156357518  1.579         742643            3.367        100.0
max_random_09              62.232363   99308211     160051151  1.612         654125            2.837        100.0
max_random_10              34.812034   55543546     111442256  2.006         129078            0.754        100.0
max_random_11              34.410582   54914081     111190812  2.025         125111            0.732        100.0
max_random_12              55.115084   87937967     159234526  1.811         276090            1.216        100.0
max_random_13              47.163902   75255585     147072404  1.954         238865            0.949        100.0
max_random_14              69.438119  110801146     189056621  1.706         178138            0.722        100.0
max_random_15              70.673425  112800157     191459142  1.697         184773            0.732        100.0
max_random_16              95.778216  152859057     243923239  1.596         783213            2.292        100.0
max_random_17              99.745186  159207530     249866677  1.569         771900            2.201        100.0
max_random_18              71.638653  114256588     212747762  1.862         301470            1.012        100.0
max_random_19              71.018145  113266486     212865236  1.879         298826            0.996        100.0
max_random_20              95.708177  152645675     252334917  1.653         238578            0.645        100.0
max_random_21              79.039615  126040437     237823865  1.887         338431            0.955        100.0
max_random_22             105.990596  169147034     267206444  1.580         354734            0.975        100.0
max_random_23             101.857219  162468114     268236740  1.651         267697            0.723        100.0
max_random_24             108.076218  172487642     249872203  1.449         770432            2.211        100.0
max_random_25             112.035694  178784890     256995320  1.437         742816            2.070        100.0
max_random_26              79.737241  127267236     212233761  1.668         363468            1.222        100.0
max_random_27              79.314891  126593243     212499069  1.679         361742            1.207        100.0
max_random_28             105.426516  168274993     260585158  1.549         298102            0.810        100.0
max_random_29              85.769032  136897227     247271080  1.806         250238            0.670        100.0
max_random_30             123.804041  197576162     279144478  1.413         208127            0.557        100.0
max_random_31             124.751579  199064821     282427502  1.419         206002            0.540        100.0
small_00                   35.903808   57297505     104440035  1.823         428722            2.771        100.0
small_01                   41.729523   66598597     108448311  1.628         621803            3.796        100.0
small_02                   42.778025   68252977     110524407  1.619         647576            3.840        100.0

submissions/data_structure/ordered_set/nandhagk.cpp
SHA-256: d871fd0c5f739e7f246bf0f3b7f675b599ae337e174f52afdb30757ef6eb8a24
case                 task-clock (ms)     cycles  instructions    IPC  branch-misses  branch-miss (%)  running (%)
max (max_random_28)        89.056509          -             -      -              -                -            -
sum                      1694.381820          -             -      -              -                -            -
example_00                  0.871451    1374861       1887024  1.373           6337            1.502        100.0
example_01                  0.878215    1386486       1921840  1.386           6250            1.435        100.0
max_random_00              41.338733   65959324      84593879  1.283         762124            5.838        100.0
max_random_01              37.535755   59901840      74556698  1.245         715980            5.809        100.0
max_random_02              18.636208   29720072      67925140  2.285          60046            0.601        100.0
max_random_03              22.493582   35877448      62187985  1.733         208779            1.976        100.0
max_random_04              39.370073   62829919      95869132  1.526         455766            3.004        100.0
max_random_05              32.902153   52505399      85372943  1.626         543777            3.538        100.0
max_random_06              27.729464   44249170      70810620  1.600         322444            2.788        100.0
max_random_07              27.905771   44530077      71003027  1.594         329517            2.820        100.0
max_random_08              53.747917   85782226     115717837  1.349         679465            4.049        100.0
max_random_09              50.536101   80638943     104470654  1.296         623681            3.999        100.0
max_random_10              23.814793   38000745      76048507  2.001         117586            1.103        100.0
max_random_11              23.290752   37163536      66460761  1.788         201172            1.923        100.0
max_random_12              56.391911   90001155     120330619  1.337         127149            0.958        100.0
max_random_13              33.614057   53642523     116933643  2.180         121451            0.653        100.0
max_random_14              41.449950   66150413     118263278  1.788         305920            1.532        100.0
max_random_15              39.724160   63397309     113003593  1.782         305231            1.544        100.0
max_random_16              66.501435  106107167     183045684  1.725         771386            2.939        100.0
max_random_17              66.009546  105323671     183033377  1.738         773761            2.918        100.0
max_random_18              51.645118   82425709     189899087  2.304         268207            1.038        100.0
max_random_19              50.461347   80534741     175915673  2.184         271604            1.108        100.0
max_random_20              82.728320  132042391     214981141  1.628         434930            1.494        100.0
max_random_21              55.055922   87869260     179048287  2.038         570356            2.066        100.0
max_random_22              44.386829   70838348     163183698  2.304         320048            1.308        100.0
max_random_23              46.797031   74685902     161852627  2.167         328516            1.348        100.0
max_random_24              79.162070  126313968     198901839  1.575         841938            3.070        100.0
max_random_25              77.528836  123743444     200550658  1.621         795023            2.852        100.0
max_random_26              69.010720  110145904     201614223  1.830         538292            2.001        100.0
max_random_27              70.101260  111852009     183523910  1.641         609432            2.476        100.0
max_random_28              89.056509  142119905     212420111  1.495         278682            1.079        100.0
max_random_29              62.558235   99821961     212840875  2.132         286543            0.935        100.0
max_random_30              60.623888   96758581     186314128  1.926         400704            1.442        100.0
max_random_31              60.363044   96341829     183110141  1.901         399406            1.453        100.0
small_00                   26.991026   43069469      41745623  0.969         425109            5.450        100.0
small_01                   30.429762   48547303      44040213  0.907         603001            7.117        100.0
small_02                   32.739876   52246568      45998460  0.880         729440            8.105        100.0

submissions/data_structure/ordered_set/sortA0329.cpp
SHA-256: c27d28d81303b483852e0b7d71b6af03c7354b4b4e39766a5aa4eae35e16121a
case                 task-clock (ms)     cycles  instructions    IPC  branch-misses  branch-miss (%)  running (%)
max (max_random_28)       147.632299          -             -      -              -                -            -
sum                      2386.574672          -             -      -              -                -            -
example_00                  1.303286    2064758       2962160  1.435           6874            1.089        100.0
example_01                  1.324264    2098788       2990141  1.425           6987            1.089        100.0
max_random_00              52.013300   83012720     101136455  1.218         971413            7.313        100.0
max_random_01              51.728161   82531791      99986608  1.211         908178            6.987        100.0
max_random_02              25.615764   40876515      67259418  1.645          71094            0.792        100.0
max_random_03              25.202216   40215524      67290356  1.673          72404            0.806        100.0
max_random_04              62.287039   99412868     143496651  1.443         799590            4.546        100.0
max_random_05              44.212508   70561045      98326983  1.394         532993            3.672        100.0
max_random_06              43.628063   69628579      91958588  1.321         373705            3.153        100.0
max_random_07              44.298269   70698017      92764314  1.312         398835            3.334        100.0
max_random_08              59.225996   94509407     102460968  1.084        1245927            9.272        100.0
max_random_09              59.675355   95244467     101298716  1.064        1173094            8.915        100.0
max_random_10              27.663221   44143448      67263680  1.524         134667            1.497        100.0
max_random_11              27.278816   43530447      67292129  1.546         135309            1.503        100.0
max_random_12              71.546079  114167125     141398097  1.239        1486504            8.428        100.0
max_random_13              46.481102   74183478      99190859  1.337         579547            3.934        100.0
max_random_14              51.495070   82186597     100248035  1.220         384064            3.099        100.0
max_random_15              50.816423   81102397      99836462  1.231         396161            3.108        100.0
max_random_16              91.158987  145502049     158625670  1.090        1308368            6.433        100.0
max_random_17              94.864350  151399068     162468320  1.073        1366024            6.574        100.0
max_random_18              65.910105  105157942     135992348  1.293         477033            2.700        100.0
max_random_19              65.176054  104007910     137236104  1.319         483170            2.708        100.0
max_random_20             131.749583  210249602     206335533  0.981        2360536            9.194        100.0
max_random_21              77.027725  122910695     159849614  1.301         721959            3.245        100.0
max_random_22              79.249908  126459881     154105140  1.219         672381            3.395        100.0
max_random_23              76.239076  121666564     150960849  1.241         477886            2.513        100.0
max_random_24             113.522794  181087391     158860173  0.877        1253490            6.158        100.0
max_random_25             115.883070  184839676     162584826  0.880        1295114            6.237        100.0
max_random_26              86.839741  138476140     136020251  0.982         527646            2.982        100.0
max_random_27              88.290483  140821026     138491612  0.983         532982            2.942        100.0
max_random_28             147.632299  235523243     209207087  0.888        2406916            9.518        100.0
max_random_29              98.173461  156699107     161610851  1.031         592424            2.633        100.0
max_random_30             103.621854  165283866     151472929  0.916         197358            1.041        100.0
max_random_31             103.271524  164717113     150873343  0.916         197500            1.043        100.0
small_00                   32.575831   51935242      87399875  1.683         437931            3.370        100.0
small_01                   34.463605   55000061      87216561  1.586         578599            4.450        100.0
small_02                   35.129290   56061766      87106188  1.554         611156            4.706        100.0

src/data_structure/ordered_set/main.cxx
SHA-256: 1328fd3fa2782d451cb63729b14bebddecf0d5df5db1432d11cb3022b84da15c
case                 task-clock (ms)     cycles  instructions    IPC  branch-misses  branch-miss (%)  running (%)
max (max_random_22)        67.710686          -             -      -              -                -            -
sum                      1687.678521          -             -      -              -                -            -
example_00                  0.841901    1328515       1792064  1.349           5505            1.365        100.0
example_01                  0.859977    1358104       1775869  1.308           5541            1.386        100.0
max_random_00              46.293411   73883071     116876093  1.582         749881            4.671        100.0
max_random_01              44.296742   70695624     114366000  1.618         690369            4.317        100.0
max_random_02              31.957151   50999268      93020994  1.824          56227            0.418        100.0
max_random_03              32.021965   51101265      92600210  1.812          61337            0.455        100.0
max_random_04              28.590570   45623500      94121070  2.063         195815            1.803        100.0
max_random_05              34.164787   54522402     113896107  2.089          81997            0.482        100.0
max_random_06              41.908951   66855262     128840951  1.927         367771            1.885        100.0
max_random_07              41.698196   66517937     122138812  1.836         404680            2.196        100.0
max_random_08              47.682416   76100582     119571831  1.571         774244            4.736        100.0
max_random_09              45.211757   72116196     115611538  1.603         685349            4.267        100.0
max_random_10              32.602747   52028502      92914725  1.786         113338            0.841        100.0
max_random_11              32.651487   52090188      92443775  1.775         116258            0.863        100.0
max_random_12              29.440869   46980821      94161411  2.004         194421            1.790        100.0
max_random_13              34.874169   55654273     116528017  2.094         109382            0.614        100.0
max_random_14              44.703146   71344046     138119882  1.936         303540            1.528        100.0
max_random_15              43.128261   68830246     130149148  1.891         319491            1.685        100.0
max_random_16              66.853050  106684208     167520415  1.570        1066678            4.172        100.0
max_random_17              66.665502  106402721     168888669  1.587        1021748            3.959        100.0
max_random_18              57.507978   91766798     156701411  1.708         788575            3.260        100.0
max_random_19              57.238005   91353924     155975776  1.707         789567            3.291        100.0
max_random_20              56.835007   90692385     155196346  1.711         228068            1.132        100.0
max_random_21              56.597825   90313699     169880795  1.881         519098            1.958        100.0
max_random_22              67.710686  108071817     177397105  1.641         897135            3.235        100.0
max_random_23              62.425899   99634535     172798354  1.734         737130            2.650        100.0
max_random_24              66.436770  106037456     166615354  1.571        1115840            4.453        100.0
max_random_25              66.785546  106577726     167871876  1.575        1070100            4.249        100.0
max_random_26              57.371984   91567146     156100661  1.705         845414            3.503        100.0
max_random_27              56.906599   90824784     155405563  1.711         843523            3.523        100.0
max_random_28              57.742994   92160349     160054747  1.737         222827            1.080        100.0
max_random_29              57.103633   91139680     174309213  1.913         639684            2.371        100.0
max_random_30              64.453117  102871297     174367890  1.695         641490            2.373        100.0
max_random_31              63.781079  101766293     170012214  1.671         657892            2.478        100.0
small_00                   26.763010   42707816      66010653  1.546         526054            4.531        100.0
small_01                   32.636630   52083107      74759857  1.435         649121            5.027        100.0
small_02                   32.934704   52473710      74635989  1.422         677310            5.241        100.0
