case             task-clock (ms)    cycles  instructions    IPC  branch-misses  branch-miss (%)  running (%)
max (random_04)        12.068235         -             -      -              -                -            -
sum                   193.470242         -             -      -              -                -            -
example_00              0.821029   1537960       1597838  1.039           5410            1.556        100.0
hack2_00               11.894832  22530075      42524917  1.887          13737            0.602        100.0
hack2_01               11.903046  22545212      42506369  1.885          13547            0.595        100.0
hack2_02               11.905304  22549891      42456745  1.883          13680            0.605        100.0
hack_00                11.853794  22452038      42405694  1.889          13319            0.591        100.0
hack_01                11.800105  22349770      42217975  1.889          12771            0.568        100.0
hack_02                11.854241  22452293      42260038  1.882          13254            0.589        100.0
max_random_00          11.914860  22566794      42494560  1.883          13615            0.599        100.0
max_random_01          11.898904  22536881      42478107  1.885          13755            0.606        100.0
max_random_02          11.893731  22527111      42479893  1.886          13648            0.602        100.0
max_random_03          11.913292  22565570      42501626  1.883          13545            0.596        100.0
max_random_04          11.937275  22609950      42480675  1.879          13903            0.613        100.0
random_00              11.697414  22155051      41844456  1.889          12688            0.579        100.0
random_01              11.710352  22179436      41813262  1.885          12959            0.590        100.0
random_02              11.682504  22127211      41772511  1.888          12974            0.592        100.0
random_03               6.238328  11807226      20433654  1.731          10325            0.756        100.0
random_04              12.068235  22858169      42562199  1.862          14347            0.622        100.0
small_00                0.865310   1622165       1611329  0.993           5414            1.545        100.0
small_01                0.868108   1627665       1622158  0.997           5387            1.521        100.0
small_02                0.875528   1642003       1617373  0.985           5475            1.558        100.0
small_03                0.845890   1584022       1593088  1.006           5204            1.508        100.0
small_04                0.864590   1621146       1616606  0.997           5416            1.541        100.0
small_05                0.853553   1599807       1622237  1.014           5443            1.547        100.0
small_06                0.825928   1547827       1601589  1.035           5361            1.547        100.0
small_07                0.818050   1533640       1610320  1.050           5376            1.534        100.0
small_08                0.855587   1604374       1602533  0.999           5334            1.539        100.0
small_09                0.810452   1517957       1603969  1.057           5202            1.490        100.0
