case              task-clock (ms)   cycles  instructions    IPC  branch-misses  branch-miss (%)  running (%)
max (example_00)         1.082404        -             -      -              -                -            -
sum                     20.751023        -             -      -              -                -            -
example_00               1.082404  2020684       1629065  0.806           5714            1.622        100.0
example_01               0.848564  1591076       1606506  1.010           5335            1.534        100.0
large_random_00          0.912904  1711024       1619523  0.947           5686            1.629        100.0
large_random_01          0.883932  1657889       1599238  0.965           5435            1.574        100.0
large_random_02          0.870213  1632045       1615266  0.990           5495            1.576        100.0
large_sparse_00          1.002750  1882891       2385249  1.267           5959            1.555        100.0
large_sparse_01          0.965505  1812697       2020633  1.115           6445            1.761        100.0
large_sparse_02          0.908410  1704128       1691784  0.993           5923            1.666        100.0
large_sparse_03          0.891214  1671268       1644941  0.984           5759            1.623        100.0
large_sparse_04          0.871443  1633796       1704107  1.043           5700            1.617        100.0
max_complete_00          0.996951  1871999       2383896  1.273           6025            1.567        100.0
max_random_00            0.878038  1646525       1627110  0.988           5542            1.585        100.0
max_random_01            0.892342  1674162       1640174  0.980           5693            1.610        100.0
max_random_02            0.885399  1660203       1633629  0.984           5466            1.550        100.0
minimum_00               0.872427  1635499       1605288  0.982           5420            1.560        100.0
small_dense_00           0.854530  1600968       1606994  1.004           5238            1.497        100.0
small_dense_01           0.855688  1604300       1610157  1.004           5491            1.575        100.0
small_dense_02           0.862725  1616662       1612360  0.997           5327            1.520        100.0
small_sparse_00          0.905440  1697444       1602363  0.944           5388            1.553        100.0
small_sparse_01          0.868254  1627442       1612288  0.991           5475            1.569        100.0
small_sparse_02          0.878897  1647683       1608808  0.976           5412            1.554        100.0
star_00                  0.897552  1683503       1626917  0.966           5545            1.585        100.0
star_01                  0.865441  1622086       1634922  1.008           5457            1.547        100.0
