case                         task-clock (ms)    cycles  instructions    IPC  branch-misses  branch-miss (%)  running (%)
max (max_08)                       23.657514         -             -      -              -                -            -
sum                               230.692990         -             -      -              -                -            -
example_00                          0.901062   1689725       1625256  0.962           5492            1.547        100.0
example_01                          0.889339   1667221       1628796  0.977           5412            1.529        100.0
example_02                          0.876251   1642577       1626955  0.990           5278            1.486        100.0
example_03                          0.894287   1677044       1620977  0.967           5366            1.522        100.0
hack_of_system_of_linear_00         1.959184   3695162       5371480  1.454          20412            2.577        100.0
hack_of_system_of_linear_01         1.880981   3546645       4910552  1.385          18123            2.397        100.0
hack_of_system_of_linear_02         2.153596   4065306       5910985  1.454          18538            2.314        100.0
hack_of_system_of_linear_03         0.895184   1678898       1677579  0.999           5936            1.685        100.0
hack_of_system_of_linear_04         1.034290   1942566       2087425  1.075           8187            2.000        100.0
hack_of_system_of_linear_05         1.758734   3315022       4829389  1.457          16855            2.453        100.0
lowrank_00                          8.648077  16375243      32190858  1.966          39438            1.138        100.0
lowrank_01                          6.688944  12660856      21717204  1.715          25251            0.861        100.0
lowrank_02                          3.431356   6486441      10028818  1.546          23438            1.495        100.0
lowrank_03                          9.467123  17927961      37487115  2.091          38602            0.959        100.0
lowrank_04                          1.282882   2412977       2928311  1.214           7732            1.563        100.0
lowrank_05                          4.564576   8634468      18614980  2.156          23385            1.268        100.0
max_00                              5.863236  11095983      18337049  1.653          34610            1.411        100.0
max_01                              6.042945  11437303      19308656  1.688          34906            1.432        100.0
max_02                              5.999903  11355307      19169910  1.688          34764            1.415        100.0
max_03                             18.936914  35878572      85961960  2.396          79062            1.105        100.0
max_04                             18.472427  34997279      85024693  2.429          73558            1.040        100.0
max_05                             18.901424  35811145      87341344  2.439          88782            1.234        100.0
max_06                             12.044468  22814037      34915828  1.530          37175            0.713        100.0
max_07                             14.466076  27348506      39082905  1.429          38077            0.644        100.0
max_08                             23.657514  44771631      52438581  1.171          41809            0.433        100.0
random_00                          11.685783  22133390      48541141  2.193          43956            0.999        100.0
random_01                          15.180136  28757258      68096003  2.368          59666            0.976        100.0
random_02                           4.961882   9387470      18080095  1.926          23515            1.233        100.0
random_03                          14.791770  28021110      64517703  2.302          53595            0.915        100.0
random_04                           1.214500   2284658       2890307  1.265           7765            1.619        100.0
random_05                           4.590729   8683760      18961922  2.184          23467            1.258        100.0
zero_00                             0.860057   1612117       1631246  1.012           5326            1.495        100.0
zero_01                             0.868612   1628832       1595936  0.980           5429            1.586        100.0
zero_02                             0.881787   1653554       1630973  0.986           5348            1.500        100.0
zero_03                             0.879043   1648099       1593810  0.967           5413            1.582        100.0
zero_04                             3.067918   5798072       6908420  1.192           7255            0.511        100.0
