case                 task-clock (ms)     cycles  instructions    IPC  branch-misses  branch-miss (%)  running (%)
max (max_random_22)        67.845349          -             -      -              -                -            -
sum                      1674.226073          -             -      -              -                -            -
example_00                  0.886264    1662108       1610902  0.969           5629            1.623        100.0
example_01                  0.875316    1640852       1595093  0.972           5427            1.584        100.0
max_random_00              45.492757   86218812     116482014  1.351         748362            4.730        100.0
max_random_01              43.549386   82510980     113969957  1.381         690277            4.376        100.0
max_random_02              31.677524   60030895      92917048  1.548          58898            0.444        100.0
max_random_03              32.208742   60951174      92384957  1.516          64508            0.487        100.0
max_random_04              26.069194   49397660      93413667  1.891         197566            1.844        100.0
max_random_05              34.132528   64684809     113705261  1.758          85654            0.511        100.0
max_random_06              42.503527   80434339     128328058  1.595         370829            1.928        100.0
max_random_07              42.333550   80218010     121586692  1.516         408319            2.249        100.0
max_random_08              46.965091   88973999     119093551  1.339         770017            4.782        100.0
max_random_09              43.803977   82958413     115107239  1.388         688775            4.351        100.0
max_random_10              32.367311   61338485      92787284  1.513         117371            0.885        100.0
max_random_11              32.896189   62340101      92243720  1.480         119745            0.904        100.0
max_random_12              26.649601   50499673      93464101  1.851         196566            1.833        100.0
max_random_13              34.727332   65789241     116338758  1.768         113508            0.646        100.0
max_random_14              44.417239   84158950     137864042  1.638         308101            1.565        100.0
max_random_15              42.704129   80931800     129514616  1.600         325291            1.737        100.0
max_random_16              65.727844  124574937     167057671  1.341        1085287            4.302        100.0
max_random_17              65.432131  123993353     168287155  1.357        1041911            4.096        100.0
max_random_18              58.513924  110783777     156449514  1.412         792096            3.323        100.0
max_random_19              58.189016  110263964     155815772  1.413         792782            3.351        100.0
max_random_20              53.492350  101382076     154462200  1.524         233415            1.173        100.0
max_random_21              56.132223  106387104     169300997  1.591         527830            2.018        100.0
max_random_22              67.845349  128570967     176673158  1.374         909055            3.323        100.0
max_random_23              63.389020  120119706     172235540  1.434         732121            2.667        100.0
max_random_24              65.882890  124848792     166274535  1.332        1123989            4.537        100.0
max_random_25              65.431034  123981946     167253663  1.349        1073662            4.322        100.0
max_random_26              58.055226  110011734     155871853  1.417         848024            3.565        100.0
max_random_27              57.872580  109651407     155164060  1.415         851409            3.609        100.0
max_random_28              54.399054  103101056     159377775  1.546         224989            1.102        100.0
max_random_29              58.376321  110607706     173625325  1.570         644492            2.422        100.0
max_random_30              63.843296  120941671     173668040  1.436         644756            2.418        100.0
max_random_31              63.379284  120033123     169268427  1.410         663816            2.536        100.0
small_00                   26.867194   50912819      65870025  1.294         533738            4.659        100.0
small_01                   33.586030   63627602      74596784  1.172         659327            5.172        100.0
small_02                   33.551650   63563625      74010640  1.164         681174            5.377        100.0
