case                   task-clock (ms)    cycles  instructions    IPC  branch-misses  branch-miss (%)  running (%)
max (max_random_02)          18.024362         -             -      -              -                -            -
sum                         211.785597         -             -      -              -                -            -
example_00                    0.874448   1638974       1603437  0.978           5562            1.608        100.0
example_01                    0.850728   1594845       1595393  1.000           5415            1.574        100.0
example_02                    0.874588   1638767       1603311  0.978           5384            1.551        100.0
lowrank_max_random_00        17.098981  32380314      76148161  2.352          74469            1.185        100.0
lowrank_max_random_01        16.074890  30452134      70754218  2.323          76931            1.302        100.0
lowrank_max_random_02        17.819513  33761077      80963948  2.398          76934            1.161        100.0
lowrank_max_random_03        15.724022  29775375      69296904  2.327          71579            1.233        100.0
lowrank_max_random_04        16.678200  31597074      75292156  2.383          74072            1.192        100.0
max_random_00                18.007986  34117700      81148010  2.378          77021            1.161        100.0
max_random_01                18.005696  34099949      81883883  2.401          88799            1.331        100.0
max_random_02                18.024362  34148807      81856280  2.397          77572            1.159        100.0
max_random_03                17.680676  33497085      79418453  2.371          76882            1.182        100.0
max_random_04                17.809499  33742263      80081794  2.373          76019            1.159        100.0
perm_max_random_00            5.061077   9575736      15882906  1.659          10295            0.389        100.0
perm_max_random_01            5.118811   9685188      16039246  1.656          10411            0.389        100.0
perm_max_random_02            5.134024   9701407      16195313  1.669          10632            0.394        100.0
perm_max_random_03            5.143659   9732619      15808955  1.624          10353            0.393        100.0
perm_max_random_04            5.058701   9571217      15886920  1.660          10219            0.386        100.0
random_00                     2.130972   4021541       7199487  1.790          12435            1.440        100.0
random_01                     2.461892   4647827       8777571  1.889          14605            1.457        100.0
random_02                     1.087332   2043173       2557469  1.252           6972            1.570        100.0
random_03                     2.408628   4547765       8286673  1.822          13486            1.389        100.0
random_04                     0.871553   1634192       1659081  1.015           5741            1.619        100.0
signed_overflow_00            0.902128   1692099       1686048  0.996           5554            1.539        100.0
unsigned_overflow_00          0.883231   1656337       1620241  0.978           5523            1.580        100.0
