case               task-clock (ms)    cycles  instructions    IPC  branch-misses  branch-miss (%)  running (%)
max (max_all1_01)        31.824839         -             -      -              -                -            -
sum                     313.615870         -             -      -              -                -            -
example_00                0.856093   1603972       1574366  0.982           5567            1.647        100.0
hack_00                   1.172982   2206057       2861650  1.297           5668            1.135        100.0
max_all0_00              21.559021  40717338      68552529  1.684         367914            4.490        100.0
max_all0_01              21.582669  40830506      68549530  1.679         368269            4.494        100.0
max_all1_00              31.808631  60161137      89704133  1.491         825419            7.107        100.0
max_all1_01              31.824839  60192897      89750504  1.491         825159            7.100        100.0
max_query0_1_2_00        24.194881  45728976      67552022  1.477         700322            8.543        100.0
max_query0_1_2_01        24.227795  45790833      67546276  1.475         699662            8.538        100.0
max_random_00            31.450932  59470919      85169085  1.432         879261            8.199        100.0
max_random_01            31.405284  59382252      85181010  1.434         879364            8.197        100.0
max_sparse_00            29.704705  56173303     118660045  2.112         109288            0.805        100.0
max_sparse_01            30.958388  58549464     117173749  2.001         165165            1.231        100.0
medium_00                 3.340918   6315183       8282203  1.311          93924            7.519        100.0
medium_01                 3.324372   6284085       8274087  1.317          93645            7.508        100.0
medium_02                 3.338581   6310234       8293564  1.314          93374            7.461        100.0
medium_03                 3.351253   6333820       8304870  1.311          93447            7.453        100.0
medium_04                 3.353849   6340016       8275473  1.305          93151            7.467        100.0
small_00                  3.249046   6141199       8173281  1.331          93694            7.637        100.0
small_01                  3.232325   6107577       8173930  1.338          93727            7.641        100.0
small_02                  3.227434   6099636       8192524  1.343          94678            7.695        100.0
small_03                  3.217308   6081212       8186901  1.346          93429            7.599        100.0
small_04                  3.234564   6113259       8176778  1.338          93374            7.606        100.0
