2026-10-01 lenovo / Intel(R) Core(TM) i5-10210U CPU @ 1.60GHz
Two complete passes; per binary/case minimum task-clock; all counters from that same run.
Cases: 28, including examples. Units: ms. No CPU pinning.
Compiler: g++ (GCC) 16.2.1 20260819 (Red Hat 16.2.1-2); rustc 1.98.1 (48a229cea 2026-09-01)
Build host: master; glibc 2.43
Environment: Linux 7.2.8-200.fc44.x86_64; affinity [0, 1, 2, 3]; stack 268435456 bytes; bench_env OK.
cxx_flags.txt: -std=c++23 -DEVAL -DONLINE_JUDGE -Iinclude -O3 -fwhole-program -fno-exceptions -fno-rtti -march=x86-64-v3 -fno-pie -no-pie -nostdlib++ -static -lm -s
cpp_flags.txt: -std=c++23 -DEVAL -DONLINE_JUDGE -Iac-library -include cassert -O3 -fwhole-program -fno-exceptions -fno-rtti -march=x86-64-v3 -fno-pie -no-pie -static -lgmp -s
rust_flags.txt: -C opt-level=3 -C codegen-units=1 -C lto=fat -C panic=abort -C target-cpu=x86-64-v3 -C target-feature=+crt-static -C relocation-model=static -C link-arg=-Wl,-u,__cxa_thread_atexit_impl -C strip=symbols

solution                                max (ms)       sum (ms)
Rohan_Kapri                              788.722963   10900.605745
Taiki0715                                787.983278   10898.943320
adamant                                 1284.312069   17396.827070
hly1204                                  859.823062   15544.693271
sansen                                   369.345420    6256.204058
main                                     159.192276    2251.065849

submissions/polynomial/inv_of_formal_power_series_2d/Rohan_Kapri.cpp
SHA-256: 5ab05725daf9f83b3dcf9c3be4bb2d7114f55f4345fa5633030d38a3aa1e6ee1
case             task-clock (ms)      cycles  instructions    IPC  branch-misses  branch-miss (%)  running (%)
max (square_00)       788.722963           -             -      -              -                -            -
sum                 10900.605745           -             -      -              -                -            -
example_00              1.057977     1673084       2459148  1.470           7063            1.258        100.0
degX100_00            746.909971  1190469159    2075680643  1.744        3209171            2.593        100.0
degX10_00             748.303656  1192718728    2075354775  1.740        3209527            2.595        100.0
degX2_00              339.407928   541031444     952659322  1.761        1505690            2.343        100.0
degY100_00            788.543737  1257018069    2211797404  1.760        3090295            2.347        100.0
degY10_00             526.349493   839066649    1521126026  1.813        1668746            1.702        100.0
degY2_00              540.569456   861840440    1542376795  1.790        2461620            2.241        100.0
maxDegX_00            290.287119   463105023     915901971  1.978         968612            0.998        100.0
maxDegY_00            115.522687   184375504     379596677  2.059         147547            0.454        100.0
maxDeg_00             284.020810   453029574     881260357  1.945        1052565            1.172        100.0
maxDeg_01             288.369809   460057547     904270999  1.966         995555            1.053        100.0
maxDeg_02             526.748997   839752796    1511643966  1.800        1887287            1.946        100.0
randomSquare_00       783.883403  1249486511    2227070642  1.782        2568651            1.926        100.0
randomSquare_01       783.106992  1248305353    2217384034  1.776        2715322            2.060        100.0
randomSquare_02       519.489955   828276723    1502373915  1.814        1652168            1.767        100.0
randomSquare_03       782.421885  1247235944    2217976626  1.778        2694257            2.043        100.0
randomSquare_04       522.329867   832647129    1506372137  1.809        1655886            1.756        100.0
random_00             283.951116   452953323     881042483  1.945        1052381            1.173        100.0
random_01             288.403452   460148410     904981893  1.967         996932            1.052        100.0
random_02             381.718268   608625124    1100194228  1.808        1651910            2.350        100.0
random_03             286.976746   457663999     893858220  1.953        1023863            1.108        100.0
random_04             278.329241   443971871     845451506  1.904        1140629            1.386        100.0
smallDeg_00             0.999625     1580191       2429510  1.537           6771            1.210        100.0
smallDeg_01             1.064438     1683987       2497842  1.483           7250            1.278        100.0
smallDeg_02             1.054973     1666970       2545311  1.527           7420            1.300        100.0
smallDeg_03             1.006495     1590536       2421344  1.522           6577            1.173        100.0
smallDeg_04             1.054686     1667888       2490031  1.493           6924            1.201        100.0
square_00             788.722963  1257285495    2200324345  1.750        3333516            2.559        100.0

submissions/polynomial/inv_of_formal_power_series_2d/Taiki0715.cpp
SHA-256: 10430f4bdc6c4306a6d8c26794ab0dff316572b3699da6f5272608d674eb7f65
case              task-clock (ms)      cycles  instructions    IPC  branch-misses  branch-miss (%)  running (%)
max (degY100_00)       787.983278           -             -      -              -                -            -
sum                  10898.943320           -             -      -              -                -            -
example_00               1.052572     1664329       2467770  1.483           7114            1.258        100.0
degX100_00             748.080159  1192378010    2075027593  1.740        3207729            2.594        100.0
degX10_00              748.037960  1192278507    2074776890  1.740        3208331            2.596        100.0
degX2_00               339.698382   541591604     952445404  1.759        1506008            2.344        100.0
degY100_00             787.983278  1256190286    2213062252  1.762        3091839            2.343        100.0
degY10_00              526.070486   838599609    1520757569  1.813        1668407            1.703        100.0
degY2_00               540.208183   861269639    1540591014  1.789        2460184            2.248        100.0
maxDegX_00             290.412996   463322454     915880146  1.977         968387            0.998        100.0
maxDegY_00             115.537403   184416089     379570722  2.058         147085            0.453        100.0
maxDeg_00              284.488718   453788692     881605027  1.943        1054674            1.173        100.0
maxDeg_01              287.908307   459231794     904650463  1.970         997155            1.053        100.0
maxDeg_02              526.666696   839654016    1510317503  1.799        1887242            1.952        100.0
randomSquare_00        783.815560  1249420436    2226483467  1.782        2568317            1.928        100.0
randomSquare_01        782.974202  1248193097    2217785577  1.777        2716194            2.058        100.0
randomSquare_02        518.752837   827115709    1503366682  1.818        1653068            1.764        100.0
randomSquare_03        782.724197  1247735467    2217711059  1.777        2693445            2.043        100.0
randomSquare_04        521.632492   831570840    1506369710  1.811        1656217            1.757        100.0
random_00              284.478178   453794882     881077157  1.942        1052279            1.173        100.0
random_01              288.039203   459443916     904159303  1.968         997448            1.055        100.0
random_02              382.072774   609287609    1100507024  1.806        1653185            2.349        100.0
random_03              286.503646   456943246     894674563  1.958        1022944            1.104        100.0
random_04              278.905770   445004512     846167412  1.901        1142029            1.385        100.0
smallDeg_00              1.029365     1627043       2480110  1.524           6906            1.199        100.0
smallDeg_01              1.046149     1654562       2517768  1.522           7174            1.246        100.0
smallDeg_02              1.066553     1687275       2572392  1.525           7431            1.280        100.0
smallDeg_03              0.989542     1564361       2428204  1.552           6697            1.197        100.0
smallDeg_04              1.016591     1607296       2450337  1.525           6901            1.227        100.0
square_00              787.751121  1255766006    2198761737  1.751        3331937            2.565        100.0

submissions/polynomial/inv_of_formal_power_series_2d/adamant.cpp
SHA-256: 2ff54dca6f7649c45ee6c7c0d4e1438d6819383897ad0d28a1b8b1812fd089d6
case              task-clock (ms)      cycles  instructions    IPC  branch-misses  branch-miss (%)  running (%)
max (degY100_00)      1284.312069           -             -      -              -                -            -
sum                  17396.827070           -             -      -              -                -            -
example_00               1.250011     1980345       3047935  1.539           8583            1.213        100.0
degX100_00            1259.197330  2009205339    3669140220  1.826         305442            0.141        100.0
degX10_00             1262.478496  2014499276    3667261853  1.820         302636            0.140        100.0
degX2_00               894.247246  1426852296    2567278919  1.799         239259            0.144        100.0
degY100_00            1284.312069  2049363994    3697610301  1.804         479797            0.215        100.0
degY10_00             1261.103811  2012256285    3672900308  1.825         304065            0.140        100.0
degY2_00               902.072974  1439313435    2606733176  1.811         252345            0.144        100.0
maxDegX_00             180.255097   287585856     542000569  1.885         120337            0.284        100.0
maxDegY_00             180.285533   287623874     538908984  1.874         120443            0.285        100.0
maxDeg_00              161.217365   257199607     500054312  1.944         103359            0.281        100.0
maxDeg_01              174.023063   277666105     528256660  1.902         114002            0.281        100.0
maxDeg_02             1243.729299  1984570475    3640476927  1.834         300654            0.142        100.0
randomSquare_00       1184.794813  1890468237    3380461254  1.788         322511            0.156        100.0
randomSquare_01       1188.770393  1896940301    3388831647  1.786         307540            0.148        100.0
randomSquare_02       1180.055621  1882979273    3364437666  1.787         306028            0.150        100.0
randomSquare_03       1188.744574  1896728926    3389940491  1.787         313578            0.150        100.0
randomSquare_04       1185.706465  1892043823    3388501590  1.791         317784            0.153        100.0
random_00              160.920465   256723773     499472558  1.946         102369            0.279        100.0
random_01              174.016620   277639710     527974062  1.902         114587            0.283        100.0
random_02              821.418361  1310589922    2420979032  1.847         209673            0.145        100.0
random_03              169.209582   269960818     517657686  1.918         109624            0.279        100.0
random_04              143.189850   228395930     462138953  2.023          84349            0.262        100.0
smallDeg_00              1.074427     1698158       2504490  1.475           7462            1.295        100.0
smallDeg_01              1.356924     2151101       3250723  1.511           9212            1.245        100.0
smallDeg_02              1.382723     2191498       3350922  1.529           9029            1.210        100.0
smallDeg_03              1.086414     1718547       2520109  1.466           7355            1.264        100.0
smallDeg_04              1.292427     2047884       3023447  1.476           8436            1.208        100.0
square_00             1189.635117  1898267840    3389442306  1.786         313198            0.150        100.0

submissions/polynomial/inv_of_formal_power_series_2d/hly1204.cpp
SHA-256: e4fe128749cf0a1e7aba8ddf0c5ea154d390989033de4047e4839e55be8df5c2
case             task-clock (ms)      cycles  instructions    IPC  branch-misses  branch-miss (%)  running (%)
max (degY10_00)       859.823062           -             -      -              -                -            -
sum                 15544.693271           -             -      -              -                -            -
example_00              1.070563     1693120       2470469  1.459           7043            1.247        100.0
degX100_00            828.255524  1321806698    3541792095  2.680         164541            0.078        100.0
degX10_00             828.536605  1322257369    3542546315  2.679         162898            0.077        100.0
degX2_00              491.421171   784253538    2160013601  2.754         143786            0.083        100.0
degY100_00            856.730543  1367265510    3653240748  2.672         177831            0.083        100.0
degY10_00             859.823062  1372288034    3650741900  2.660         265557            0.124        100.0
degY2_00              610.796884   974783418    2647615173  2.716         153736            0.082        100.0
maxDegX_00            613.315245   978905824    2650890773  2.708         155106            0.082        100.0
maxDegY_00            364.170050   581246261    1635629350  2.814         136973            0.087        100.0
maxDeg_00             584.923669   933510868    2496772011  2.675         130049            0.081        100.0
maxDeg_01             604.124049   964146839    2599845465  2.697         145785            0.081        100.0
maxDeg_02             854.987650  1364540325    3623359565  2.655         272034            0.130        100.0
randomSquare_00       856.169288  1366344953    3654128044  2.674         176499            0.082        100.0
randomSquare_01       855.617732  1365565034    3653226786  2.675         170654            0.079        100.0
randomSquare_02       853.393939  1361994224    3643483497  2.675         168541            0.079        100.0
randomSquare_03       856.085593  1366275726    3653473504  2.674         174390            0.081        100.0
randomSquare_04       854.905711  1364327996    3646914292  2.673         177114            0.083        100.0
random_00             584.642953   933046538    2496547316  2.676         129796            0.081        100.0
random_01             604.198337   964280909    2599723739  2.696         145856            0.081        100.0
random_02             566.666511   904343544    2397657320  2.651         223353            0.158        100.0
random_03             595.911877   951054483    2554164880  2.686         139233            0.081        100.0
random_04             557.353126   889482483    2343053356  2.634         105750            0.081        100.0
smallDeg_00             1.028567     1626025       2442360  1.502           6960            1.239        100.0
smallDeg_01             1.065394     1685295       2558044  1.518           7119            1.225        100.0
smallDeg_02             1.076936     1703989       2591735  1.521           7261            1.255        100.0
smallDeg_03             1.071445     1694834       2459437  1.451           6674            1.167        100.0
smallDeg_04             1.043159     1649811       2465635  1.494           6858            1.214        100.0
square_00             856.307688  1366611563    3651136520  2.672         173648            0.081        100.0

submissions/polynomial/inv_of_formal_power_series_2d/sansen.rs
SHA-256: 7b2a4575509d5b126dc833ba60208f511e3a5b101e6cc10f86f9bd11c6ea362b
case             task-clock (ms)     cycles  instructions    IPC  branch-misses  branch-miss (%)  running (%)
max (degY2_00)        369.345420          -             -      -              -                -            -
sum                  6256.204058          -             -      -              -                -            -
example_00              0.953005    1505806       2002222  1.330           7004            1.567        100.0
degX100_00            315.827233  503961491    1450834604  2.879         212405            0.108        100.0
degX10_00             315.795755  503913308    1451111031  2.880         213442            0.108        100.0
degX2_00              318.403762  508050136    1455269881  2.864         217970            0.110        100.0
degY100_00            318.474418  508213784    1457393420  2.868         253023            0.127        100.0
degY10_00             335.577549  535517924    1530054914  2.857         418199            0.196        100.0
degY2_00              369.345420  589422852    1674047994  2.840         642329            0.264        100.0
maxDegX_00            237.603095  379213582    1196883907  3.156         175582            0.087        100.0
maxDegY_00            221.712764  353831650    1096911245  3.100         175974            0.097        100.0
maxDeg_00             213.392432  340585655    1069586259  3.140         143922            0.082        100.0
maxDeg_01             229.228054  365859447    1154135209  3.155         160295            0.083        100.0
maxDeg_02             333.075814  531512300    1517135187  2.854         398437            0.189        100.0
randomSquare_00       315.418787  503338072    1448679299  2.878         224319            0.114        100.0
randomSquare_01       316.005665  504294769    1453014055  2.881         218467            0.111        100.0
randomSquare_02       315.707260  503787592    1452830084  2.884         220424            0.112        100.0
randomSquare_03       315.791535  503850683    1452617687  2.883         219087            0.111        100.0
randomSquare_04       315.025436  502690066    1447769924  2.880         219360            0.112        100.0
random_00             213.863403  341318276    1070150739  3.135         144855            0.083        100.0
random_01             229.718571  366620670    1154516884  3.149         162806            0.084        100.0
random_02             293.782065  468818703    1327687098  2.832         234030            0.138        100.0
random_03             222.276716  354764678    1115025585  3.143         153328            0.083        100.0
random_04             189.430574  302319476     939207003  3.107         118574            0.081        100.0
smallDeg_00             0.950074    1500976       2011781  1.340           6957            1.531        100.0
smallDeg_01             0.975679    1541754       2108545  1.368           7153            1.505        100.0
smallDeg_02             0.983217    1554216       2131299  1.371           7355            1.563        100.0
smallDeg_03             0.941422    1486972       1984279  1.334           6815            1.526        100.0
smallDeg_04             0.956383    1511497       2050938  1.357           7132            1.539        100.0
square_00             314.987970  502665390    1447620151  2.880         217581            0.111        100.0

src/polynomial/inv_of_formal_power_series_2d/main.cxx
SHA-256: 2846111615754f7b0a05a960184e8974008c70c2c8c59f8582c4c0354b01269b
case                   task-clock (ms)     cycles  instructions    IPC  branch-misses  branch-miss (%)  running (%)
max (randomSquare_04)       159.192276          -             -      -              -                -            -
sum                        2251.065849          -             -      -              -                -            -
example_00                    0.868886    1371644       1772936  1.293           5763            1.462        100.0
degX100_00                  150.959157  240650364     593921021  2.468          89705            0.529        100.0
degX10_00                   150.741081  240315184     594937725  2.476          89306            0.519        100.0
degX2_00                     66.568361  106163581     254705836  2.399          73181            0.661        100.0
degY100_00                  158.666019  253006359     616845754  2.438          95102            0.502        100.0
degY10_00                   155.347220  247668637     605048228  2.443          90646            0.477        100.0
degY2_00                     70.213663  111981511     267591362  2.390          74564            0.558        100.0
maxDegX_00                   42.670548   68099575     173868490  2.553          68857            0.866        100.0
maxDegY_00                   42.837538   68366284     173950897  2.544          69620            0.873        100.0
maxDeg_00                    40.574693   64754173     164414242  2.539          57278            0.830        100.0
maxDeg_01                    42.096501   67166352     170784286  2.543          65329            0.857        100.0
maxDeg_02                   154.355649  246091226     603252952  2.451          89151            0.473        100.0
randomSquare_00             158.560826  252800592     619022589  2.449          93845            0.490        100.0
randomSquare_01             154.179063  245804327     608361598  2.475          92846            0.545        100.0
randomSquare_02             153.742348  245146629     607677258  2.479          91211            0.538        100.0
randomSquare_03             154.050229  245638337     608316021  2.476          90762            0.533        100.0
randomSquare_04             159.192276  253804584     619452525  2.441          96720            0.505        100.0
random_00                    40.500714   64624491     164455519  2.545          57341            0.829        100.0
random_01                    42.054110   67115108     170745206  2.544          65506            0.860        100.0
random_02                    75.064971  119726590     293380660  2.450          57892            0.539        100.0
random_03                    41.282548   65884031     167851927  2.548          61653            0.845        100.0
random_04                    38.292364   61110862     154711095  2.532          45001            0.773        100.0
smallDeg_00                   0.826728    1303205       1766237  1.355           5689            1.445        100.0
smallDeg_01                   0.864150    1364307       1808125  1.325           5710            1.412        100.0
smallDeg_02                   0.866505    1367678       1768354  1.293           5724            1.462        100.0
smallDeg_03                   0.823290    1298057       1775370  1.368           5528            1.390        100.0
smallDeg_04                   0.836637    1320807       1770246  1.340           5711            1.449        100.0
square_00                   154.029774  245565466     608097659  2.476          91109            0.536        100.0
