case                  task-clock (ms)     cycles  instructions    IPC  branch-misses  branch-miss (%)  running (%)
max (almost_line_01)       222.161243          -             -      -              -                -            -
sum                       1458.936406          -             -      -              -                -            -
example_00                   0.863567    1618893       1603368  0.990           5604            1.622        100.0
almost_line_00             221.568912  419826002     383576103  0.914        4777364            9.271        100.0
almost_line_01             222.161243  420956918     384360405  0.913        4779092            9.244        100.0
max_random_00              134.046990  253853562     206599622  0.814        1841338            6.273        100.0
max_random_01              131.614303  249294374     201532132  0.808        1822081            6.340        100.0
max_random_02              132.870531  251713369     205188484  0.815        1823156            6.245        100.0
max_random_03              134.188045  254189955     208195231  0.819        1902692            6.430        100.0
max_random_04              132.155107  250357707     203329503  0.812        1846819            6.367        100.0
random_00                   97.838887  185270089     152323170  0.822        1363329            6.155        100.0
random_01                  101.347265  191933206     158452717  0.826        1359681            5.923        100.0
random_02                   63.471858  120271554     105145887  0.874        1151402            7.641        100.0
random_03                   40.845542   77367847      74239556  0.960         280171            2.597        100.0
random_04                   39.580054   75010947      74284300  0.990         932291            8.834        100.0
small_00                     1.276290    2401231       2433572  1.013          16085            3.467        100.0
small_01                     1.272167    2392838       2430756  1.016          15355            3.265        100.0
small_02                     1.285228    2417831       2408227  0.996          15006            3.259        100.0
small_03                     1.273051    2395047       2502383  1.045          16658            3.469        100.0
small_04                     1.277366    2403431       2421686  1.008          15957            3.452        100.0
