case            task-clock (ms)    cycles  instructions    IPC  branch-misses  branch-miss (%)  running (%)
max (small_00)        29.905671         -             -      -              -                -            -
sum                  457.190645         -             -      -              -                -            -
example_00             0.823417   1542854       1600318  1.037           5523            1.601        100.0
fft_killer_00         28.782528  54473117      90269782  1.657          16729            0.346        100.0
fft_killer_01         28.518251  53965783      89642727  1.661          14556            0.308        100.0
large_00              23.286833  44101247      92263799  2.092          16781            0.352        100.0
large_01              24.474549  46376272      96434547  2.079          16892            0.349        100.0
large_02              23.990589  45457762      94246545  2.073          16859            0.349        100.0
large_small_00        26.373112  49880790      86548127  1.735          15474            0.335        100.0
max_max_00            28.401158  53761762      89443307  1.664          14225            0.304        100.0
max_max_01            28.874202  54659511      89963774  1.646          15069            0.315        100.0
max_max_02            28.481619  53893520      89773782  1.666          14766            0.311        100.0
max_max_03            28.421854  53802812      89665182  1.667          14420            0.305        100.0
max_max_04            28.426220  53789747      89604523  1.666          14888            0.316        100.0
max_max_05            29.099404  55037585      89764253  1.631          15553            0.328        100.0
max_max_06            28.965936  54833720      90142865  1.644          15642            0.325        100.0
max_max_07            28.765144  54453732      89617603  1.646          14038            0.298        100.0
medium_00             13.041887  24704037      63626288  2.576          75073            1.386        100.0
medium_01             13.063015  24743439      63583255  2.570          75940            1.405        100.0
medium_02             13.047447  24715375      63722883  2.578          75597            1.407        100.0
small_00              29.905671  56656488      91631372  1.617         935079            6.684        100.0
zero_00                2.447809   4622142       6178547  1.337          38113            3.821        100.0
