case                  task-clock (ms)     cycles  instructions    IPC  branch-misses  branch-miss (%)  running (%)
max (decr_period_03)       437.319548          -             -      -              -                -            -
sum                       4946.182925          -             -      -              -                -            -
example_00                   1.060670    1992904       1612503  0.809           5375            1.534        100.0
example_01                   0.863813    1619865       1576500  0.973           5370            1.586        100.0
decr_period_00             378.713677  717753583    1173058958  1.634        3065504            1.740        100.0
decr_period_01             383.777003  727358024    1177036589  1.618        3254761            1.839        100.0
decr_period_02             396.358286  751192306    1176632707  1.566        3407056            1.922        100.0
decr_period_03             437.319548  828845747    1174827574  1.417        3626223            2.040        100.0
large_k_00                 126.771249  240245972     583536011  2.429         219533            0.262        100.0
large_k_01                 127.719110  242047430     584167942  2.413         245222            0.293        100.0
large_k_02                 127.085715  240867024     581252994  2.413         245482            0.294        100.0
periodic_00                362.608968  687252831    1163207823  1.693        2551839            1.464        100.0
periodic_01                364.639088  691063416    1166717333  1.688        2562041            1.465        100.0
periodic_02                367.482784  696457629    1163631800  1.671        2578537            1.475        100.0
periodic_03                388.805107  736889157    1165349330  1.581        2626832            1.502        100.0
random_00                  272.935784  517244516     925695479  1.790        2066979            1.503        100.0
random_01                  328.056141  621735486    1081918185  1.740        2391785            1.480        100.0
random_02                   60.573484  114803911     234639039  2.044         708973            2.342        100.0
small_00                    13.719932   25989513      47609527  1.832         260776            7.883        100.0
small_01                    19.139446   36262093      65384763  1.803         333614            8.395        100.0
small_02                    24.087121   45640556      71919330  1.576         479644            9.715        100.0
small_03                    28.138473   53306906      78644627  1.475         601771            9.931        100.0
small_04                    30.496833   57777513      86430787  1.496         628677            8.705        100.0
small_05                    32.329340   61265290      94094165  1.536         649358            7.651        100.0
small_06                    36.049697   68302780     101405743  1.485         788854            7.966        100.0
small_07                    35.931857   68094033     109370350  1.606         748839            6.663        100.0
small_08                    33.330293   63161517     111513548  1.766         662629            5.856        100.0
small_09                    38.987536   73844786     111486147  1.510         882234            7.654        100.0
small_k_00                 176.006451  333585751     536903795  1.609        2255419            2.993        100.0
small_k_01                 175.264916  332167927     536935927  1.616        2244277            2.978        100.0
small_k_02                 177.930603  337191465     536898034  1.592        2257176            2.996        100.0
