case                      task-clock (ms)      cycles  instructions    IPC  branch-misses  branch-miss (%)  running (%)
max (random3_01)               528.298769           -             -      -              -                -            -
sum                           6712.718359           -             -      -              -                -            -
example_00                       0.871777     1634453       1608602  0.984           5633            1.619        100.0
issue_1369_log2_00             221.135276   418950092     851905288  2.033        2516520            1.753        100.0
issue_1369_log2_01             237.820083   450599953     936302595  2.078        2925057            1.826        100.0
issue_1369_log2_02             242.533132   459529380     929831130  2.023        2387442            1.539        100.0
issue_1369_log2_03             261.834293   496138737    1053606068  2.124        2758379            1.542        100.0
max_random_00                  423.424711   802310999    1000203359  1.247       14029437            9.057        100.0
max_random_01                  426.223329   807664057    1007728365  1.248       14133772            9.041        100.0
max_random_02                  422.097580   799838252    1007478324  1.260       13865230            8.898        100.0
medium_00                        2.375985     4486584       4755144  1.060          68498            8.194        100.0
medium_01                        1.878666     3543274       3649613  1.030          51221            7.833        100.0
medium_02                        1.786335     3367703       3444007  1.023          47063            7.622        100.0
random2_00                     443.243708   839871165    1153451699  1.373       12137882            6.146        100.0
random2_01                     442.606726   838717314    1153468217  1.375       12142634            6.147        100.0
random2_02                     442.398948   838332808    1152135332  1.374       12160262            6.165        100.0
random3_00                     527.428198   999356423    1451660849  1.453       15138206            5.787        100.0
random3_01                     528.298769  1001156503    1452856770  1.451       15138796            5.781        100.0
random3_02                     527.456611   999518940    1452323465  1.453       15117013            5.776        100.0
random_00                      286.037098   541936430     691359672  1.276        9910137            9.308        100.0
random_01                      317.954602   602538834     747420387  1.240       10353646            8.909        100.0
random_02                      207.006693   392304667     502520978  1.281        7738431           10.006        100.0
small_00                         0.887298     1664316       1627299  0.978           5529            1.557        100.0
small_01                         0.883027     1656021       1614819  0.975           5567            1.587        100.0
small_02                         0.891099     1670813       1610480  0.964           5692            1.635        100.0
small_03                         0.874926     1640482       1617625  0.986           5662            1.613        100.0
small_04                         0.866647     1624204       1628845  1.003           5713            1.609        100.0
small_05                         0.874509     1640425       1630242  0.994           5773            1.624        100.0
small_06                         0.879227     1647879       1619247  0.983           5721            1.629        100.0
small_07                         0.857696     1608207       1623953  1.010           5549            1.567        100.0
small_08                         0.849377     1592896       1625365  1.020           5899            1.674        100.0
small_09                         0.904556     1696616       1636161  0.964           5911            1.659        100.0
small_absolute_values_00       268.772762   509236116     641340144  1.259        9428603            9.514        100.0
small_absolute_values_01       288.455689   546523395     677554275  1.240        9297098            8.825        100.0
small_absolute_values_02       182.309026   345499735     446492871  1.292        6846023            9.992        100.0
