case               task-clock (ms)    cycles  instructions    IPC  branch-misses  branch-miss (%)  running (%)
max (all_same_03)        13.973635         -             -      -              -                -            -
sum                     180.446159         -             -      -              -                -            -
example_00                0.887185   1663424       1584817  0.953           5392            1.578        100.0
example_01                0.901862   1691529       1605998  0.949           5453            1.567        100.0
example_02                0.884584   1658363       1595290  0.962           5515            1.603        100.0
example_03                0.869972   1630918       1611241  0.988           5516            1.581        100.0
all_same_00              13.921594  26356642      64176706  2.435          12263            0.112        100.0
all_same_01              13.883844  26275034      64197529  2.443          12404            0.113        100.0
all_same_02              13.887199  26307238      64148621  2.438          11856            0.108        100.0
all_same_03              13.973635  26469998      64150159  2.424          12126            0.111        100.0
all_same_04              13.826876  26194175      64146659  2.449          11198            0.102        100.0
max_random_00            12.303349  23305006      53061930  2.277          49843            0.496        100.0
max_random_01            12.312675  23191421      53053843  2.288          50792            0.506        100.0
max_random_02            12.279047  23259132      53047890  2.281          50099            0.499        100.0
max_random_03            12.314938  23327934      53050944  2.274          49833            0.496        100.0
max_random_04            12.251252  23190204      53079476  2.289          50051            0.498        100.0
random_00                 9.803751  18566111      41811501  2.252          40254            0.508        100.0
random_01                11.497770  21763860      49319862  2.266          47262            0.506        100.0
random_02                 2.224471   4198475       7260216  1.729          11014            0.777        100.0
random_03                10.647760  20166045      45842159  2.273          43447            0.500        100.0
random_04                 7.356488  13926821      30343046  2.179          30648            0.531        100.0
small_00                  0.883778   1657411       1653955  0.998           5482            1.544        100.0
small_01                  0.900520   1688376       1602031  0.949           5390            1.569        100.0
small_02                  0.866496   1624246       1618086  0.996           5563            1.589        100.0
small_03                  0.889275   1667387       1712234  1.027           5671            1.558        100.0
small_04                  0.877838   1645518       1657340  1.007           5530            1.546        100.0
