case                 task-clock (ms)    cycles  instructions    IPC  branch-misses  branch-miss (%)  running (%)
max (max_random_00)        50.414596         -             -      -              -                -            -
sum                       719.008450         -             -      -              -                -            -
example_00                  0.904260   1695705       1627845  0.960           5483            1.543        100.0
example_01                  0.910105   1707553       1629877  0.955           5612            1.584        100.0
fft_killer_00              49.935084  94638828     177020640  1.870          18752            0.151        100.0
fft_killer_01              49.677999  94152398     176529115  1.875          18944            0.154        100.0
fft_killer_02              49.631727  94064720     176507810  1.876          18517            0.151        100.0
fft_killer_03              49.846981  94337002     176607823  1.872          19008            0.154        100.0
fft_killer_04              49.679732  94156237     176495810  1.874          18765            0.153        100.0
fft_killer_05              50.059763  94724256     176555453  1.864          19597            0.160        100.0
fft_killer_06              50.075885  94789094     177023090  1.868          18889            0.152        100.0
fft_killer_07              49.849080  94312092     176713759  1.874          19380            0.157        100.0
fft_killer_08              49.635647  93954187     176510091  1.879          18769            0.153        100.0
fft_killer_09              49.818630  94265294     176607067  1.874          19505            0.158        100.0
max_random_00              50.414596  95414936     176277929  1.847          75522            0.616        100.0
max_random_01              50.400918  95500866     176298313  1.846          75863            0.618        100.0
medium_00                   1.011140   1899727       2080801  1.095           5900            1.522        100.0
medium_01                   1.434350   2701559       3444505  1.275           6957            1.436        100.0
medium_02                   1.451370   2733208       3452854  1.263           7069            1.455        100.0
medium_all_zero_00          0.983636   1846326       2023980  1.096           5758            1.496        100.0
medium_c_zero_00            0.928959   1741743       1723884  0.990           5575            1.544        100.0
random_00                  44.096143  83434737     157079426  1.883          60285            0.569        100.0
random_01                  47.651474  90310789     167793638  1.858          68766            0.594        100.0
random_02                   6.473156  12252237      20714521  1.691          14901            0.851        100.0
small_00                    0.862021   1616299       1604413  0.993           5407            1.563        100.0
small_01                    0.849413   1591843       1623014  1.020           5354            1.517        100.0
small_02                    0.877705   1645707       1604241  0.975           5411            1.565        100.0
small_03                    0.889403   1668174       1583838  0.949           5398            1.588        100.0
small_04                    0.893653   1675470       1608856  0.960           5436            1.568        100.0
small_05                    0.916571   1719431       1597482  0.929           5295            1.546        100.0
small_06                    0.898976   1685612       1607869  0.954           5508            1.590        100.0
small_07                    0.866133   1623701       1594592  0.982           5219            1.526        100.0
small_08                    0.875395   1640994       1612201  0.982           5497            1.582        100.0
small_09                    0.863475   1618908       1599761  0.988           5260            1.535        100.0
small_10                    0.905932   1699468       1627780  0.958           5524            1.562        100.0
small_11                    0.893272   1675890       1601052  0.955           5413            1.577        100.0
small_12                    0.885484   1661002       1638505  0.986           5663            1.592        100.0
small_13                    0.906304   1699758       1608723  0.946           5596            1.624        100.0
small_14                    0.869042   1629317       1631970  1.002           5509            1.554        100.0
small_15                    0.885036   1659666       1604688  0.967           5450            1.585        100.0
