case                 task-clock (ms)    cycles  instructions    IPC  branch-misses  branch-miss (%)  running (%)
max (max_random_16)        13.639640         -             -      -              -                -            -
sum                       274.766298         -             -      -              -                -            -
example_00                  0.874403   1638952       1606413  0.980           5497            1.582        100.0
max_random_00              12.355739  23403319      22453546  0.959         584155           16.871        100.0
max_random_01              12.337777  23368881      22452676  0.961         584570           16.881        100.0
max_random_02              12.343687  23380012      22488808  0.962         583970           16.845        100.0
max_random_03               8.371037  15849791      27890149  1.760          91643            2.051        100.0
max_random_04               8.724222  16519719      27916106  1.690          89925            2.010        100.0
max_random_05               6.337087  11993823      17277628  1.441         174099            5.631        100.0
max_random_06               6.834121  12937300      18040633  1.394         169970            4.740        100.0
max_random_07               9.034482  17107092      41508476  2.426          38779            0.968        100.0
max_random_08              13.544776  25656992      32332063  1.260         423110            9.719        100.0
max_random_09              11.988347  22706875      24559504  1.082         506742           14.470        100.0
max_random_10              10.833120  20517152      21388603  1.042         477095           14.304        100.0
max_random_11              11.637556  22042082      25419391  1.153         447924           12.300        100.0
max_random_12              12.501612  23679387      23523066  0.993         553177           15.788        100.0
max_random_13              13.067571  24752801      26841886  1.084         519687           13.275        100.0
max_random_14              12.753202  24155942      27632273  1.144         471262           12.061        100.0
max_random_15              11.271754  21348570      24760961  1.160         448471           12.320        100.0
max_random_16              13.639640  25812888      29548908  1.145         504100           12.285        100.0
max_random_17              10.948952  20736850      21175266  1.021         465819           13.302        100.0
max_random_18              13.301280  25195692      34612361  1.374         367691            8.706        100.0
max_random_19              11.391125  21574411      20588257  0.954         526123           15.490        100.0
random_00                   9.957626  18857517      17981957  0.954         457258           16.335        100.0
random_01                  11.546862  21870321      20970349  0.959         541296           16.699        100.0
random_02                   2.188621   4131265       3902122  0.945          68233            9.850        100.0
random_03                  10.789783  20435545      19609227  0.960         503583           16.558        100.0
random_04                   7.448554  14101228      13421318  0.952         327048           15.406        100.0
small_00                    0.860403   1613415       1592684  0.987           5390            1.568        100.0
small_01                    0.856226   1604809       1590035  0.991           5364            1.564        100.0
small_02                    0.900406   1688629       1602453  0.949           5382            1.559        100.0
small_03                    0.856795   1605898       1591683  0.991           5339            1.555        100.0
small_04                    0.902009   1691620       1602841  0.948           5479            1.585        100.0
small_05                    0.887744   1665208       1596887  0.959           5383            1.565        100.0
small_06                    0.871965   1633857       1591893  0.974           5342            1.556        100.0
small_07                    0.850497   1594261       1595858  1.001           5388            1.565        100.0
small_08                    0.884023   1657353       1595544  0.963           5368            1.560        100.0
small_09                    0.873294   1637936       1599306  0.976           5446            1.578        100.0
