case                   task-clock (ms)    cycles  instructions    IPC  branch-misses  branch-miss (%)  running (%)
max (binary_carry_00)         7.402019         -             -      -              -                -            -
sum                         127.295246         -             -      -              -                -            -
example_00                    0.850944   1594584       1574950  0.988           5426            1.604        100.0
example_01                    0.873709   1638422       1590488  0.971           5346            1.550        100.0
example_02                    0.868318   1627578       1582561  0.972           5381            1.584        100.0
example_03                    0.875895   1642293       1605593  0.978           5425            1.559        100.0
all_same_00                   5.467027  10344736      25019713  2.419           7344            0.186        100.0
all_same_01                   5.444785  10302579      25126421  2.439           7198            0.181        100.0
all_same_02                   5.397776  10214218      25121221  2.459           7308            0.184        100.0
all_same_03                   5.435245  10284624      25083359  2.439           7310            0.184        100.0
all_same_04                   5.434888  10283745      24984971  2.430           7440            0.188        100.0
binary_carry_00               7.402019  14012550      26447794  1.887          11466            0.233        100.0
binary_carry_01               7.352553  13918185      26610762  1.912           9163            0.184        100.0
fib_str_00                    7.315435  13849464      26695720  1.928           8449            0.170        100.0
fib_str_01                    5.733586  10850203      20111973  1.854           8810            0.234        100.0
fib_str_02                    5.540527  10484465      19250173  1.836           8683            0.241        100.0
fib_str_03                    5.114840   9677694      17831676  1.843           8093            0.242        100.0
fib_str_04                    7.215946  13660275      26156966  1.915           9543            0.196        100.0
hack606_00                    0.869008   1629100       1607597  0.987           5498            1.581        100.0
max_random_00                 5.892069  11151205      20632401  1.850          28562            0.798        100.0
max_random_01                 5.900046  11166339      20572731  1.842          28859            0.809        100.0
random_00                     4.818799   9116845      16493416  1.809          23669            0.824        100.0
random_01                     5.526297  10457919      19252910  1.841          27175            0.812        100.0
random_02                     1.477423   2782806       3687542  1.325           8480            1.207        100.0
random_03                     5.249370   9874929      17991307  1.822          25545            0.815        100.0
random_04                     3.856258   7278158      12348056  1.697          19444            0.893        100.0
random_05                     4.219492   7980496      13742552  1.722          20342            0.843        100.0
random_06                     5.486571  10382148      18969012  1.827          26969            0.818        100.0
random_07                     1.905748   3594049       5320677  1.480          10234            1.046        100.0
random_08                     3.726945   7046571      12001684  1.703          18396            0.868        100.0
random_09                     2.043727   3856087       5760702  1.494          11124            1.054        100.0
