case                 task-clock (ms)    cycles  instructions    IPC  branch-misses  branch-miss (%)  running (%)
max (max_random_01)        41.399191         -             -      -              -                -            -
sum                       264.799229         -             -      -              -                -            -
example_00                  0.880400   1650549       1580632  0.958           5369            1.575        100.0
example_01                  0.904835   1696727       1631969  0.962           5611            1.576        100.0
example_02                  0.866921   1625518       1599331  0.984           5490            1.594        100.0
large_cycle_00             21.061357  39906537      36616526  0.918          13417            0.284        100.0
max_random_00              39.490281  74840228      64083913  0.856         383292            4.725        100.0
max_random_01              41.399191  78319015      63974635  0.817         384811            4.760        100.0
max_random_02              39.598432  75027022      63947248  0.852         385494            4.778        100.0
random_1_00                27.781484  52645233      44149596  0.839         276682            5.033        100.0
random_1_01                28.845009  54603516      48491096  0.888         289211            4.678        100.0
random_1_02                16.677296  31592985      28087045  0.889         150012            4.599        100.0
random_2_00                 7.494074  14187488      15348651  1.082          58820            3.357        100.0
random_2_01                 2.367107   4469251       5044370  1.129          20261            2.830        100.0
random_2_02                10.830840  20512752      21757557  1.061          84848            3.555        100.0
random_2_03                15.034099  28481386      29959063  1.052         112333            3.477        100.0
random_2_04                 6.180857  11698427      12764986  1.091          50686            3.383        100.0
small_random_1_00           0.891438   1671572       1610274  0.963           5693            1.646        100.0
small_random_1_01           0.869492   1629955       1639614  1.006           5548            1.555        100.0
small_random_1_02           0.891373   1670393       1647407  0.986           5756            1.613        100.0
small_random_2_00           0.902234   1692812       1662021  0.982           5741            1.601        100.0
small_random_2_01           0.909883   1706808       1639154  0.960           5742            1.649        100.0
small_random_2_02           0.922626   1731406       1691446  0.977           5862            1.623        100.0
