case            task-clock (ms)    cycles  instructions    IPC  branch-misses  branch-miss (%)  running (%)
max (small_00)         9.987284         -             -      -              -                -            -
sum                   94.496631         -             -      -              -                -            -
example_00             0.814941   1526002       1625434  1.065           5358            1.510        100.0
carry_chain_00         3.002853   5673305       9324910  1.644          31319            2.342        100.0
carry_chain_01         3.448350   6519500      10590450  1.624          44853            3.078        100.0
carry_chain_02         2.952779   5579055       9211899  1.651          30416            2.327        100.0
carry_chain_03         3.484298   6586640      10952393  1.663          45516            3.037        100.0
large_00               2.909942   5498363       8292266  1.508           7522            0.676        100.0
large_01               2.886874   5453876       8336860  1.529           7528            0.676        100.0
large_02               2.882454   5445977       8311813  1.526           7513            0.674        100.0
large_small_00         4.728389   8945250      10886422  1.217           8062            0.500        100.0
max_max_00             4.853582   9125935      11022695  1.208           7994            0.482        100.0
max_max_01             4.833786   9146302      11051317  1.208           8343            0.502        100.0
max_max_02             4.816877   9100454      11048785  1.214           8448            0.508        100.0
max_max_03             4.771789   9027777      11083126  1.228           8001            0.477        100.0
max_max_04             4.827749   9134280      11039590  1.209           8003            0.482        100.0
max_max_05             4.842694   9104433      11036913  1.212           7921            0.477        100.0
max_max_06             4.867951   9195857      11032723  1.200           8259            0.498        100.0
max_max_07             4.783742   9050277      11084726  1.225           7965            0.475        100.0
medium_00              3.180954   6012112       9453542  1.572          44973            3.610        100.0
medium_01              3.171437   5993673       9470070  1.580          45603            3.653        100.0
medium_02              3.164028   5980240       9436699  1.578          44967            3.620        100.0
power_00               3.059045   5780886       9570229  1.655          27642            2.189        100.0
power_01               3.081417   5823878       9561151  1.642          28933            2.159        100.0
small_00               9.987284  18912921      33541854  1.773         123805            3.650        100.0
sum_zero_00            3.143416   5940025       9433892  1.588          42835            3.446        100.0
