case                 task-clock (ms)    cycles  instructions    IPC  branch-misses  branch-miss (%)  running (%)
max (random_dag_01)        21.618533         -             -      -              -                -            -
sum                       351.069425         -             -      -              -                -            -
example_00                  0.838884   1572717       1588683  1.010           5445            1.590        100.0
example_01                  0.865329   1621727       1586867  0.979           5406            1.585        100.0
example_02                  0.842612   1579776       1596703  1.011           5387            1.564        100.0
long_cycle_00              18.261857  34587529      41756549  1.207          13085            0.349        100.0
long_cycle_01              19.486112  36898434      46346152  1.256          13525            0.281        100.0
random_00                   7.072594  13390655      23332218  1.742          17113            0.752        100.0
random_01                  16.349255  30974600      37063746  1.197         333324            6.886        100.0
random_02                   5.582430  10564349      21700448  2.054           8573            0.409        100.0
random_03                   4.213399   7969518      11744492  1.474          40378            1.237        100.0
random_04                   6.713788  12651408      16333005  1.291         127454            4.048        100.0
random_05                   6.946008  13150276      22816237  1.735          22090            0.994        100.0
random_06                  12.112168  22943535      30731517  1.339         284012            5.339        100.0
random_07                   2.435911   4600001       5295322  1.151          21145            1.717        100.0
random_08                   5.867247  11048047      18048990  1.634          24360            1.347        100.0
random_09                   4.068370   7694008      12692384  1.650           8141            0.579        100.0
random_dag_00              18.923203  35853906      44680049  1.246         459468            6.970        100.0
random_dag_01              21.618533  40828194      51126819  1.252         481492            5.978        100.0
random_dag_02              14.649175  27751557      36492016  1.315         124664            2.841        100.0
random_dag_03               4.242816   8025129      11767274  1.466          40699            1.245        100.0
random_dag_04               6.693194  12669667      16353784  1.291         127477            4.030        100.0
random_dag_05              19.992847  37745291      45656686  1.210         440588            6.560        100.0
random_dag_06              11.764945  22285807      30550492  1.371         281537            5.316        100.0
random_dag_07               2.438789   4604209       5268902  1.144          20777            1.695        100.0
random_dag_08              20.132819  38077698      44826369  1.177         373037            5.092        100.0
random_dag_09               9.382223  17767106      21599113  1.216         185280            6.095        100.0
random_dag_dense_00        15.530994  29422435      39152436  1.331          12631            0.287        100.0
random_dag_dense_01        14.434447  27343572      37362184  1.366          19470            0.482        100.0
random_dag_dense_02        14.440527  27355447      40746409  1.490          23768            0.546        100.0
random_dag_dense_03        14.651808  27683499      37917200  1.370          19482            0.476        100.0
random_dag_dense_04        17.261325  32702554      44402800  1.358          12815            0.267        100.0
random_dense_00             4.741163   8969737      22217700  2.477           8121            0.416        100.0
random_dense_01             4.841591   9159812      22172438  2.421          18422            0.959        100.0
random_dense_02             8.360779  15830909      27426279  1.732          32842            1.192        100.0
random_dense_03             5.475840  10361006      23362859  2.255          19129            0.901        100.0
random_dense_04             9.836443  18628934      33267252  1.786          28740            0.766        100.0
