2026-10-01 lenovo / Intel(R) Core(TM) i5-10210U CPU @ 1.60GHz
Two complete passes; per binary/case minimum task-clock; all counters from that same run.
Cases: 38, including examples. Units: ms. No CPU pinning.
Compiler: g++ (GCC) 16.2.1 20260819 (Red Hat 16.2.1-2); rustc 1.98.1 (48a229cea 2026-09-01)
Build host: master; glibc 2.43
Environment: Linux 7.2.8-200.fc44.x86_64; affinity [0, 1, 2, 3]; stack 268435456 bytes; bench_env OK.
cxx_flags.txt: -std=c++23 -DEVAL -DONLINE_JUDGE -Iinclude -O3 -fwhole-program -fno-exceptions -fno-rtti -march=x86-64-v3 -fno-pie -no-pie -nostdlib++ -static -lm -s
cpp_flags.txt: -std=c++23 -DEVAL -DONLINE_JUDGE -Iac-library -include cassert -O3 -fwhole-program -fno-exceptions -fno-rtti -march=x86-64-v3 -fno-pie -no-pie -static -lgmp -s
rust_flags.txt: -C opt-level=3 -C codegen-units=1 -C lto=fat -C panic=abort -C target-cpu=x86-64-v3 -C target-feature=+crt-static -C relocation-model=static -C link-arg=-Wl,-u,__cxa_thread_atexit_impl -C strip=symbols

solution                                max (ms)       sum (ms)
QedDust413                                76.149612    1071.860187
Rohan_Kapri                               75.962524    1071.596869
adamant                                  122.508752    1919.573435
tayu0110                                 103.090658    1447.098501
urectanc                                  89.042844    1261.359782
main                                      52.387281     741.896256

submissions/polynomial/polynomial_taylor_shift/QedDust413.cpp
SHA-256: 5d9412c7a55bd4de5f7bd89bbc9f84a9a6ee815c3c1436a244c60deaaf85d8b7
case                 task-clock (ms)     cycles  instructions    IPC  branch-misses  branch-miss (%)  running (%)
max (max_random_00)        76.149612          -             -      -              -                -            -
sum                      1071.860187          -             -      -              -                -            -
example_00                  1.101728    1742819       2495765  1.432           7282            1.263        100.0
example_01                  1.101316    1741348       2486554  1.428           7415            1.294        100.0
fft_killer_00              74.898014  119458580     227064901  1.901         159757            0.896        100.0
fft_killer_01              74.587305  118867574     226211295  1.903         160523            0.911        100.0
fft_killer_02              74.540115  118845722     227164246  1.911         159900            0.896        100.0
fft_killer_03              74.267243  118409096     226280701  1.911         159378            0.903        100.0
fft_killer_04              74.531233  118795885     226241401  1.904         160810            0.912        100.0
fft_killer_05              74.560552  118838349     226669584  1.907         160658            0.906        100.0
fft_killer_06              74.499503  118805356     226174737  1.904         159215            0.904        100.0
fft_killer_07              74.509056  118794747     226335080  1.905         160239            0.907        100.0
fft_killer_08              74.496958  118759812     226272105  1.905         158505            0.898        100.0
fft_killer_09              74.527018  118848329     226206609  1.903         161116            0.914        100.0
max_random_00              76.149612  121456891     225820987  1.859         259092            1.471        100.0
max_random_01              75.825983  120939792     225902967  1.868         259588            1.471        100.0
medium_00                   1.280479    2028591       3076542  1.517           8109            1.314        100.0
medium_01                   1.841856    2925405       4800345  1.641           9465            1.277        100.0
medium_02                   1.887814    2996791       4787396  1.598           9457            1.274        100.0
medium_all_zero_00          1.227266    1943829       2967629  1.527           7343            1.190        100.0
medium_c_zero_00            1.267926    2008367       3065757  1.526           7984            1.303        100.0
random_00                  66.612298  106171105     196185301  1.848         192682            1.367        100.0
random_01                  71.741985  114394486     212213527  1.855         228581            1.430        100.0
random_02                   9.256690   14761415      26848718  1.819          30599            1.266        100.0
small_00                    1.084853    1716295       2477230  1.443           7199            1.261        100.0
small_01                    1.073587    1698569       2483708  1.462           7242            1.266        100.0
small_02                    1.046141    1654927       2467297  1.491           7095            1.248        100.0
small_03                    1.053507    1666614       2470829  1.483           7191            1.267        100.0
small_04                    1.063897    1682105       2477256  1.473           7319            1.287        100.0
small_05                    1.064482    1683635       2479713  1.473           7094            1.242        100.0
small_06                    1.067991    1688821       2469587  1.462           7155            1.262        100.0
small_07                    1.079880    1708176       2489297  1.457           7338            1.281        100.0
small_08                    1.084154    1714820       2490796  1.453           7224            1.261        100.0
small_09                    1.091266    1726398       2513165  1.456           7274            1.250        100.0
small_10                    1.056500    1671379       2469014  1.477           7192            1.269        100.0
small_11                    1.072155    1695587       2473209  1.459           7123            1.256        100.0
small_12                    1.069377    1691434       2486954  1.470           7172            1.254        100.0
small_13                    1.076965    1703809       2475331  1.453           7202            1.269        100.0
small_14                    1.073882    1699061       2512156  1.479           7216            1.240        100.0
small_15                    1.089600    1723799       2516857  1.460           7254            1.246        100.0

submissions/polynomial/polynomial_taylor_shift/Rohan_Kapri.cpp
SHA-256: 5d9412c7a55bd4de5f7bd89bbc9f84a9a6ee815c3c1436a244c60deaaf85d8b7
case                 task-clock (ms)     cycles  instructions    IPC  branch-misses  branch-miss (%)  running (%)
max (max_random_00)        75.962524          -             -      -              -                -            -
sum                      1071.596869          -             -      -              -                -            -
example_00                  1.122698    1776291       2521761  1.420           7259            1.239        100.0
example_01                  1.079799    1708072       2512398  1.471           7316            1.257        100.0
fft_killer_00              74.684562  119118512     227070725  1.906         159618            0.895        100.0
fft_killer_01              74.513561  118779655     226212174  1.904         160121            0.909        100.0
fft_killer_02              74.465007  118768011     226211107  1.905         159278            0.904        100.0
fft_killer_03              74.628389  118939215     226189007  1.902         161188            0.915        100.0
fft_killer_04              74.274086  118463723     226206012  1.909         159945            0.907        100.0
fft_killer_05              74.563835  118881851     226614355  1.906         159048            0.898        100.0
fft_killer_06              74.699057  119002616     226209736  1.901         161132            0.914        100.0
fft_killer_07              74.528365  118850745     226198168  1.903         159625            0.906        100.0
fft_killer_08              74.552585  118907908     226179501  1.902         158907            0.902        100.0
fft_killer_09              74.459647  118724411     226206695  1.905         161836            0.918        100.0
max_random_00              75.962524  121074298     225616058  1.863         259869            1.480        100.0
max_random_01              75.802369  120842090     225654910  1.867         259977            1.479        100.0
medium_00                   1.268455    2009699       3101954  1.543           7908            1.261        100.0
medium_01                   1.888242    2998796       4784080  1.595           9254            1.259        100.0
medium_02                   1.863806    2959375       4779280  1.615           9578            1.297        100.0
medium_all_zero_00          1.265732    2004797       2951815  1.472           7418            1.212        100.0
medium_c_zero_00            1.268784    2010004       3114153  1.549           7962            1.265        100.0
random_00                  66.686449  106436446     196183726  1.843         192619            1.366        100.0
random_01                  71.511567  114137425     212171100  1.859         227894            1.427        100.0
random_02                   9.290029   14813565      26850788  1.813          30641            1.267        100.0
small_00                    1.049868    1660455       2471722  1.489           7167            1.263        100.0
small_01                    1.070593    1693668       2523635  1.490           7332            1.251        100.0
small_02                    1.082157    1711823       2474938  1.446           7401            1.301        100.0
small_03                    1.085297    1717230       2483855  1.446           7314            1.279        100.0
small_04                    1.047301    1656816       2473328  1.493           7287            1.279        100.0
small_05                    1.055398    1669513       2468533  1.479           7218            1.273        100.0
small_06                    1.083088    1713468       2512405  1.466           7210            1.239        100.0
small_07                    1.051005    1662872       2472896  1.487           7326            1.291        100.0
small_08                    1.070286    1693123       2471755  1.460           7226            1.274        100.0
small_09                    1.083736    1714641       2487369  1.451           7343            1.283        100.0
small_10                    1.086308    1718177       2492123  1.450           7382            1.288        100.0
small_11                    1.080398    1708443       2513594  1.471           7271            1.250        100.0
small_12                    1.103434    1745749       2525373  1.447           7249            1.237        100.0
small_13                    1.099354    1739467       2515324  1.446           7214            1.239        100.0
small_14                    1.092313    1728652       2523360  1.460           7233            1.235        100.0
small_15                    1.076785    1702955       2478446  1.455           7373            1.298        100.0

submissions/polynomial/polynomial_taylor_shift/adamant.cpp
SHA-256: 4438ffb9a485db275e866fadb054dcf9a75d3476adab224bb9124dc9b098bf70
case                 task-clock (ms)     cycles  instructions    IPC  branch-misses  branch-miss (%)  running (%)
max (fft_killer_04)       122.508752          -             -      -              -                -            -
sum                      1919.573435          -             -      -              -                -            -
example_00                 10.337231   16470721      19000181  1.154           8848            1.098        100.0
example_01                 10.284065   16400956      18992475  1.158           8471            1.050        100.0
fft_killer_00             122.000923  194621981     395230211  2.031         438989            1.763        100.0
fft_killer_01             122.153140  194851763     394701345  2.026         468879            1.891        100.0
fft_killer_02             122.484513  195419906     395265469  2.023         458786            1.842        100.0
fft_killer_03             115.469617  184222277     394656803  2.142          26221            0.106        100.0
fft_killer_04             122.508752  195459701     395081050  2.021         469678            1.889        100.0
fft_killer_05             121.519235  193857661     394594134  2.035         436465            1.762        100.0
fft_killer_06             121.934889  194506547     394611994  2.029         464447            1.875        100.0
fft_killer_07             122.301076  195103355     394592460  2.022         496259            2.003        100.0
fft_killer_08             121.850962  194375713     394654701  2.030         465145            1.877        100.0
fft_killer_09             122.083342  194747392     394695989  2.027         440766            1.777        100.0
max_random_00             116.464334  185794315     394021302  2.121          94163            0.381        100.0
max_random_01             116.530388  185899442     394036421  2.120          89730            0.363        100.0
medium_00                  10.649886   16985942      20106145  1.184           9180            1.022        100.0
medium_01                  11.601137   18491809      23568587  1.275          10411            0.868        100.0
medium_02                  11.620325   18534289      23497856  1.268          10081            0.850        100.0
medium_all_zero_00          1.073447    1697563       2588946  1.525           7120            1.205        100.0
medium_c_zero_00           10.370673   16540794      19417970  1.174           8713            1.021        100.0
random_00                 106.233491  169443853     354175608  2.090          74156            0.347        100.0
random_01                 112.954121  180189841     380301577  2.111          83486            0.346        100.0
random_02                  22.530577   35950735      64922572  1.806          18247            0.402        100.0
small_00                   10.292176   16413322      18954380  1.155           8501            1.069        100.0
small_01                   10.282521   16397771      19008118  1.159           8530            1.054        100.0
small_02                   10.297363   16422766      18985702  1.156           8580            1.070        100.0
small_03                   10.284826   16403093      19001626  1.158           8598            1.060        100.0
small_04                   10.271872   16382724      19020240  1.161           8541            1.047        100.0
small_05                   10.293727   16416159      18969827  1.156           8472            1.060        100.0
small_06                   10.296083   16419990      18980213  1.156           8530            1.065        100.0
small_07                   10.284953   16402821      18977367  1.157           8351            1.043        100.0
small_08                   10.297421   16422964      19021356  1.158           8657            1.061        100.0
small_09                   10.280954   16396971      18980280  1.158           8512            1.057        100.0
small_10                   10.293706   16416770      19025045  1.159           8673            1.065        100.0
small_11                   10.280042   16394460      19011768  1.160           8744            1.080        100.0
small_12                   10.311352   16445672      18976420  1.154           8611            1.079        100.0
small_13                   10.299473   16426721      19000019  1.157           8546            1.059        100.0
small_14                   10.254631   16354376      19014296  1.163           8536            1.051        100.0
small_15                   10.296211   16421026      19023679  1.158           8689            1.068        100.0

submissions/polynomial/polynomial_taylor_shift/tayu0110.rs
SHA-256: 19f722bb03c1280b478fbadffcf6c2add533c73add9c7dcbbfeae200c876c466
case                 task-clock (ms)     cycles  instructions    IPC  branch-misses  branch-miss (%)  running (%)
max (max_random_01)       103.090658          -             -      -              -                -            -
sum                      1447.098501          -             -      -              -                -            -
example_00                  0.988532    1562491       2009657  1.286           7044            1.552        100.0
example_01                  0.964464    1523391       2021491  1.327           6954            1.517        100.0
fft_killer_00             101.790029  162434904     352467729  2.170         114993            0.345        100.0
fft_killer_01             101.544751  162079249     352468051  2.175         115014            0.345        100.0
fft_killer_02             101.539850  162071618     352478032  2.175         116089            0.348        100.0
fft_killer_03             101.764791  162414566     352204783  2.169         117401            0.353        100.0
fft_killer_04             101.862456  162455031     352510048  2.170         116431            0.349        100.0
fft_killer_05             101.631855  162169253     352500330  2.174         115922            0.348        100.0
fft_killer_06             101.740853  162350026     352562136  2.172         115153            0.345        100.0
fft_killer_07             101.813501  162508947     352561397  2.169         115276            0.346        100.0
fft_killer_08             101.527016  162051964     352456133  2.175         115235            0.346        100.0
fft_killer_09             101.589666  162150855     352452182  2.174         115144            0.346        100.0
max_random_00             103.078860  164511907     351753291  2.138         200356            0.601        100.0
max_random_01             103.090658  164462058     351225680  2.136         199696            0.602        100.0
medium_00                   1.218907    1930693       2908384  1.506           7916            1.467        100.0
medium_01                   2.015724    3202188       5441371  1.699           9393            1.234        100.0
medium_02                   2.007204    3188498       5370990  1.684           9360            1.257        100.0
medium_all_zero_00          1.182953    1872664       2754961  1.471           7313            1.402        100.0
medium_c_zero_00            1.231875    1951445       2920808  1.497           7917            1.454        100.0
random_00                  89.329973  142582103     299493584  2.100         151304            0.577        100.0
random_01                  97.028419  154839197     328314820  2.120         178957            0.595        100.0
random_02                  12.671040   20211221      40510179  2.004          28673            0.717        100.0
small_00                    0.963597    1522348       2024794  1.330           6909            1.498        100.0
small_01                    0.954475    1507741       1979697  1.313           6954            1.568        100.0
small_02                    0.953900    1508058       1995983  1.324           7067            1.575        100.0
small_03                    0.972897    1537405       1986362  1.292           7061            1.587        100.0
small_04                    0.967852    1529044       1994386  1.304           7034            1.569        100.0
small_05                    0.962957    1521867       1985367  1.305           6998            1.575        100.0
small_06                    0.950453    1501751       2015116  1.342           6952            1.515        100.0
small_07                    0.963243    1522388       1980214  1.301           6809            1.536        100.0
small_08                    0.968311    1530307       1987546  1.299           7044            1.585        100.0
small_09                    0.980681    1549209       1999976  1.291           7089            1.571        100.0
small_10                    0.978016    1545583       1991047  1.288           7085            1.592        100.0
small_11                    1.003465    1585539       2028767  1.280           7047            1.535        100.0
small_12                    0.987188    1560199       2018701  1.294           6874            1.497        100.0
small_13                    0.951983    1504982       2029823  1.349           7122            1.550        100.0
small_14                    0.948329    1496788       2028455  1.355           6861            1.488        100.0
small_15                    0.977777    1545843       1984510  1.284           6951            1.565        100.0

submissions/polynomial/polynomial_taylor_shift/urectanc.rs
SHA-256: 41c00b1957c094958b57340ea5b41ecafc0e4f52be27e1b0338d41285e8c4175
case                 task-clock (ms)     cycles  instructions    IPC  branch-misses  branch-miss (%)  running (%)
max (max_random_00)        89.042844          -             -      -              -                -            -
sum                      1261.359782          -             -      -              -                -            -
example_00                  1.151154    1822332       2311492  1.268           7219            1.384        100.0
example_01                  1.127299    1784132       2303697  1.291           7140            1.380        100.0
fft_killer_00              88.147010  140580891     252545958  1.796          83022            0.384        100.0
fft_killer_01              87.882175  140101728     252340967  1.801          85571            0.396        100.0
fft_killer_02              87.948764  140205776     252527139  1.801          84195            0.389        100.0
fft_killer_03              88.225061  140609616     252529436  1.796          87364            0.404        100.0
fft_killer_04              87.992267  140317837     253318231  1.805          84727            0.388        100.0
fft_killer_05              87.959550  140125013     252387427  1.801          83817            0.388        100.0
fft_killer_06              88.075132  140323722     252468662  1.799          82807            0.383        100.0
fft_killer_07              88.047737  140349186     253158715  1.804          84391            0.387        100.0
fft_killer_08              88.287052  140815969     252533661  1.793          82170            0.380        100.0
fft_killer_09              87.976796  140167645     252333143  1.800          86888            0.403        100.0
max_random_00              89.042844  141935446     252351155  1.778         138646            0.641        100.0
max_random_01              88.988273  141838301     252159604  1.778         141558            0.656        100.0
medium_00                   1.377607    2183300       2938287  1.346           7861            1.385        100.0
medium_01                   2.014867    3200388       4879367  1.525           9199            1.274        100.0
medium_02                   2.001110    3179154       4846044  1.524           9188            1.285        100.0
medium_all_zero_00          1.318541    2089369       2903725  1.390           7465            1.310        100.0
medium_c_zero_00            1.338076    2120585       2923032  1.378           7791            1.385        100.0
random_00                  78.581937  125354589     224332241  1.790         112192            0.614        100.0
random_01                  85.066983  135733436     242343251  1.785         125067            0.604        100.0
random_02                  10.705005   17073332      29979307  1.756          22928            0.782        100.0
small_00                    1.129247    1786677       2302765  1.289           7133            1.378        100.0
small_01                    1.144914    1812400       2323542  1.282           7028            1.335        100.0
small_02                    1.119748    1772041       2333662  1.317           7175            1.359        100.0
small_03                    1.116216    1766403       2301037  1.303           7048            1.363        100.0
small_04                    1.130047    1788013       2328345  1.302           7151            1.356        100.0
small_05                    1.123870    1779361       2277251  1.280           7158            1.404        100.0
small_06                    1.107390    1751421       2287265  1.306           7068            1.379        100.0
small_07                    1.170429    1853085       2299828  1.241           7247            1.402        100.0
small_08                    1.121912    1775536       2320585  1.307           7187            1.369        100.0
small_09                    1.120767    1774113       2307148  1.300           7216            1.393        100.0
small_10                    1.164885    1843769       2329282  1.263           7057            1.339        100.0
small_11                    1.127232    1785196       2299541  1.288           7195            1.399        100.0
small_12                    1.108982    1754715       2329984  1.328           7154            1.357        100.0
small_13                    1.122313    1775631       2302062  1.296           7042            1.362        100.0
small_14                    1.144535    1812100       2329764  1.286           7118            1.350        100.0
small_15                    1.152055    1822972       2345082  1.286           7364            1.388        100.0

src/polynomial/polynomial_taylor_shift/main.cxx
SHA-256: 804e7e90c778d353549e7c71116bec655f3c4f4b25504fe4552e790a6c096ccd
case                 task-clock (ms)    cycles  instructions    IPC  branch-misses  branch-miss (%)  running (%)
max (max_random_00)        52.387281         -             -      -              -                -            -
sum                       741.896256         -             -      -              -                -            -
example_00                  0.867829   1369660       1783281  1.302           5626            1.409        100.0
example_01                  0.866885   1368046       1797396  1.314           5643            1.396        100.0
fft_killer_00              51.533998  82209556     177749484  2.162          15353            0.117        100.0
fft_killer_01              51.508063  82101121     177806838  2.166          14906            0.113        100.0
fft_killer_02              51.354831  81961743     177746849  2.169          14751            0.113        100.0
fft_killer_03              51.269236  81825598     177713613  2.172          14399            0.110        100.0
fft_killer_04              51.600298  82269033     177833737  2.162          14872            0.113        100.0
fft_killer_05              51.591261  82254729     177691837  2.160          14339            0.109        100.0
fft_killer_06              51.515230  82114605     177716910  2.164          14906            0.114        100.0
fft_killer_07              51.545904  82267836     177821559  2.161          14817            0.113        100.0
fft_killer_08              51.509246  82125362     177708227  2.164          14405            0.110        100.0
fft_killer_09              51.595263  82303660     177753888  2.160          15182            0.116        100.0
max_random_00              52.387281  83525941     177502331  2.125          69991            0.535        100.0
max_random_01              52.237321  83370587     177627606  2.131          69906            0.532        100.0
medium_00                   0.993887   1571313       2223995  1.415           6054            1.409        100.0
medium_01                   1.412584   2239290       3589049  1.603           7052            1.333        100.0
medium_02                   1.382731   2191629       3642251  1.662           7178            1.309        100.0
medium_all_zero_00          0.965799   1525969       2192012  1.436           5829            1.337        100.0
medium_c_zero_00            0.870449   1373490       1907787  1.389           5831            1.398        100.0
random_00                  45.603265  72697571     158033848  2.174          55073            0.489        100.0
random_01                  49.364427  78701313     168704918  2.144          63696            0.519        100.0
random_02                   6.478600  10326529      21026883  2.036          14173            0.745        100.0
small_00                    0.809563   1277095       1758015  1.377           5280            1.346        100.0
small_01                    0.840620   1326118       1753862  1.323           5504            1.408        100.0
small_02                    0.794639   1253456       1751545  1.397           5427            1.390        100.0
small_03                    0.851137   1342436       1806518  1.346           5512            1.349        100.0
small_04                    0.851755   1343250       1807279  1.345           5416            1.327        100.0
small_05                    0.841437   1327217       1807546  1.362           5608            1.373        100.0
small_06                    0.854240   1348292       1798889  1.334           5690            1.407        100.0
small_07                    0.865587   1366794       1763120  1.290           5598            1.431        100.0
small_08                    0.841104   1327294       1779532  1.341           5711            1.441        100.0
small_09                    0.838556   1322844       1756117  1.328           5470            1.398        100.0
small_10                    0.833430   1314795       1788600  1.360           5604            1.400        100.0
small_11                    0.847626   1337923       1804133  1.348           5714            1.409        100.0
small_12                    0.825769   1301851       1766703  1.357           5434            1.380        100.0
small_13                    0.837786   1321713       1805596  1.366           5611            1.383        100.0
small_14                    0.866899   1367367       1818192  1.330           5673            1.383        100.0
small_15                    0.841720   1328663       1795202  1.351           5697            1.419        100.0
