case                            task-clock (ms)     cycles  instructions    IPC  branch-misses  branch-miss (%)  running (%)
max (wrong_dijkstra_killer_01)        86.606363          -             -      -              -                -            -
sum                                  929.590461          -             -      -              -                -            -
example_00                             0.866146    1623860       1609257  0.991           5438            1.568        100.0
example_01                             0.884764    1659304       1604585  0.967           5459            1.578        100.0
almost_line_00                        69.384400  131506582     118161273  0.899         559268            4.129        100.0
almost_line_01                        69.326250  131397757     117630528  0.895         561372            4.195        100.0
almost_line_02                        68.504505  129821978     117598718  0.906         454865            3.191        100.0
grid_random_00                        31.424379   59493048      74804396  1.257         130874            1.803        100.0
grid_swirl_00                         48.384515   91700969     103712704  1.131         419285            3.610        100.0
line_00                               42.258443   79952630     105905474  1.325          18979            0.164        100.0
max_dense_long_00                     25.935010   49145861      76267931  1.552          92507            1.306        100.0
max_dense_random_00                   24.541305   46503872      70678608  1.520          91942            1.437        100.0
max_dense_random_01                   24.397247   46214263      70417756  1.524          90706            1.423        100.0
max_dense_zero_00                     20.300722   38465690      58613569  1.524          13609            0.232        100.0
max_sparse_random_00                  32.902169   62351823      74222848  1.190         119851            1.622        100.0
max_sparse_random_01                  48.471213   91843678     101334517  1.103         319130            2.967        100.0
max_sparse_random_02                  56.492759  107070506     118104285  1.103         446606            3.503        100.0
max_star_00                           22.923458   43435756      62979933  1.450          87152            1.449        100.0
max_star_01                           22.817753   43236127      63184576  1.461          86850            1.431        100.0
small_00                               0.887663    1664569       1632172  0.981           5512            1.575        100.0
small_01                               0.842972    1579662       1615192  1.022           5528            1.601        100.0
small_02                               0.910355    1707475       1626936  0.953           5668            1.623        100.0
small_03                               0.845606    1584273       1616206  1.020           5596            1.619        100.0
small_04                               0.881166    1652618       1623678  0.982           5540            1.589        100.0
sparse_random_00                      30.564148   57920256      66838454  1.154          95533            1.349        100.0
sparse_random_01                      31.345744   59332497      67746111  1.142          93333            1.266        100.0
sparse_random_02                      28.073763   53185427      67496256  1.269         161667            2.400        100.0
spfa_killer_00                        69.913164  132489235     127151237  0.960         411060            2.590        100.0
wrong_dijkstra_handmade_00             0.859743    1611767       1593446  0.989           5411            1.574        100.0
wrong_dijkstra_killer_00              68.044736  128944622     218488666  1.694         377359            1.445        100.0
wrong_dijkstra_killer_01              86.606363  164015934     143220388  0.873         519874            2.815        100.0
