2026-10-01 lenovo / Intel(R) Core(TM) i5-10210U CPU @ 1.60GHz
Two complete passes; per binary/case minimum task-clock; all counters from that same run.
Cases: 28, including examples. Units: ms. No CPU pinning.
Compiler: g++ (GCC) 16.2.1 20260819 (Red Hat 16.2.1-2); rustc 1.98.1 (48a229cea 2026-09-01)
Build host: master; glibc 2.43
Environment: Linux 7.2.8-200.fc44.x86_64; affinity [0, 1, 2, 3]; stack 268435456 bytes; bench_env OK.
cxx_flags.txt: -std=c++23 -DEVAL -DONLINE_JUDGE -Iinclude -O3 -fwhole-program -fno-exceptions -fno-rtti -march=x86-64-v3 -fno-pie -no-pie -nostdlib++ -static -lm -s
cpp_flags.txt: -std=c++23 -DEVAL -DONLINE_JUDGE -Iac-library -include cassert -O3 -fwhole-program -fno-exceptions -fno-rtti -march=x86-64-v3 -fno-pie -no-pie -static -lgmp -s
rust_flags.txt: -C opt-level=3 -C codegen-units=1 -C lto=fat -C panic=abort -C target-cpu=x86-64-v3 -C target-feature=+crt-static -C relocation-model=static -C link-arg=-Wl,-u,__cxa_thread_atexit_impl -C strip=symbols

solution                                max (ms)       sum (ms)
chaihf                                   269.335793    2580.610398
nandhagk                                 602.059090    5026.847831
t98slider                                380.029965    3605.212231
tonegawa                                 594.536589    5003.440690
wery0                                    603.122008    5043.550411
main                                     227.206709    1899.525276

submissions/data_structure/range_linear_add_range_min/chaihf.cpp
SHA-256: 8bc7ad49fb120f18896dd9d9acd678cf08753226cba7ce422973ed3f657fb874
case                task-clock (ms)     cycles  instructions    IPC  branch-misses  branch-miss (%)  running (%)
max (almost_t0_00)       269.335793          -             -      -              -                -            -
sum                     2580.610398          -             -      -              -                -            -
example_00                 1.014337    1603026       2402479  1.499           6489            1.166        100.0
almost_t0_00             269.335793  429792560     625109688  1.454        4232833            6.059        100.0
almost_t0_01             268.594322  428606424     623834688  1.455        4182710            6.003        100.0
almost_t0_02             268.246836  428034201     623279945  1.456        4189468            6.020        100.0
almost_t1_00             136.477592  217742104     334680834  1.537        2340246            5.048        100.0
almost_t1_01             136.761837  218166604     335970942  1.540        2351791            5.057        100.0
almost_t1_02             135.500548  216197523     334349087  1.546        2342741            5.055        100.0
max_random_00            220.664101  352079011     520010973  1.477        3718071            6.047        100.0
max_random_01            220.632103  352036171     519941112  1.477        3713208            6.034        100.0
max_random_02            220.913576  352469694     520324076  1.476        3721884            6.042        100.0
random_00                121.371921  193713886     304854420  1.574        2391520            6.731        100.0
random_01                 51.511871   82212160     119814855  1.457         751162            4.820        100.0
random_02                122.483776  195503811     298384835  1.526        2178963            6.158        100.0
small_00                   1.062637    1681078       2571011  1.529           7142            1.231        100.0
small_01                   1.073407    1698529       2642600  1.556           8029            1.347        100.0
small_02                   1.102988    1745018       2704598  1.550           8982            1.491        100.0
small_03                   1.114494    1763607       2699107  1.530           9402            1.576        100.0
small_04                   1.161930    1839060       2746587  1.493           9738            1.616        100.0
small_05                   1.176916    1862889       2784724  1.495          10188            1.676        100.0
small_06                   1.185412    1877137       2807236  1.495          10533            1.722        100.0
small_07                   1.209814    1916236       2835429  1.480          11043            1.790        100.0
small_08                   1.218238    1929229       2865516  1.485          11204            1.802        100.0
small_09                   1.238850    1962234       2915112  1.486          11551            1.830        100.0
small_random_00            2.412118    3835483       5546343  1.446          38723            4.063        100.0
small_random_01            1.918225    3046704       4424445  1.452          28747            3.522        100.0
width_almost_n_00        129.870036  207175993     407572635  1.967         870668            1.640        100.0
width_almost_n_01        130.837447  208735066     409328501  1.961         901406            1.689        100.0
width_almost_n_02        130.519273  208246442     409982721  1.969         877257            1.638        100.0

submissions/data_structure/range_linear_add_range_min/nandhagk.cpp
SHA-256: c7868563a42c169a487b86268d940fc9a32ce4357bf0e4474d2c021c170cc946
case                 task-clock (ms)     cycles  instructions    IPC  branch-misses  branch-miss (%)  running (%)
max (max_random_01)       602.059090          -             -      -              -                -            -
sum                      5026.847831          -             -      -              -                -            -
example_00                  1.011926    1599266       2461530  1.539           7118            1.251        100.0
almost_t0_00              339.579375  541910363     787908267  1.454        9107403           12.351        100.0
almost_t0_01              337.835476  539110094     785007722  1.456        9093515           12.380        100.0
almost_t0_02              335.311780  535050609     777500950  1.453        9023448           12.386        100.0
almost_t1_00              316.116358  504438415     499273793  0.990        2358434            5.520        100.0
almost_t1_01              315.164158  502946001     501054306  0.996        2373773            5.531        100.0
almost_t1_02              317.679154  506948616     499618424  0.986        2361285            5.525        100.0
max_random_00             600.324522  958069667    1237928512  1.292       11469721           10.797        100.0
max_random_01             602.059090  960813432    1240804970  1.291       11488830           10.791        100.0
max_random_02             599.841527  957288847    1237203143  1.292       11435352           10.762        100.0
random_00                 267.869446  427552881     641175127  1.500        5898674           10.672        100.0
random_01                 123.556392  197090890     277791335  1.409        2179762            8.369        100.0
random_02                 303.746631  484756959     672099737  1.386        6270302           10.818        100.0
small_00                    1.131978    1791280       2769983  1.546           7984            1.320        100.0
small_01                    1.129994    1788061       2837721  1.587           9000            1.438        100.0
small_02                    1.141538    1807175       2884589  1.596           9529            1.521        100.0
small_03                    1.180490    1868993       2875349  1.538          10708            1.727        100.0
small_04                    1.186626    1877641       2938637  1.565          10639            1.702        100.0
small_05                    1.200785    1901572       2965945  1.560          11450            1.815        100.0
small_06                    1.185888    1877730       2975314  1.585          11462            1.803        100.0
small_07                    1.233128    1952781       3012242  1.543          12371            1.930        100.0
small_08                    1.236623    1958157       3037461  1.551          12229            1.938        100.0
small_09                    1.262779    2000883       3112128  1.555          12953            1.987        100.0
small_random_00             2.531754    4025568       6836563  1.698          45215            4.639        100.0
small_random_01             1.925588    3058016       5053368  1.652          31936            3.890        100.0
width_almost_n_00         184.636069  294593280     484825784  1.646        1095455            2.471        100.0
width_almost_n_01         184.277595  294042197     480237626  1.633        1109164            2.525        100.0
width_almost_n_02         181.491161  289584342     476649262  1.646        1081951            2.482        100.0

submissions/data_structure/range_linear_add_range_min/t98slider.cpp
SHA-256: 0c7fbe373551105fa87f1cd6a22f3d001a9ab44520bd0dbcf7dc6d84952afaa6
case                task-clock (ms)     cycles  instructions    IPC  branch-misses  branch-miss (%)  running (%)
max (almost_t0_00)       380.029965          -             -      -              -                -            -
sum                     3605.212231          -             -      -              -                -            -
example_00                 0.957160    1512843       2400189  1.587           6546            1.182        100.0
almost_t0_00             380.029965  606523705     736731926  1.215        4637532            5.865        100.0
almost_t0_01             377.928916  603184152     736316542  1.221        4579994            5.800        100.0
almost_t0_02             377.192871  602036728     735345648  1.221        4618387            5.855        100.0
almost_t1_00             184.018156  293681485     407247075  1.387        2459827            4.325        100.0
almost_t1_01             184.759648  294863902     409070754  1.387        2496095            4.367        100.0
almost_t1_02             184.451575  294405738     407598415  1.384        2469785            4.329        100.0
max_random_00            305.860149  488180745     617039799  1.264        3970251            5.484        100.0
max_random_01            306.001998  488387328     617164100  1.264        3985681            5.504        100.0
max_random_02            306.404248  488996438     617384572  1.263        3974423            5.489        100.0
random_00                165.784821  264589547     361705020  1.367        2530611            6.043        100.0
random_01                 68.623800  109529050     143285671  1.308         828165            4.470        100.0
random_02                166.703516  266050910     354191029  1.331        2311205            5.554        100.0
small_00                   1.085144    1716956       2743183  1.598           8034            1.283        100.0
small_01                   1.123534    1778250       2793655  1.571           8892            1.402        100.0
small_02                   1.126920    1783796       2867319  1.607           9670            1.493        100.0
small_03                   1.137776    1800568       2848283  1.582          10057            1.588        100.0
small_04                   1.220693    1932539       2906627  1.504          10496            1.638        100.0
small_05                   1.218245    1929849       2970786  1.539          10854            1.659        100.0
small_06                   1.270912    2013423       3007927  1.494          11204            1.709        100.0
small_07                   1.276339    2022289       3037422  1.502          11473            1.734        100.0
small_08                   1.284427    2035515       3077122  1.512          11646            1.745        100.0
small_09                   1.299403    2058960       3098242  1.505          12033            1.814        100.0
small_random_00            2.714506    4318000       6149511  1.424          41055            4.022        100.0
small_random_01            2.175586    3456477       4945100  1.431          31383            3.523        100.0
width_almost_n_00        192.716949  307565035     482346111  1.568         966943            1.582        100.0
width_almost_n_01        192.308107  306927151     486320068  1.584        1010165            1.637        100.0
width_almost_n_02        194.536867  310465164     485556807  1.564         977955            1.583        100.0

submissions/data_structure/range_linear_add_range_min/tonegawa.cpp
SHA-256: 6923147807dfc525bca0a0d06b6958cedb6a40cca46269b9d9a021a59fec7b71
case                 task-clock (ms)     cycles  instructions    IPC  branch-misses  branch-miss (%)  running (%)
max (max_random_01)       594.536589          -             -      -              -                -            -
sum                      5003.440690          -             -      -              -                -            -
example_00                  1.035023    1625666       2431384  1.496           6912            1.229        100.0
almost_t0_00              341.095188  544341675     781831539  1.436        9256869           12.384        100.0
almost_t0_01              340.053556  542660381     779274396  1.436        9232345           12.383        100.0
almost_t0_02              337.279498  538218938     771639189  1.434        9176876           12.413        100.0
almost_t1_00              313.934567  500983702     512250670  1.022        2379317            5.144        100.0
almost_t1_01              313.611792  500425668     513284309  1.026        2407341            5.199        100.0
almost_t1_02              314.912481  502529422     513187677  1.021        2372219            5.121        100.0
max_random_00             593.072987  946471676    1241627331  1.312       11426853           10.530        100.0
max_random_01             594.536589  948836165    1244281406  1.311       11469734           10.549        100.0
max_random_02             590.533617  942432493    1241112182  1.317       11388065           10.489        100.0
random_00                 265.739134  424124328     646078204  1.523        5896373           10.373        100.0
random_01                 122.565854  195535020     276300601  1.413        2193326            8.267        100.0
random_02                 299.427268  477904617     674578802  1.412        6253320           10.539        100.0
small_00                    1.079224    1707509       2747424  1.609           7668            1.258        100.0
small_01                    1.116091    1766299       2839862  1.608           8708            1.383        100.0
small_02                    1.132008    1791986       2852140  1.592           9508            1.542        100.0
small_03                    1.156462    1829917       2902120  1.586          10332            1.632        100.0
small_04                    1.164886    1844676       2975646  1.613          10408            1.621        100.0
small_05                    1.178158    1864599       2964574  1.590          10877            1.722        100.0
small_06                    1.160545    1836479       2938686  1.600          11033            1.763        100.0
small_07                    1.202598    1903801       3011993  1.582          11993            1.856        100.0
small_08                    1.197929    1897141       3068581  1.617          12202            1.891        100.0
small_09                    1.213783    1921927       3058090  1.591          12328            1.938        100.0
small_random_00             2.503669    3980595       6864060  1.724          44921            4.525        100.0
small_random_01             1.897603    3013782       5082464  1.686          31319            3.757        100.0
width_almost_n_00         187.466307  299108986     488723963  1.634        1146334            2.446        100.0
width_almost_n_01         188.039490  300026561     483848656  1.613        1175404            2.531        100.0
width_almost_n_02         184.134383  293803183     480661474  1.636        1133310            2.455        100.0

submissions/data_structure/range_linear_add_range_min/wery0.cpp
SHA-256: 717fcad4b4fe66d6deb3e05bcf6f7ff5421e05764a0a189359ecaf044be387aa
case                 task-clock (ms)     cycles  instructions    IPC  branch-misses  branch-miss (%)  running (%)
max (max_random_01)       603.122008          -             -      -              -                -            -
sum                      5043.550411          -             -      -              -                -            -
example_00                  1.049498    1660369       2430369  1.464           7102            1.274        100.0
almost_t0_00              342.730530  546919582     780613955  1.427        9149052           12.401        100.0
almost_t0_01              340.926276  544052968     777911300  1.430        9134020           12.417        100.0
almost_t0_02              338.603155  540282164     771057402  1.427        9073682           12.416        100.0
almost_t1_00              318.534930  508328036     494577783  0.973        2353637            5.505        100.0
almost_t1_01              317.751691  507092249     495364553  0.977        2378807            5.566        100.0
almost_t1_02              317.676032  506944268     494928693  0.976        2361125            5.521        100.0
max_random_00             601.893714  960601213    1232409039  1.283       11306148           10.671        100.0
max_random_01             603.122008  962507288    1235818691  1.284       11329952           10.663        100.0
max_random_02             600.724860  958688605    1232271126  1.285       11284669           10.643        100.0
random_00                 268.383526  428364852     637951768  1.489        5803082           10.519        100.0
random_01                 123.859714  197573894     275825657  1.396        2163474            8.339        100.0
random_02                 302.269887  482452118     669032659  1.387        6177511           10.681        100.0
small_00                    1.126332    1781601       2750505  1.544           8086            1.345        100.0
small_01                    1.134812    1795801       2777558  1.547           8862            1.451        100.0
small_02                    1.135479    1796666       2845616  1.584           9521            1.535        100.0
small_03                    1.140941    1806255       2842206  1.574          10617            1.729        100.0
small_04                    1.171066    1853243       2905049  1.568          10734            1.732        100.0
small_05                    1.193513    1889754       2906497  1.538          11179            1.814        100.0
small_06                    1.185987    1878246       2923661  1.557          11447            1.839        100.0
small_07                    1.198735    1898115       2935270  1.546          12244            1.965        100.0
small_08                    1.261278    1998175       3054136  1.528          12332            1.913        100.0
small_09                    1.244813    1971697       3018175  1.531          12698            2.025        100.0
small_random_00             2.564782    4078061       6805068  1.669          44714            4.563        100.0
small_random_01             1.930273    3064625       4981292  1.625          31383            3.868        100.0
width_almost_n_00         183.941072  293472687     477917360  1.628        1057054            2.358        100.0
width_almost_n_01         184.502528  294378631     473419283  1.608        1069070            2.405        100.0
width_almost_n_02         181.292979  289238985     470370844  1.626        1034226            2.341        100.0

src/data_structure/range_linear_add_range_min/main.cxx
SHA-256: 183329746720242996fe31f1fdb5184850cd2569e7deb9b97d8a08ced333fc18
case                task-clock (ms)     cycles  instructions    IPC  branch-misses  branch-miss (%)  running (%)
max (almost_t0_00)       227.206709          -             -      -              -                -            -
sum                     1899.525276          -             -      -              -                -            -
example_00                 0.792428    1249295       1722735  1.379           5614            1.469        100.0
almost_t0_00             227.206709  362612779     475731442  1.312        3639220            7.274        100.0
almost_t0_01             226.815954  361902913     475184702  1.313        3602132            7.205        100.0
almost_t0_02             227.021566  362337178     474705336  1.310        3620090            7.242        100.0
almost_t1_00              72.997476  116396261     153369436  1.318        1766581            8.037        100.0
almost_t1_01              73.122301  116708729     153501415  1.315        1765362            8.027        100.0
almost_t1_02              72.938483  116331821     153311179  1.318        1763615            8.029        100.0
max_random_00            154.377436  246274861     314848105  1.278        2801296            7.762        100.0
max_random_01            153.760295  245326624     313988053  1.280        2784187            7.742        100.0
max_random_02            154.128843  245916052     314133202  1.277        2811630            7.811        100.0
random_00                 86.898914  138674848     192053251  1.385        1811433            8.403        100.0
random_01                 40.517465   64578868      82013544  1.270         574678            5.346        100.0
random_02                 84.810982  135368203     180878988  1.336        1647276            7.957        100.0
small_00                   0.845474    1334681       1918820  1.438           6317            1.520        100.0
small_01                   0.903929    1427465       1977625  1.385           7536            1.779        100.0
small_02                   0.939454    1484261       2019121  1.360           7943            1.892        100.0
small_03                   0.957924    1513499       2023928  1.337           9269            2.182        100.0
small_04                   0.956536    1511240       2129296  1.409           9213            2.084        100.0
small_05                   1.009969    1596472       2116741  1.326           9986            2.294        100.0
small_06                   1.022350    1615925       2150723  1.331          10064            2.291        100.0
small_07                   1.040576    1645950       2131029  1.295          11628            2.667        100.0
small_08                   1.023157    1617500       2189101  1.353          11138            2.558        100.0
small_09                   1.063523    1682028       2247738  1.336          11971            2.619        100.0
small_random_00            1.830375    2906676       3880572  1.335          29732            4.628        100.0
small_random_01            1.576903    2501364       3175729  1.270          24610            4.483        100.0
width_almost_n_00        102.437101  163485097     292505428  1.789        1052981            2.889        100.0
width_almost_n_01        104.229813  166262114     294426357  1.771        1107869            3.040        100.0
width_almost_n_02        104.299340  166458177     296046195  1.779        1082306            2.953        100.0
