case                 task-clock (ms)     cycles  instructions    IPC  branch-misses  branch-miss (%)  running (%)
max (max_random_02)        64.085712          -             -      -              -                -            -
sum                       507.061773          -             -      -              -                -            -
example_00                  0.855442    1603410       1599101  0.997           5476            1.581        100.0
line_00                    62.530867  118434115     169071989  1.428         627796            3.411        100.0
line_01                    62.693904  118673631     169103721  1.425         628966            3.417        100.0
max_random_00              63.441620  120125870     160705682  1.338         667485            3.773        100.0
max_random_01              63.475063  120189757     159884520  1.330         666357            3.809        100.0
max_random_02              64.085712  121424179     160720964  1.324         669031            3.781        100.0
random_00                  49.796201   94356628     128766700  1.365         548093            3.904        100.0
random_01                  56.070527  106217348     139777899  1.316         559687            3.590        100.0
random_02                  24.402799   46240051      72874744  1.576         472835            6.749        100.0
random_03                  30.702641   58159556      68146736  1.172          93498            0.986        100.0
random_04                  24.355116   46070544      59048548  1.282         162116            2.178        100.0
small_00                    0.937715    1758645       1881841  1.070           7498            2.002        100.0
small_01                    0.930330    1745409       1799416  1.031           7153            1.962        100.0
small_02                    0.921981    1730237       1823214  1.054           7460            2.022        100.0
small_03                    0.948060    1779322       1923807  1.081           7259            1.920        100.0
small_04                    0.913795    1714735       1789536  1.044           6692            1.827        100.0
