case                   task-clock (ms)     cycles  instructions    IPC  branch-misses  branch-miss (%)  running (%)
max (many_query_0_00)       129.377646          -             -      -              -                -            -
sum                        1742.641126          -             -      -              -                -            -
example_00                    0.830539    1558019       1616358  1.037           5561            1.589        100.0
dense_00                     17.067744   32335877      54418838  1.683         110347            1.450        100.0
dense_01                     57.044517  108086608     181282716  1.677        1618397            8.503        100.0
dense_02                    116.798997  221327164     354318102  1.601        2860608            8.416        100.0
many_query_0_00             129.377646  245177767     477421379  1.947        2176945            6.060        100.0
many_query_0_01             128.024925  242605536     477533877  1.968        2174779            6.056        100.0
many_query_1_00              92.254974  174826686     232611400  1.331        2867061            8.684        100.0
many_query_1_01              92.270826  174860847     232826169  1.331        2869777            8.683        100.0
max_random_00               119.531303  226519114     359175631  1.586        2884918            8.404        100.0
max_random_01               119.595618  226636941     358384321  1.581        2890918            8.421        100.0
max_random_02               119.221176  225925151     359850934  1.593        2880414            8.388        100.0
near_0_and_N_00              89.869405  170278772     297178920  1.745        2286449            7.455        100.0
near_0_and_N_01              90.203079  170924319     297416466  1.740        2288976            7.459        100.0
query_0_then_1_00           114.456789  216879354     359418680  1.657        2717005            7.928        100.0
query_0_then_1_01           114.367948  216755275     359842190  1.660        2716092            7.914        100.0
random_00                    18.817111   35651877      57198506  1.604         457883            7.768        100.0
random_01                    20.929315   39655285      63675038  1.606         514675            7.930        100.0
random_02                    68.378461  129600676     211190392  1.630        1724920            8.512        100.0
random_03                    27.027173   51214135      83547798  1.631         676696            8.146        100.0
random_04                   118.546297  224635303     356476377  1.587        2866152            8.414        100.0
small_N_00                   13.476929   25529448      36460246  1.428         109897            1.924        100.0
small_N_01                   15.166944   28732476      38569632  1.342         219122            3.632        100.0
small_N_02                   17.154807   32500207      45262858  1.393         281292            3.993        100.0
small_N_03                   17.736625   33604265      44876622  1.335         333024            4.885        100.0
small_N_04                   19.198734   36375917      51078333  1.404         355289            4.567        100.0
small_Q_00                    0.887768    1665585       1624260  0.975           5325            1.505        100.0
small_Q_01                    0.873420    1637338       1618143  0.988           5236            1.488        100.0
small_Q_02                    0.891628    1673094       1626145  0.972           5487            1.552        100.0
small_Q_03                    0.871444    1633576       1624495  0.994           5301            1.502        100.0
small_Q_04                    0.893877    1676171       1625111  0.970           5447            1.541        100.0
small_Q_05                    0.875107    1640487       1619028  0.987           5219            1.482        100.0
