case                   task-clock (ms)     cycles  instructions    IPC  branch-misses  branch-miss (%)  running (%)
max (all_distinct_04)       111.521007          -             -      -              -                -            -
sum                        1441.013049          -             -      -              -                -            -
example_00                    0.892166    1672809       1672674  1.000           5566            1.548        100.0
example_01                    0.896180    1681228       1615307  0.961           5364            1.549        100.0
example_02                    0.880262    1651234       1712586  1.037           5692            1.542        100.0
example_03                    0.967572    1816084       1946032  1.072           6073            1.545        100.0
all_distinct_00             108.862793  206313845     500160454  2.424         290250            0.757        100.0
all_distinct_01             108.150532  204990109     495796343  2.419         286514            0.742        100.0
all_distinct_02             108.807630  206222216     500334742  2.426         287723            0.744        100.0
all_distinct_03             109.586995  207678663     503241795  2.423         292397            0.752        100.0
all_distinct_04             111.521007  211353688     512567945  2.425         292387            0.753        100.0
all_distinct_05             108.958920  206509421     500999513  2.426         290338            0.756        100.0
all_distinct_06             110.222946  208884392     508375149  2.434         290674            0.753        100.0
all_distinct_07             110.183693  208818978     506418606  2.425         293761            0.761        100.0
all_distinct_08             106.543987  201885435     486850008  2.412         285589            0.737        100.0
all_distinct_09             109.784813  208075228     504034123  2.422         293992            0.756        100.0
all_same_00                   5.495411   10399140      24151787  2.322          10646            1.107        100.0
deg0_00                       0.857912    1607776       1630158  1.014           5406            1.519        100.0
max_random_00                26.341503   49913338     119612064  2.396          75032            0.853        100.0
max_random_01                12.470594   23621010      57038396  2.415          41035            1.202        100.0
max_random_02                13.546809   25661020      61624771  2.401          44662            1.147        100.0
max_random_03                38.682516   73307650     176818152  2.412         105817            0.818        100.0
max_random_04                75.978626  143992097     351128220  2.439         186991            0.734        100.0
max_random_05                39.478628   74804327     180737549  2.416         108307            0.829        100.0
max_random_06                30.430049   57664907     137498481  2.384          87327            0.817        100.0
max_random_07                29.955630   56765562     135860035  2.393          86623            0.831        100.0
max_random_08                49.765360   94303315     226570593  2.403         138256            0.782        100.0
max_random_09                12.544773   23761990      57142697  2.405          41423            1.206        100.0
small_random_00               0.913138    1713776       1704765  0.995           5650            1.534        100.0
small_random_01               0.882177    1654671       1713292  1.035           5679            1.538        100.0
small_random_02               0.924462    1734554       1759850  1.015           5633            1.507        100.0
small_random_03               0.909958    1707885       1647079  0.964           5560            1.547        100.0
small_random_04               0.897386    1683397       1697554  1.008           5639            1.536        100.0
small_random_05               0.968379    1817392       1790454  0.985           5831            1.533        100.0
small_random_06               0.947567    1778847       1816695  1.021           5991            1.552        100.0
small_random_07               0.921775    1728970       1748943  1.012           5708            1.531        100.0
small_random_08               0.955488    1792950       1775237  0.990           5844            1.545        100.0
small_random_09               0.885412    1660771       1640676  0.988           5498            1.534        100.0
