case                               task-clock (ms)     cycles  instructions    IPC  branch-misses  branch-miss (%)  running (%)
max (random_many_sumquery_2_01)         243.423820          -             -      -              -                -            -
sum                                    2307.733023          -             -      -              -                -            -
example_00                                0.848262    1589557       1626031  1.023           5765            1.642        100.0
example_01                                0.821989    1539411       1593669  1.035           5379            1.573        100.0
binary_2_00                             224.695500  425744380     488616421  1.148        1297045            1.486        100.0
binary_2_01                             222.745790  421884853     488470785  1.158        1308456            1.499        100.0
line_1_00                                35.473240   67225889      70754109  1.052         313735            4.167        100.0
line_2_00                                35.921636   68047669      72101934  1.060         310634            4.045        100.0
random_large_1_00                       159.146886  301356265     278846907  0.925        2974001            6.045        100.0
random_large_2_00                       217.510243  412121445     357482391  0.867        4412639            6.879        100.0
random_many_addquery_2_00               183.539582  347605277     306572812  0.882        3264814            5.835        100.0
random_many_addquery_2_01               188.926528  357925362     316919580  0.885        3327736            5.733        100.0
random_many_sumquery_2_00               238.257385  451431621     395608226  0.876        5406365            7.736        100.0
random_many_sumquery_2_01               243.423820  461222175     412753321  0.895        5470745            7.483        100.0
random_max_1_00                         157.024404  297330293     274283508  0.922        2947174            6.111        100.0
random_max_2_00                         215.203577  407749056     351209195  0.861        4418633            7.018        100.0
random_medium_1_00                        2.359608    4454146       4883324  1.096          45681            5.013        100.0
random_medium_1_01                        1.958613    3694104       3948244  1.069          34865            4.659        100.0
random_medium_2_00                        2.488012    4698627       5196412  1.106          52490            5.432        100.0
random_medium_2_01                        2.110294    3981594       4271663  1.073          41888            5.196        100.0
random_medium_2_02                        2.008430    3788670       4048903  1.069          38268            4.995        100.0
random_medium_2_03                        2.074082    3913236       4168843  1.065          40595            5.157        100.0
random_medium_2_04                        2.437185    4601292       5003791  1.087          50389            5.419        100.0
random_medium_2_05                        2.642015    4990193       5451918  1.093          56899            5.630        100.0
random_medium_2_06                        2.666643    5036013       5508274  1.094          55811            5.481        100.0
random_medium_2_07                        2.463295    4651886       5009210  1.077          51477            5.523        100.0
random_small_tree_many_query_1_00        12.294652   23286949      26112337  1.121         265695            9.033        100.0
random_small_tree_many_query_1_01        12.832810   24307404      34795016  1.431         242232            6.668        100.0
random_small_tree_many_query_1_02        11.550678   21877329      34060682  1.557         157982            5.046        100.0
random_small_tree_many_query_1_03        10.190416   19275079      31722012  1.646         126849            3.929        100.0
random_small_tree_many_query_1_04        12.605857   23818347      26352919  1.106         284640            9.618        100.0
random_small_tree_many_query_2_00        12.701427   24058939      27129275  1.128         277469            9.255        100.0
random_small_tree_many_query_2_01        12.903815   24442349      35245847  1.442         240823            6.638        100.0
random_small_tree_many_query_2_02        11.432564   21653876      34582240  1.597         147545            4.724        100.0
random_small_tree_many_query_2_03        10.182527   19284517      31725729  1.645         126142            3.906        100.0
random_small_tree_many_query_2_04        12.765870   24180843      26950009  1.115         286799            9.612        100.0
uni_2_00                                 20.659293   39143478      45810753  1.170         277643            5.315        100.0
uni_2_01                                 20.866095   39535456      45840948  1.159         281504            5.388        100.0
