2026-10-01 lenovo / Intel(R) Core(TM) i5-10210U CPU @ 1.60GHz
Two complete passes per binary; per case minimum task-clock; all counters from that same run.
Unchanged binaries reuse their recorded passes; each section identifies its measurement batch.
Cases: 53, including examples. Units: ms. No CPU pinning.
Compiler: g++ (GCC) 16.2.1 20260819 (Red Hat 16.2.1-2); rustc 1.98.1 (48a229cea 2026-09-01)
Build host: master (old results); fedora (new submissions); glibc 2.43
Environment: Linux 7.2.8-200.fc44.x86_64; affinity [0, 1, 2, 3]; stack 268435456 bytes; bench_env OK.
cxx_flags.txt: -std=c++23 -DEVAL -DONLINE_JUDGE -Iinclude -O3 -fwhole-program -fno-exceptions -fno-rtti -march=x86-64-v3 -fno-pie -no-pie -nostdlib++ -static -lm -s
cpp_flags.txt: -std=c++23 -DEVAL -DONLINE_JUDGE -Iac-library -include cassert -O3 -fwhole-program -fno-exceptions -fno-rtti -march=x86-64-v3 -fno-pie -no-pie -static -lgmp -s
rust_flags.txt: -C opt-level=3 -C codegen-units=1 -C lto=fat -C panic=abort -C target-cpu=x86-64-v3 -C target-feature=+crt-static -C relocation-model=static -C link-arg=-Wl,-u,__cxa_thread_atexit_impl -C strip=symbols

solution                                max (ms)       sum (ms)
Anonymous                                 47.488577    1045.675170
QgQ                                       41.850244     942.031933
Qwerty1232                                50.346405    1115.903585
WS_TSKY                                   55.778254    1253.265099
Yuezheng_Ling_fans                        50.606357    1121.810329
main                                      41.090616     927.156651
Aiyiyi                                    35.559301     780.376899

submissions/convolution/convolution_mod/Anonymous.cpp
SHA-256: 937dccf69b77cf16e822d5a804f05bd7e3404ad61d35d181164b59d6e2533864
Measured: full-20261001, original two complete passes
case                    task-clock (ms)    cycles  instructions    IPC  branch-misses  branch-miss (%)  running (%)
max (max_random_01)           47.488577         -             -      -              -                -            -
sum                         1045.675170         -             -      -              -                -            -
example_00                     1.051027   1662279       2514401  1.513           7266            1.249        100.0
example_01                     1.028778   1626354       2520773  1.550           7290            1.245        100.0
all_same_00                   35.910533  57225245     160582589  2.806          14253            0.080        100.0
all_same_01                   44.543434  71089265     201833702  2.839          75455            0.387        100.0
all_same_02                   44.526873  70978465     201830858  2.844          74925            0.384        100.0
all_same_03                   44.287292  70578728     201848281  2.860          41875            0.215        100.0
fft_killer_00                 44.994830  71724850     201814554  2.814         135899            0.697        100.0
fft_killer_01                 44.992340  71721073     201828638  2.814         136054            0.697        100.0
fft_killer_02                 44.954070  71659736     201886823  2.817         136553            0.699        100.0
fft_killer_03                 45.019940  71765246     201899558  2.813         136405            0.698        100.0
fft_killer_04                 45.073225  71851254     201825918  2.809         136603            0.700        100.0
fft_killer_05                 44.906308  71584840     201882173  2.820         136267            0.698        100.0
fft_killer_06                 45.026709  71765281     202224662  2.818         137157            0.699        100.0
fft_killer_07                 45.172940  72009042     201846645  2.803         135915            0.697        100.0
fft_killer_08                 44.977512  71781851     201824091  2.812         135980            0.697        100.0
fft_killer_09                 45.225199  72177087     201855940  2.797         136293            0.698        100.0
max_ans_zero_00               47.414019  75568429     201767453  2.670         265499            1.367        100.0
max_random_00                 47.354646  75577683     201784205  2.670         263942            1.359        100.0
max_random_01                 47.488577  75689950     201757432  2.666         264815            1.365        100.0
medium_00                      1.714911   2721799       4806025  1.766          10981            1.365        100.0
medium_01                      1.422367   2255160       3858243  1.711           9386            1.284        100.0
medium_02                      1.654444   2625912       4676149  1.781          10750            1.351        100.0
medium_all_zero_00             1.498220   2375829       4082556  1.718           7843            1.030        100.0
medium_pre_suf_zero_00         1.135522   1797181       2801020  1.559           7846            1.293        100.0
medium_pre_suf_zero_01         1.146004   1814566       2842289  1.566           8035            1.293        100.0
medium_pre_suf_zero_02         1.146094   1814286       2680846  1.478           7527            1.258        100.0
medium_pre_suf_zero_03         1.117975   1769454       2676701  1.513           7492            1.254        100.0
medium_pre_suf_zero_04         1.150095   1819762       2806963  1.542           7955            1.309        100.0
random_00                     41.969332  66953275     175847862  2.626         205178            1.299        100.0
random_01                     43.605432  69507951     183699890  2.643         222609            1.319        100.0
random_02                     21.501065  34308152      90625504  2.642         114412            1.326        100.0
signed_overflow_00             1.029739   1628515       2486885  1.527           7268            1.277        100.0
small_00                       1.058045   1673238       2477915  1.481           7301            1.285        100.0
small_01                       1.087309   1720043       2520925  1.466           7268            1.241        100.0
small_02                       1.049300   1659062       2525536  1.522           7250            1.236        100.0
small_03                       1.067140   1687638       2478823  1.469           7342            1.292        100.0
small_04                       1.053741   1666754       2485836  1.491           7236            1.265        100.0
small_05                       1.062874   1680277       2477816  1.475           7297            1.284        100.0
small_06                       1.102963   1745053       2474425  1.418           7206            1.269        100.0
small_07                       1.087637   1721111       2473786  1.437           7274            1.281        100.0
small_08                       1.055857   1670641       2474430  1.481           7261            1.279        100.0
small_09                       1.041898   1647824       2474190  1.501           7261            1.279        100.0
small_10                       1.087539   1720300       2508630  1.458           7139            1.225        100.0
small_11                       1.070289   1693193       2527297  1.493           7284            1.242        100.0
small_12                       1.055303   1668651       2475757  1.484           7306            1.287        100.0
small_13                       1.074359   1699900       2522795  1.484           7308            1.247        100.0
small_14                       1.086347   1718442       2528486  1.471           7354            1.254        100.0
small_15                       1.069242   1692265       2481569  1.466           7342            1.291        100.0
small_and_large_00            35.700381  56889352     146901822  2.582         136744            1.161        100.0
small_and_large_01            35.700273  56889507     146985514  2.584         137054            1.163        100.0
small_and_large_02            36.086723  57489615     147408683  2.564         143118            1.216        100.0
small_and_large_03            35.983643  57340663     147524817  2.573         142363            1.207        100.0
unsigned_overflow_00           1.054855   1668580       2516336  1.508           7371            1.262        100.0

submissions/convolution/convolution_mod/QgQ.cpp
SHA-256: 4f25c2be3e7cd810673f300e46a1c08c821c62447a229d53bebbebb84914bdd5
Measured: full-20261001, original two complete passes
case                    task-clock (ms)    cycles  instructions    IPC  branch-misses  branch-miss (%)  running (%)
max (all_same_00)             41.850244         -             -      -              -                -            -
sum                          942.031933         -             -      -              -                -            -
example_00                     0.995682   1574166       2491625  1.583           6804            1.174        100.0
example_01                     1.011718   1599449       2488448  1.556           6778            1.170        100.0
all_same_00                   41.850244  66791145     181511010  2.718          15815            0.114        100.0
all_same_01                   37.672054  60102152     162885010  2.710          19543            0.204        100.0
all_same_02                   37.478540  59812302     162872701  2.723          16365            0.171        100.0
all_same_03                   37.865001  60344556     162872570  2.699          31173            0.326        100.0
fft_killer_00                 39.183579  62534674     162873014  2.605         121657            1.271        100.0
fft_killer_01                 39.204778  62550174     162911534  2.604         122116            1.274        100.0
fft_killer_02                 39.216441  62586687     162829100  2.602         121807            1.274        100.0
fft_killer_03                 39.227929  62605156     162834624  2.601         121785            1.274        100.0
fft_killer_04                 39.357130  62696521     162840091  2.597         122354            1.280        100.0
fft_killer_05                 39.141436  62381351     162868185  2.611         122075            1.275        100.0
fft_killer_06                 39.220549  62592747     162883416  2.602         121664            1.270        100.0
fft_killer_07                 39.273486  62592247     162857294  2.602         121124            1.265        100.0
fft_killer_08                 39.349628  62770939     162845009  2.594         122352            1.279        100.0
fft_killer_09                 39.282621  62673801     162873605  2.599         121601            1.270        100.0
max_ans_zero_00               41.547388  66307193     164844653  2.486         231604            2.271        100.0
max_random_00                 41.626835  66408791     164857216  2.482         230617            2.261        100.0
max_random_01                 41.568516  66324144     164826726  2.485         230340            2.259        100.0
medium_00                      1.563908   2481096       4383772  1.767          10097            1.446        100.0
medium_01                      1.355640   2148943       3588501  1.670           9198            1.381        100.0
medium_02                      1.552304   2462555       4282197  1.739           9844            1.433        100.0
medium_all_zero_00             1.491937   2365602       4395955  1.858           7651            1.073        100.0
medium_pre_suf_zero_00         1.113468   1762709       2743248  1.556           7469            1.247        100.0
medium_pre_suf_zero_01         1.107729   1751992       2741124  1.565           7351            1.228        100.0
medium_pre_suf_zero_02         1.065648   1686325       2709017  1.606           6951            1.182        100.0
medium_pre_suf_zero_03         1.108873   1753846       2753627  1.570           7065            1.171        100.0
medium_pre_suf_zero_04         1.089401   1724249       2705145  1.569           7432            1.271        100.0
random_00                     38.394037  61255391     149692413  2.444         178960            2.030        100.0
random_01                     39.329853  62748221     154191980  2.457         193471            2.100        100.0
random_02                     19.774067  31550586      76439751  2.423         101752            2.028        100.0
signed_overflow_00             1.007027   1592284       2509073  1.576           6905            1.188        100.0
small_00                       1.051505   1663123       2494199  1.500           6801            1.172        100.0
small_01                       0.979823   1549205       2446535  1.579           6872            1.222        100.0
small_02                       1.019631   1612544       2458911  1.525           6939            1.224        100.0
small_03                       1.024125   1618881       2444801  1.510           6803            1.211        100.0
small_04                       1.020416   1613344       2494573  1.546           6872            1.184        100.0
small_05                       1.029898   1628947       2495577  1.532           6856            1.181        100.0
small_06                       1.047899   1657006       2493782  1.505           6791            1.171        100.0
small_07                       1.012336   1600773       2445715  1.528           6828            1.215        100.0
small_08                       1.007752   1593552       2422081  1.520           6625            1.189        100.0
small_09                       1.012540   1600844       2443561  1.526           6782            1.208        100.0
small_10                       0.999316   1580342       2475118  1.566           6693            1.162        100.0
small_11                       1.019831   1611695       2441460  1.515           6730            1.200        100.0
small_12                       1.016325   1607218       2489013  1.549           6775            1.169        100.0
small_13                       1.028436   1626636       2496649  1.535           6849            1.180        100.0
small_14                       1.058762   1674980       2438670  1.456           6730            1.200        100.0
small_15                       1.005912   1590622       2441145  1.535           6786            1.209        100.0
small_and_large_00            35.184031  56132648     132579746  2.362         121873            1.673        100.0
small_and_large_01            35.164952  56118531     132630378  2.363         122264            1.677        100.0
small_and_large_02            35.106080  56024973     132575864  2.366         121728            1.671        100.0
small_and_large_03            35.205219  56182889     132615938  2.360         121400            1.666        100.0
unsigned_overflow_00           1.009697   1596648       2496978  1.564           6809            1.174        100.0

submissions/convolution/convolution_mod/Qwerty1232.cpp
SHA-256: ca5f0154034ac3e374a6aa30b7e13162e70cf22d29b5201594c6e02d84a3dcf4
Measured: full-20261001, original two complete passes
case                    task-clock (ms)    cycles  instructions    IPC  branch-misses  branch-miss (%)  running (%)
max (max_random_01)           50.346405         -             -      -              -                -            -
sum                         1115.903585         -             -      -              -                -            -
example_00                     1.057604   1673058       2524399  1.509           7244            1.235        100.0
example_01                     1.016166   1607247       2476081  1.541           7305            1.287        100.0
all_same_00                   39.145838  62473642     166183504  2.660          14640            0.077        100.0
all_same_01                   47.116587  75111210     206996521  2.756          71358            0.343        100.0
all_same_02                   47.125629  75127165     206963878  2.755          71731            0.345        100.0
all_same_03                   46.956854  74858085     206960168  2.765          43995            0.212        100.0
fft_killer_00                 47.692095  76032281     206977657  2.722         135695            0.653        100.0
fft_killer_01                 47.747744  76119672     206948271  2.719         135312            0.651        100.0
fft_killer_02                 47.780277  76153151     207011567  2.718         136112            0.654        100.0
fft_killer_03                 47.689963  76112174     207027072  2.720         136025            0.654        100.0
fft_killer_04                 47.762247  76142777     206998233  2.719         136019            0.654        100.0
fft_killer_05                 47.819375  76233438     206933848  2.714         135645            0.653        100.0
fft_killer_06                 47.620398  75917724     206998399  2.727         135998            0.654        100.0
fft_killer_07                 47.823248  76240285     206989125  2.715         134738            0.648        100.0
fft_killer_08                 47.805580  76297237     206983555  2.713         135537            0.652        100.0
fft_killer_09                 48.040925  76672441     206957291  2.699         135366            0.651        100.0
max_ans_zero_00               50.294961  80185975     206911079  2.580         261535            1.264        100.0
max_random_00                 50.339115  80327683     206864043  2.575         261073            1.263        100.0
max_random_01                 50.346405  80353480     206871738  2.575         260553            1.260        100.0
medium_00                      1.700149   2699204       4875698  1.806          10865            1.318        100.0
medium_01                      1.476166   2330292       3885105  1.667           9694            1.348        100.0
medium_02                      1.677424   2662935       4705665  1.767          10700            1.338        100.0
medium_all_zero_00             1.539815   2443094       4163573  1.704           8002            1.024        100.0
medium_pre_suf_zero_00         1.176766   1863217       2811056  1.509           8138            1.346        100.0
medium_pre_suf_zero_01         1.153717   1826522       2827533  1.548           8161            1.339        100.0
medium_pre_suf_zero_02         1.114196   1763317       2696372  1.529           7532            1.258        100.0
medium_pre_suf_zero_03         1.105749   1749557       2689513  1.537           7534            1.261        100.0
medium_pre_suf_zero_04         1.173200   1857671       2870649  1.545           8133            1.302        100.0
random_00                     44.958253  71750959     180698012  2.518         202864            1.189        100.0
random_01                     46.625358  74327911     188680625  2.538         219406            1.208        100.0
random_02                     23.811324  37979119      94510757  2.488         114287            1.294        100.0
signed_overflow_00             1.091199   1726054       2485842  1.440           7315            1.286        100.0
small_00                       1.081884   1711357       2473114  1.445           7237            1.275        100.0
small_01                       1.047148   1656398       2483857  1.500           7390            1.298        100.0
small_02                       1.087490   1720375       2479717  1.441           7271            1.279        100.0
small_03                       1.040725   1646007       2483107  1.509           7398            1.300        100.0
small_04                       1.069219   1691555       2480119  1.466           7433            1.307        100.0
small_05                       1.061705   1679752       2485210  1.480           7298            1.276        100.0
small_06                       1.044724   1652467       2474073  1.497           7217            1.271        100.0
small_07                       1.075948   1702086       2474831  1.454           7307            1.286        100.0
small_08                       1.087795   1721296       2525220  1.467           7290            1.243        100.0
small_09                       1.068273   1690312       2474927  1.464           7219            1.271        100.0
small_10                       1.041993   1648079       2475106  1.502           7282            1.282        100.0
small_11                       1.065755   1685905       2529668  1.500           7372            1.256        100.0
small_12                       1.082422   1713080       2477360  1.446           7319            1.287        100.0
small_13                       1.080036   1709048       2479572  1.451           7250            1.275        100.0
small_14                       1.088151   1721691       2531617  1.470           7490            1.275        100.0
small_15                       1.036765   1639846       2479675  1.512           7362            1.295        100.0
small_and_large_00            39.502662  63043556     151454054  2.402         137454            1.054        100.0
small_and_large_01            39.548555  63116179     151516532  2.401         138281            1.060        100.0
small_and_large_02            39.474891  62998000     151966644  2.412         138325            1.061        100.0
small_and_large_03            39.491673  63025879     152063055  2.413         138088            1.058        100.0
unsigned_overflow_00           1.041444   1646576       2533841  1.539           7287            1.241        100.0

submissions/convolution/convolution_mod/WS_TSKY.cpp
SHA-256: e86efa0ebc68b6efa0629806cfc7cf7e39559c4ee461bc870f6f2c3c5d6ca50a
Measured: full-20261001, original two complete passes
case                    task-clock (ms)    cycles  instructions    IPC  branch-misses  branch-miss (%)  running (%)
max (max_ans_zero_00)         55.778254         -             -      -              -                -            -
sum                         1253.265099         -             -      -              -                -            -
example_00                     1.540657   2444002       3173761  1.299           7230            1.065        100.0
example_01                     1.522788   2415297       3227415  1.336           7320            1.048        100.0
all_same_00                   43.834775  69956865     164622738  2.353          13679            0.078        100.0
all_same_01                   52.439071  83694503     207475645  2.479          76225            0.397        100.0
all_same_02                   52.392477  83620126     207446025  2.481          72734            0.379        100.0
all_same_03                   52.300824  83455666     207453839  2.486          41135            0.214        100.0
fft_killer_00                 53.357958  85123066     207493219  2.438         135135            0.703        100.0
fft_killer_01                 53.221196  84941879     207429569  2.442         134205            0.699        100.0
fft_killer_02                 52.980908  84558055     207461211  2.453         135122            0.703        100.0
fft_killer_03                 53.302631  85053104     207446650  2.439         134647            0.701        100.0
fft_killer_04                 52.917140  84455854     207430486  2.456         135505            0.706        100.0
fft_killer_05                 53.216213  84933741     207441820  2.442         134921            0.703        100.0
fft_killer_06                 52.900809  84429958     207444367  2.457         135692            0.707        100.0
fft_killer_07                 53.371569  85182994     207437564  2.435         134179            0.699        100.0
fft_killer_08                 53.148052  84810745     207425845  2.446         135194            0.704        100.0
fft_killer_09                 53.469317  85319873     207448021  2.431         134719            0.702        100.0
max_ans_zero_00               55.778254  89022957     207330653  2.329         260774            1.366        100.0
max_random_00                 55.684063  88857004     207343144  2.333         260162            1.362        100.0
max_random_01                 55.672575  88855199     207330597  2.333         259597            1.360        100.0
medium_00                      2.232842   3548090       5504514  1.551          10766            1.180        100.0
medium_01                      1.965350   3121599       4545598  1.456           9932            1.195        100.0
medium_02                      2.199678   3495908       5337141  1.527          10497            1.184        100.0
medium_all_zero_00             2.047661   3252605       4815454  1.480           7863            0.888        100.0
medium_pre_suf_zero_00         1.641715   2605514       3500495  1.343           7890            1.099        100.0
medium_pre_suf_zero_01         1.650033   2619028       3548404  1.355           7872            1.073        100.0
medium_pre_suf_zero_02         1.639875   2602412       3426668  1.317           7361            1.012        100.0
medium_pre_suf_zero_03         1.612934   2559798       3370446  1.317           7115            1.006        100.0
medium_pre_suf_zero_04         1.636972   2597364       3540761  1.363           7790            1.064        100.0
random_00                     50.125901  80001377     181637271  2.270         201927            1.305        100.0
random_01                     51.846891  82747930     189489605  2.290         218854            1.322        100.0
random_02                     25.897087  41324758      93654704  2.266         113996            1.319        100.0
signed_overflow_00             1.577282   2503055       3218855  1.286           7154            1.029        100.0
small_00                       1.556929   2469823       3187968  1.291           7273            1.064        100.0
small_01                       1.570059   2489960       3228974  1.297           7297            1.045        100.0
small_02                       1.568228   2486678       3221985  1.296           7248            1.040        100.0
small_03                       1.582372   2509617       3181874  1.268           7207            1.056        100.0
small_04                       1.579341   2506260       3190713  1.273           7310            1.069        100.0
small_05                       1.545910   2452428       3219089  1.313           7078            1.017        100.0
small_06                       1.587944   2519433       3178934  1.262           7317            1.076        100.0
small_07                       1.560195   2474877       3179521  1.285           7332            1.078        100.0
small_08                       1.553523   2464452       3222773  1.308           7228            1.037        100.0
small_09                       1.568371   2488781       3221771  1.295           7185            1.031        100.0
small_10                       1.586543   2517058       3176393  1.262           7198            1.060        100.0
small_11                       1.588594   2519644       3184951  1.264           7226            1.058        100.0
small_12                       1.563379   2480800       3181428  1.282           7378            1.084        100.0
small_13                       1.554961   2467782       3215150  1.303           7140            1.026        100.0
small_14                       1.542984   2448043       3174062  1.297           7205            1.060        100.0
small_15                       1.589924   2522984       3178548  1.260           7220            1.062        100.0
small_and_large_00            44.279400  70668177     152470945  2.158         137390            1.199        100.0
small_and_large_01            44.264073  70644525     152551531  2.159         138089            1.204        100.0
small_and_large_02            44.404921  70867623     154028815  2.173         136207            1.189        100.0
small_and_large_03            44.543403  71089103     154154361  2.168         136340            1.188        100.0
unsigned_overflow_00           1.548547   2456540       3184954  1.297           7387            1.085        100.0

submissions/convolution/convolution_mod/Yuezheng_Ling_fans.cpp
SHA-256: e5427dbc2f37700d292f51023870fbf9dbf272d7cd3733f71055c30719db98c6
Measured: full-20261001, original two complete passes
case                    task-clock (ms)    cycles  instructions    IPC  branch-misses  branch-miss (%)  running (%)
max (max_random_01)           50.606357         -             -      -              -                -            -
sum                         1121.810329         -             -      -              -                -            -
example_00                     1.042957   1649439       2477474  1.502           7247            1.273        100.0
example_01                     1.055244   1669095       2526657  1.514           7248            1.234        100.0
all_same_00                   38.768786  61788047     159915365  2.588          13629            0.076        100.0
all_same_01                   47.641467  75933303     201725894  2.657          77881            0.397        100.0
all_same_02                   47.642544  75907554     201753706  2.658          76055            0.387        100.0
all_same_03                   47.419257  75596005     201684802  2.668          46056            0.235        100.0
fft_killer_00                 48.186581  76820342     201712690  2.626         135759            0.692        100.0
fft_killer_01                 48.109686  76697597     201700251  2.630         135187            0.689        100.0
fft_killer_02                 48.206014  76916536     201713861  2.623         136634            0.696        100.0
fft_killer_03                 48.244519  76913263     201629090  2.622         135704            0.692        100.0
fft_killer_04                 48.297787  77082775     201639714  2.616         134849            0.688        100.0
fft_killer_05                 48.315311  77009208     201691518  2.619         136124            0.694        100.0
fft_killer_06                 48.165960  76767461     201712598  2.628         136306            0.694        100.0
fft_killer_07                 48.304828  77008314     201637470  2.618         135278            0.690        100.0
fft_killer_08                 48.155131  76770465     201688568  2.627         135779            0.692        100.0
fft_killer_09                 48.375826  77081330     201682743  2.616         136005            0.693        100.0
max_ans_zero_00               50.517056  80625612     201525801  2.500         261606            1.342        100.0
max_random_00                 50.498207  80594831     201581888  2.501         262156            1.344        100.0
max_random_01                 50.606357  80656418     201576759  2.499         262388            1.345        100.0
medium_00                      1.740810   2763080       4862438  1.760          11043            1.335        100.0
medium_01                      1.422187   2255130       3821517  1.695           9395            1.311        100.0
medium_02                      1.692305   2685785       4632334  1.725          10657            1.363        100.0
medium_all_zero_00             1.524589   2418045       4135602  1.710           7951            1.015        100.0
medium_pre_suf_zero_00         1.147860   1816874       2846945  1.567           7993            1.283        100.0
medium_pre_suf_zero_01         1.148588   1818808       2856216  1.570           8144            1.304        100.0
medium_pre_suf_zero_02         1.104899   1748234       2726556  1.560           7375            1.196        100.0
medium_pre_suf_zero_03         1.138368   1801716       2683073  1.489           7464            1.245        100.0
medium_pre_suf_zero_04         1.150097   1820287       2803331  1.540           7855            1.298        100.0
random_00                     45.154329  71979976     175348406  2.436         203365            1.282        100.0
random_01                     46.783649  74580411     183393413  2.459         220989            1.301        100.0
random_02                     23.166421  36966451      90488787  2.448         115390            1.328        100.0
signed_overflow_00             1.059309   1675984       2493346  1.488           7375            1.292        100.0
small_00                       1.099850   1739721       2532351  1.456           7378            1.254        100.0
small_01                       1.077045   1703155       2484557  1.459           7300            1.280        100.0
small_02                       1.054671   1668495       2476031  1.484           7200            1.266        100.0
small_03                       1.060649   1677468       2483784  1.481           7400            1.298        100.0
small_04                       1.069798   1693132       2484175  1.467           7262            1.274        100.0
small_05                       1.086734   1719584       2483225  1.444           7362            1.291        100.0
small_06                       1.055521   1669600       2476357  1.483           7182            1.263        100.0
small_07                       1.090426   1726059       2475766  1.434           7197            1.265        100.0
small_08                       1.084928   1717004       2477734  1.443           7214            1.268        100.0
small_09                       1.081983   1711001       2532418  1.480           7225            1.228        100.0
small_10                       1.062977   1680697       2527605  1.504           7229            1.230        100.0
small_11                       1.046463   1654738       2492627  1.506           7329            1.277        100.0
small_12                       1.087687   1720518       2526123  1.468           7294            1.242        100.0
small_13                       1.090266   1724517       2487582  1.442           7368            1.291        100.0
small_14                       1.078078   1704436       2532973  1.486           7277            1.237        100.0
small_15                       1.033169   1634024       2478947  1.517           7241            1.272        100.0
small_and_large_00            39.555168  63109011     146184695  2.316         139390            1.175        100.0
small_and_large_01            39.584103  63088205     146280214  2.319         139490            1.174        100.0
small_and_large_02            39.308908  62733509     146722230  2.339         137031            1.154        100.0
small_and_large_03            39.362780  62819290     146832545  2.337         136749            1.150        100.0
unsigned_overflow_00           1.052196   1664493       2530923  1.521           7277            1.238        100.0

src/convolution/convolution_mod/main.cxx
SHA-256: d4200b3e812c40f10172c2008e6a8f968aed0334e6044826ffda4e7b674ff4ca
Measured: full-20261001, original two complete passes
case                    task-clock (ms)    cycles  instructions    IPC  branch-misses  branch-miss (%)  running (%)
max (max_random_01)           41.090616         -             -      -              -                -            -
sum                          927.156651         -             -      -              -                -            -
example_00                     0.756881   1193258       1725199  1.446           5284            1.378        100.0
example_01                     0.800297   1261805       1756293  1.392           5556            1.425        100.0
all_same_00                   35.995564  57331796     159671030  2.785          13523            0.110        100.0
all_same_01                   39.247046  62551575     176073782  2.815          13102            0.104        100.0
all_same_02                   39.476954  62898425     176097508  2.800          13691            0.109        100.0
all_same_03                   39.471307  62882703     176006237  2.799          13616            0.108        100.0
fft_killer_00                 39.360404  62798847     176091189  2.804          14145            0.112        100.0
fft_killer_01                 39.396996  62789632     176017612  2.803          13275            0.106        100.0
fft_killer_02                 39.568680  63062917     176057626  2.792          13187            0.105        100.0
fft_killer_03                 39.358234  62702744     176067218  2.808          14005            0.111        100.0
fft_killer_04                 39.544107  63007533     176020270  2.794          13751            0.109        100.0
fft_killer_05                 39.362188  62733690     176053355  2.806          13073            0.104        100.0
fft_killer_06                 39.478161  62919730     176051397  2.798          13733            0.109        100.0
fft_killer_07                 39.555093  63023186     176077034  2.794          14014            0.111        100.0
fft_killer_08                 39.487159  63018458     176053919  2.794          13240            0.105        100.0
fft_killer_09                 39.698676  63355975     176029556  2.778          13288            0.106        100.0
max_ans_zero_00               41.046667  65423204     175349332  2.680         122947            0.980        100.0
max_random_00                 41.061439  65429921     175368497  2.680         123552            0.985        100.0
max_random_01                 41.090616  65493017     175394769  2.678         123221            0.981        100.0
medium_00                      1.338228   2120803       3798905  1.791           7211            1.310        100.0
medium_01                      1.085467   1716203       2911316  1.696           6706            1.371        100.0
medium_02                      1.305816   2068673       3723853  1.800           7153            1.286        100.0
medium_all_zero_00             1.166600   1846133       3353163  1.816           5757            1.068        100.0
medium_pre_suf_zero_00         0.904585   1429070       2085161  1.459           6101            1.411        100.0
medium_pre_suf_zero_01         0.901209   1423265       2096113  1.473           6113            1.406        100.0
medium_pre_suf_zero_02         0.874132   1379835       1990005  1.442           5749            1.351        100.0
medium_pre_suf_zero_03         0.886064   1398961       1934933  1.383           5679            1.398        100.0
medium_pre_suf_zero_04         0.927477   1463700       2083069  1.423           6106            1.413        100.0
random_00                     37.584443  59866740     157829124  2.636          98255            0.893        100.0
random_01                     38.555321  61446465     163136378  2.655         104821            0.914        100.0
random_02                     18.947883  30231603      80328061  2.657          56441            0.960        100.0
signed_overflow_00             0.835041   1318014       1811434  1.374           5609            1.376        100.0
small_00                       0.828467   1306979       1745188  1.335           5310            1.371        100.0
small_01                       0.840859   1326799       1754265  1.322           5506            1.414        100.0
small_02                       0.834651   1316177       1750591  1.330           5291            1.355        100.0
small_03                       0.819783   1293624       1765990  1.365           5588            1.420        100.0
small_04                       0.816902   1287903       1767517  1.372           5576            1.415        100.0
small_05                       0.836897   1320878       1805348  1.367           5579            1.368        100.0
small_06                       0.805211   1269060       1798612  1.417           5307            1.306        100.0
small_07                       0.807106   1272755       1748603  1.374           5392            1.389        100.0
small_08                       0.830210   1309544       1805746  1.379           5558            1.362        100.0
small_09                       0.814960   1285154       1748544  1.361           5472            1.409        100.0
small_10                       0.844518   1333008       1758865  1.319           5555            1.424        100.0
small_11                       0.820449   1294302       1793316  1.386           5336            1.315        100.0
small_12                       0.841847   1328213       1754095  1.321           5525            1.419        100.0
small_13                       0.783393   1234001       1742271  1.412           5270            1.362        100.0
small_14                       0.801000   1263789       1748464  1.384           5460            1.406        100.0
small_15                       0.824638   1301356       1734701  1.333           5479            1.422        100.0
small_and_large_00            33.570548  53489455     138124159  2.582          67430            0.731        100.0
small_and_large_01            33.495864  53454418     138258221  2.586          68082            0.736        100.0
small_and_large_02            33.507473  53388646     138200021  2.589          68041            0.736        100.0
small_and_large_03            33.548619  53454346     138234268  2.586          68427            0.740        100.0
unsigned_overflow_00           0.814521   1284638       1754901  1.366           5541            1.425        100.0

submissions/convolution/convolution_mod/Aiyiyi.cpp
SHA-256: 58bd7d14a8525d8ccd664a707b35eee2521b7228715d26607a1787c7694d8be1
Measured: new-submissions-20261001, two complete passes
case                    task-clock (ms)    cycles  instructions    IPC  branch-misses  branch-miss (%)  running (%)
max (max_random_00)           35.559301         -             -      -              -                -            -
sum                          780.376899         -             -      -              -                -            -
example_00                     1.054050   1667456       2060961  1.236           6952            1.520        100.0
example_01                     1.007725   1592027       1874082  1.177           6531            1.555        100.0
all_same_00                   29.731267  47334343     129580104  2.738           9877            0.080        100.0
all_same_01                   31.088863  49526681     135672763  2.739          16611            0.138        100.0
all_same_02                   31.187096  49684774     135659596  2.730          13831            0.115        100.0
all_same_03                   31.418098  50053703     135681292  2.711          28124            0.234        100.0
fft_killer_00                 32.578203  51905415     135661152  2.614         118064            0.982        100.0
fft_killer_01                 32.743516  52133731     135665851  2.602         118525            0.986        100.0
fft_killer_02                 32.593619  51931369     135646680  2.612         118735            0.988        100.0
fft_killer_03                 32.588993  51922829     135670260  2.613         118426            0.985        100.0
fft_killer_04                 32.753812  52185037     135659987  2.600         118859            0.989        100.0
fft_killer_05                 32.544935  51853073     135652585  2.616         118448            0.986        100.0
fft_killer_06                 32.549985  51860033     135645449  2.616         118458            0.986        100.0
fft_killer_07                 32.512207  51799949     135632598  2.618         117913            0.982        100.0
fft_killer_08                 32.593574  51894836     135674057  2.614         119185            0.991        100.0
fft_killer_09                 32.583993  51913645     135663338  2.613         118006            0.982        100.0
max_ans_zero_00               35.489966  56553104     141639590  2.505         231013            1.755        100.0
max_random_00                 35.559301  56604666     141673701  2.503         231376            1.757        100.0
max_random_01                 35.552172  56652381     141626904  2.500         230307            1.750        100.0
medium_00                      1.414442   2241980       3515283  1.568           9133            1.587        100.0
medium_01                      1.270059   2012754       2804723  1.393           8402            1.630        100.0
medium_02                      1.413782   2241517       3400203  1.517           9045            1.621        100.0
medium_all_zero_00             1.308312   2073225       3215647  1.551           6813            1.257        100.0
medium_pre_suf_zero_00         1.083299   1713482       2084967  1.217           7121            1.623        100.0
medium_pre_suf_zero_01         1.093343   1729934       2097587  1.213           7223            1.631        100.0
medium_pre_suf_zero_02         1.063909   1682878       2036146  1.210           6596            1.520        100.0
medium_pre_suf_zero_03         1.040619   1645704       2027157  1.232           6634            1.535        100.0
medium_pre_suf_zero_04         1.072565   1697161       2077374  1.224           7085            1.621        100.0
random_00                     31.987834  50962924     124415360  2.441         178136            1.724        100.0
random_01                     33.109064  52752623     129659267  2.458         193087            1.726        100.0
random_02                     16.412058  26183676      64234051  2.453         100522            1.740        100.0
signed_overflow_00             1.001390   1582801       1864632  1.178           6554            1.585        100.0
small_00                       0.993342   1570383       1847333  1.176           6457            1.572        100.0
small_01                       1.013372   1602349       1874537  1.170           6462            1.537        100.0
small_02                       1.007315   1592283       1856428  1.166           6428            1.558        100.0
small_03                       1.010849   1597970       1871744  1.171           6623            1.578        100.0
small_04                       1.063854   1682682       1865179  1.108           6612            1.594        100.0
small_05                       1.018333   1610568       1870299  1.161           6568            1.576        100.0
small_06                       1.023702   1618325       1882671  1.163           6582            1.560        100.0
small_07                       1.044316   1650877       1857039  1.125           6439            1.560        100.0
small_08                       1.014106   1602891       1868058  1.165           6545            1.571        100.0
small_09                       1.001002   1582093       1881762  1.189           6635            1.573        100.0
small_10                       1.022605   1616608       1871580  1.158           6391            1.524        100.0
small_11                       1.011166   1598795       1872536  1.171           6528            1.555        100.0
small_12                       1.008493   1593865       1871621  1.174           6515            1.553        100.0
small_13                       1.024331   1619250       1868750  1.154           6534            1.568        100.0
small_14                       1.021067   1614757       1883547  1.166           6555            1.553        100.0
small_15                       1.018681   1610577       1868074  1.160           6660            1.599        100.0
small_and_large_00            27.799928  44260722     104888275  2.370         120974            1.686        100.0
small_and_large_01            27.853446  44363255     104973329  2.366         121499            1.689        100.0
small_and_large_02            27.996443  44592433     105594246  2.368         120308            1.675        100.0
small_and_large_03            28.004388  44604773     105626324  2.368         120140            1.672        100.0
unsigned_overflow_00           1.024109   1619969       1851579  1.143           6552            1.593        100.0
