case                 task-clock (ms)   cycles  instructions    IPC  branch-misses  branch-miss (%)  running (%)
max (max_random_00)         0.914073        -             -      -              -                -            -
sum                        14.125803        -             -      -              -                -            -
example_00                  0.865078  1621946       1603199  0.988           5425            1.563        100.0
example_01                  0.879430  1649112       1606732  0.974           5403            1.539        100.0
hack0_00                    0.876420  1643144       1631231  0.993           5540            1.584        100.0
handmade_00                 0.887846  1664828       1620643  0.973           5293            1.496        100.0
many_maximals_00            0.879562  1649146       1594508  0.967           5450            1.582        100.0
max_random_00               0.914073  1714046       1649102  0.962           5525            1.573        100.0
max_random_01               0.862565  1616912       1628543  1.007           5625            1.604        100.0
max_random_02               0.907804  1703791       1660563  0.975           6305            1.789        100.0
max_random_03               0.889831  1667978       1657437  0.994           6236            1.763        100.0
max_random_04               0.907110  1701476       1648400  0.969           5540            1.557        100.0
one_two_00                  0.862894  1617579       1618726  1.001           5441            1.551        100.0
random_00                   0.898089  1685069       1637757  0.972           5582            1.572        100.0
random_01                   0.856571  1605269       1616089  1.007           5535            1.576        100.0
random_02                   0.905301  1697343       1636814  0.964           5597            1.570        100.0
random_03                   0.884912  1659126       1610115  0.970           5374            1.534        100.0
random_04                   0.848317  1590333       1627042  1.023           5511            1.554        100.0
