case             task-clock (ms)     cycles  instructions    IPC  branch-misses  branch-miss (%)  running (%)
max (max_06)           64.170732          -             -      -              -                -            -
sum                  1012.287253          -             -      -              -                -            -
example_00              0.886608    1662975       1608694  0.967           5488            1.593        100.0
many_query_0_00        51.477068   97504370     160087262  1.642         164189            0.847        100.0
many_query_0_01        52.643677   99751827     159212973  1.596         270539            1.407        100.0
many_query_0_02        53.120559  100435069     151226550  1.506         254033            1.357        100.0
many_query_0_03        61.797368  117003454      96913115  0.828         414630            2.666        100.0
many_query_1_00        40.954608   77499273     131524664  1.697          64961            0.416        100.0
many_query_1_01        41.533451   78690546     127884182  1.625          75287            0.481        100.0
many_query_1_02        42.580959   80562919     127751222  1.586          80324            0.514        100.0
many_query_1_03        55.339838  104885470     114023722  1.087         435745            2.941        100.0
max_00                 49.119294   93074141     146182142  1.571         230675            1.317        100.0
max_01                 48.830176   92546151     145711504  1.574         313682            1.799        100.0
max_02                 50.778260   96190301     147808500  1.537         456559            2.520        100.0
max_03                 49.193736   93234797     143670719  1.541         366979            2.101        100.0
max_04                 50.797254   96157583     143615331  1.494         373999            2.146        100.0
max_05                 55.347906  104900365     144622275  1.379         428845            2.439        100.0
max_06                 64.170732  121602325     116606729  0.959         688536            4.252        100.0
max_07                 55.528050  105096783      94568573  0.900         484086            3.275        100.0
medium_00              25.068394   47484528      64215045  1.352         213959            2.411        100.0
medium_01              25.292975   47929132      63843041  1.332         286159            3.244        100.0
medium_02              26.357913   49946964      64626188  1.294         356643            3.951        100.0
medium_03              25.749438   48793975      63623264  1.304         336836            3.831        100.0
medium_04              26.119580   49495538      63735755  1.288         304474            3.457        100.0
small_n_00             10.245841   19404306      28630122  1.475           9649            0.256        100.0
small_n_01             24.525364   46473780      63439815  1.365         237982            2.717        100.0
small_n_02             24.828204   47025888      64094558  1.363         250768            2.817        100.0
