2026-10-01 lenovo / Intel(R) Core(TM) i5-10210U CPU @ 1.60GHz
Two complete passes; per binary/case minimum task-clock; all counters from that same run.
Cases: 27, including examples. Units: ms. No CPU pinning.
Compiler: g++ (GCC) 16.2.1 20260819 (Red Hat 16.2.1-2); rustc 1.98.1 (48a229cea 2026-09-01)
Build host: master; glibc 2.43
Environment: Linux 7.2.8-200.fc44.x86_64; affinity [0, 1, 2, 3]; stack 268435456 bytes; bench_env OK.
cxx_flags.txt: -std=c++23 -DEVAL -DONLINE_JUDGE -Iinclude -O3 -fwhole-program -fno-exceptions -fno-rtti -march=x86-64-v3 -fno-pie -no-pie -nostdlib++ -static -lm -s
cpp_flags.txt: -std=c++23 -DEVAL -DONLINE_JUDGE -Iac-library -include cassert -O3 -fwhole-program -fno-exceptions -fno-rtti -march=x86-64-v3 -fno-pie -no-pie -static -lgmp -s
rust_flags.txt: -C opt-level=3 -C codegen-units=1 -C lto=fat -C panic=abort -C target-cpu=x86-64-v3 -C target-feature=+crt-static -C relocation-model=static -C link-arg=-Wl,-u,__cxa_thread_atexit_impl -C strip=symbols

solution                                max (ms)       sum (ms)
Anonymous                                 60.976235     720.876746
CYMario                                  293.477409    2351.559500
Rohan_Kapri                               96.718177     926.449006
adamant                                  466.626366    4596.078684
toxicpie                                 259.388472    2184.357137
main                                      59.781000     697.823205

submissions/big_integer/division_of_hex_big_integers/Anonymous.cpp
SHA-256: 4fda0bdeeaaa06aae84b4da1ac6c90f709d700dabfac3da4da9a54792a27ff86
case                           task-clock (ms)    cycles  instructions    IPC  branch-misses  branch-miss (%)  running (%)
max (length_ratio_integer_01)        60.976235         -             -      -              -                -            -
sum                                 720.876746         -             -      -              -                -            -
example_00                            2.374039   3775199       2247931  0.595           7182            1.414        100.0
a_max_b_random_00                    32.855218  52347688     125594756  2.399          48700            0.510        100.0
a_max_b_random_01                    49.359529  78691980     191585545  2.435          33232            0.255        100.0
a_max_b_random_02                    52.828531  84230613     196654585  2.335          39497            0.279        100.0
burnikel_ziegler_bound_00            27.837016  44336366     121558701  2.742         107315            1.479        100.0
burnikel_ziegler_bound_01            43.597078  69493389     179422324  2.582         184306            1.440        100.0
burnikel_ziegler_bound_02            17.337288  27577469      72999417  2.647          81169            1.746        100.0
burnikel_ziegler_bound_03            32.638107  52001358     138958597  2.672         111382            1.097        100.0
large_00                              4.695776   7437973       8858884  1.191           7478            0.700        100.0
large_01                              4.765776   7550342       9378567  1.242           7656            0.698        100.0
length_ratio_integer_00              60.748604  96789565     238543050  2.465          49256            0.312        100.0
length_ratio_integer_01              60.976235  97115420     238913962  2.460          66796            0.401        100.0
length_ratio_integer_02              54.660432  87126927     217051494  2.491          75195            0.498        100.0
length_ratio_integer_03              58.062639  92558223     235514321  2.544          75422            0.451        100.0
length_ratio_integer_04              53.361489  85053281     222298193  2.614          54590            0.339        100.0
length_ratio_integer_05              44.291640  70603612     184436501  2.612          55315            0.375        100.0
max_00                                4.851162   7685669       8560439  1.114           7278            0.675        100.0
max_01                                2.966874   4722333       5808898  1.230           7100            0.900        100.0
max_02                                3.827762   6096924       7987454  1.310           7232            0.702        100.0
medium_00                            17.496521  27915133      35604719  1.275         123674            3.550        100.0
medium_01                             5.809616   9215547      12442392  1.350          28387            1.857        100.0
medium_02                             4.733194   7498849       9142259  1.219           9405            0.862        100.0
power_00                              9.219449  14659729      25870959  1.765          39612            1.579        100.0
r_nearly_zero_00                     22.883630  36515191      45475963  1.245         209991            4.807        100.0
r_nearly_zero_01                      5.424367   8600860      10466104  1.217          36664            2.696        100.0
r_nearly_zero_02                      4.719207   7476613       8867526  1.186           7459            0.657        100.0
small_00                             38.555567  61504897      85573041  1.391          14222            0.181        100.0

submissions/big_integer/division_of_hex_big_integers/CYMario.cpp
SHA-256: fc30d6279953dca5b56e56c98d56c4a4d1b658bf9da70d01e1d0ab938c6b7ecb
case                       task-clock (ms)     cycles  instructions    IPC  branch-misses  branch-miss (%)  running (%)
max (small_00)                  293.477409          -             -      -              -                -            -
sum                            2351.559500          -             -      -              -                -            -
example_00                        0.856774    1351785       1883598  1.393           5693            1.338        100.0
a_max_b_random_00                96.545220  154073189     483907842  3.141         461470            0.929        100.0
a_max_b_random_01               107.383074  171373291     536784284  3.132         517671            0.939        100.0
a_max_b_random_02               120.095663  191653212     598144033  3.121         609449            0.972        100.0
burnikel_ziegler_bound_00        44.321418   70712956     239424185  3.386         254259            0.631        100.0
burnikel_ziegler_bound_01        53.467081   85333167     286793281  3.361         311529            0.732        100.0
burnikel_ziegler_bound_02        41.668992   66500448     226055488  3.399         213455            0.533        100.0
burnikel_ziegler_bound_03        54.098671   86340852     291606701  3.377         310741            0.716        100.0
large_00                         32.855750   52419147     178602927  3.407         203493            0.570        100.0
large_01                         32.101631   51228396     174353178  3.403         200460            0.575        100.0
length_ratio_integer_00         128.886277  205693202     646309628  3.142         667474            0.930        100.0
length_ratio_integer_01         149.046432  237866731     751113805  3.158         732216            0.912        100.0
length_ratio_integer_02         159.882715  255172026     808674906  3.169         848371            1.022        100.0
length_ratio_integer_03         164.406026  262395613     832485987  3.173         911515            1.067        100.0
length_ratio_integer_04         150.282389  239861974     762334761  3.178         823295            0.965        100.0
length_ratio_integer_05         139.041667  221892424     709368077  3.197         502935            0.703        100.0
max_00                           32.522873   51885187     164770456  3.176         151548            0.436        100.0
max_01                           22.967846   36648709     112835014  3.079          69523            0.322        100.0
max_02                           37.775719   60286505     191590071  3.178         117533            0.307        100.0
medium_00                       143.163275  228501506     677711962  2.966         359681            0.272        100.0
medium_01                        38.998067   62236799     199917716  3.212         277761            0.696        100.0
medium_02                        32.969196   52612985     180549355  3.432         212984            0.590        100.0
power_00                         33.626055   53648713     182213494  3.396         183724            0.499        100.0
r_nearly_zero_00                178.486260  284861795     818763581  2.874         580194            0.361        100.0
r_nearly_zero_01                 32.951687   52572495     172779957  3.287         248217            0.697        100.0
r_nearly_zero_02                 29.681333   47352437     161531861  3.411         192257            0.578        100.0
small_00                        293.477409  468435771    1434779695  3.063          70417            0.025        100.0

submissions/big_integer/division_of_hex_big_integers/Rohan_Kapri.cpp
SHA-256: a8bcf75705db9ea7bd0fc89fc66f106632935ae115574bbed0cc4669ae9dedcb
case                           task-clock (ms)     cycles  instructions    IPC  branch-misses  branch-miss (%)  running (%)
max (length_ratio_integer_00)        96.718177          -             -      -              -                -            -
sum                                 926.449006          -             -      -              -                -            -
example_00                            1.219740    1932562       2102830  1.088           6883            1.448        100.0
a_max_b_random_00                    44.318797   70730959     182826046  2.585          57685            0.615        100.0
a_max_b_random_01                    72.498848  115655471     294390274  2.545          54401            0.385        100.0
a_max_b_random_02                    81.402774  129883782     332446796  2.560          68019            0.427        100.0
burnikel_ziegler_bound_00            25.649551   40930029     121424261  2.967         107822            1.491        100.0
burnikel_ziegler_bound_01            52.782748   84225564     244444817  2.902         118303            0.868        100.0
burnikel_ziegler_bound_02            15.188564   24230753      72810351  3.005          81841            1.777        100.0
burnikel_ziegler_bound_03            34.538656   55034695     158420458  2.879         102369            1.087        100.0
large_00                              3.536845    5631075       8856241  1.573           7431            0.700        100.0
large_01                              3.659305    5825965       9377231  1.610           7494            0.687        100.0
length_ratio_integer_00              96.718177  154264539     402478371  2.609          79093            0.428        100.0
length_ratio_integer_01              84.774949  135280824     351785201  2.600          87643            0.525        100.0
length_ratio_integer_02              86.365375  137848323     362915235  2.633          93734            0.562        100.0
length_ratio_integer_03              79.275259  126513155     342892906  2.710          87726            0.522        100.0
length_ratio_integer_04              73.208979  116822716     317162469  2.715          47147            0.308        100.0
length_ratio_integer_05              59.174310   94445233     267364412  2.831          41088            0.286        100.0
max_00                                5.846895    9319166      12043764  1.292           7393            0.402        100.0
max_01                                3.298958    5251323       7373183  1.404           7269            0.669        100.0
max_02                                4.188394    6671750       9372255  1.405           7175            0.537        100.0
medium_00                            16.814365   26825941      34614432  1.290         123994            3.579        100.0
medium_01                             4.513349    7189406      12127245  1.687          28133            1.925        100.0
medium_02                             3.506310    5583003       9019733  1.616           9370            0.881        100.0
power_00                              7.780090   12405276      25910088  2.089          38310            1.551        100.0
r_nearly_zero_00                     22.225927   35464199      44285304  1.249         201740            4.613        100.0
r_nearly_zero_01                      4.174782    6649619      10222423  1.537          35604            2.707        100.0
r_nearly_zero_02                      3.572000    5669006       8879414  1.566           7819            0.680        100.0
small_00                             36.215059   57777333      83209022  1.440          14333            0.182        100.0

submissions/big_integer/division_of_hex_big_integers/adamant.cpp
SHA-256: 144398cf27bf90dae95b273d126a06f161dc285ce23129dc481b96711636d793
case                           task-clock (ms)     cycles  instructions    IPC  branch-misses  branch-miss (%)  running (%)
max (length_ratio_integer_02)       466.626366          -             -      -              -                -            -
sum                                4596.078684          -             -      -              -                -            -
example_00                            1.080130    1708506       2567534  1.503           7619            1.279        100.0
a_max_b_random_00                   176.514473  281606154     674441833  2.395          68779            0.108        100.0
a_max_b_random_01                   242.811731  387360584     921594592  2.379          79393            0.097        100.0
a_max_b_random_02                   346.651695  553210015    1298090160  2.346         104125            0.091        100.0
burnikel_ziegler_bound_00           210.888940  336577358     963084895  2.861         441286            0.427        100.0
burnikel_ziegler_bound_01           267.865574  427525060    1166902191  2.729         527606            0.447        100.0
burnikel_ziegler_bound_02           184.426536  294346128     847558502  2.879         310212            0.318        100.0
burnikel_ziegler_bound_03           265.726531  424123558    1150573151  2.713         554927            0.472        100.0
large_00                             17.656307   28169309      78642937  2.792          39570            0.240        100.0
large_01                             17.372646   27716033      78613755  2.836          39322            0.243        100.0
length_ratio_integer_00             463.201066  739053810    1749205332  2.367         135972            0.091        100.0
length_ratio_integer_01             350.897935  559895342    1340734707  2.395         115408            0.097        100.0
length_ratio_integer_02             466.626366  744565572    1758972854  2.362         143567            0.096        100.0
length_ratio_integer_03             405.646463  647271706    1532077824  2.367         131279            0.100        100.0
length_ratio_integer_04             368.969828  588691522    1384865201  2.352         122931            0.104        100.0
length_ratio_integer_05             355.808892  567696019    1331087898  2.345         120082            0.106        100.0
max_00                               11.815058   18845692      42636060  2.262           9933            0.105        100.0
max_01                               18.539017   29578217      70818102  2.394          11679            0.080        100.0
max_02                               18.406609   29367270      79485388  2.707          11199            0.066        100.0
medium_00                            73.359149  117086664     298180970  2.547         564667            0.925        100.0
medium_01                            36.669592   58519512     164505702  2.811         193025            0.543        100.0
medium_02                            17.314553   27623569      81821021  2.962          50227            0.295        100.0
power_00                             17.398779   27757728      72752236  2.621          51112            0.321        100.0
r_nearly_zero_00                     89.605463  143019678     366178997  2.560         662766            0.865        100.0
r_nearly_zero_01                     19.809019   31605705      92267382  2.919         114719            0.577        100.0
r_nearly_zero_02                     11.559161   18435331      53035022  2.877          34719            0.311        100.0
small_00                            139.457171  222584029     691371182  3.106          70566            0.048        100.0

submissions/big_integer/division_of_hex_big_integers/toxicpie.cpp
SHA-256: 9425e9e79435d5be20aca53a371aec897e472999266645a230e48e935d343e52
case                       task-clock (ms)     cycles  instructions    IPC  branch-misses  branch-miss (%)  running (%)
max (small_00)                  259.388472          -             -      -              -                -            -
sum                            2184.357137          -             -      -              -                -            -
example_00                        1.019662    1612095       2529214  1.569           7065            1.205        100.0
a_max_b_random_00                93.405369  149057708     455461166  3.056         563827            1.262        100.0
a_max_b_random_01               103.873495  165768190     502940634  3.034         615539            1.250        100.0
a_max_b_random_02               114.682510  183039129     559454819  3.056         643279            1.150        100.0
burnikel_ziegler_bound_00        37.050561   59128141     189769702  3.209         263739            0.833        100.0
burnikel_ziegler_bound_01        45.994403   73403847     236100653  3.216         328880            0.976        100.0
burnikel_ziegler_bound_02        34.884971   55670797     177079872  3.181         248510            0.787        100.0
burnikel_ziegler_bound_03        46.845983   74763872     241076913  3.225         332487            0.961        100.0
large_00                         25.111455   40069809     127209004  3.175         208708            0.782        100.0
large_01                         24.440426   38998631     124068876  3.181         201512            0.775        100.0
length_ratio_integer_00         122.468194  195466488     596579278  3.052         710967            1.127        100.0
length_ratio_integer_01         142.910745  228092588     701867307  3.077         814484            1.135        100.0
length_ratio_integer_02         153.388838  244807584     759881198  3.104         828201            1.111        100.0
length_ratio_integer_03         158.529575  253025472     783812558  3.098         963750            1.253        100.0
length_ratio_integer_04         143.945862  229722156     714154837  3.109         887876            1.154        100.0
length_ratio_integer_05         132.537619  211527646     660405861  3.122         536569            0.852        100.0
max_00                           25.767525   41117991     112931658  2.747         213254            0.830        100.0
max_01                           20.577839   32833064      89332710  2.721         113364            0.645        100.0
max_02                           31.403989   50116540     140447114  2.802         215426            0.733        100.0
medium_00                       151.714189  242133430     554439123  2.290        2350527            1.833        100.0
medium_01                        34.270965   54690170     158336291  2.895         328107            0.993        100.0
medium_02                        25.048063   39967882     129198989  3.233         219077            0.809        100.0
power_00                         27.391111   43708107     133532580  3.055         253542            0.890        100.0
r_nearly_zero_00                184.941772  295169562     685782535  2.323        2539500            1.616        100.0
r_nearly_zero_01                 23.032187   36750889     110256646  3.000         224264            0.919        100.0
r_nearly_zero_02                 19.731357   31481200      97295444  3.091         175812            0.812        100.0
small_00                        259.388472  414011057    1241211085  2.998         330970            0.119        100.0

src/big_integer/division_of_hex_big_integers/main.cxx
SHA-256: b99f5c8d207d8bb159d0f31eedf2097aa40097f3309bdda8f640addcf3a6018c
case                           task-clock (ms)    cycles  instructions    IPC  branch-misses  branch-miss (%)  running (%)
max (length_ratio_integer_02)        59.781000         -             -      -              -                -            -
sum                                 697.823205         -             -      -              -                -            -
example_00                            0.805326   1270541       1812212  1.426           5626            1.375        100.0
a_max_b_random_00                    37.738827  60227739     130920128  2.174          22348            0.206        100.0
a_max_b_random_01                    45.163846  72049090     156208285  2.168          24589            0.213        100.0
a_max_b_random_02                    50.968834  81302547     165036173  2.030          26157            0.189        100.0
burnikel_ziegler_bound_00            34.523135  55093175     151493411  2.750         107253            0.868        100.0
burnikel_ziegler_bound_01            36.735580  58624740     159969337  2.729         150119            1.124        100.0
burnikel_ziegler_bound_02            28.208154  44990947     130210508  2.894          88579            0.827        100.0
burnikel_ziegler_bound_03            35.744737  57029617     156964772  2.752         139333            1.053        100.0
large_00                              3.097215   4928645       9477139  1.923           7381            0.599        100.0
large_01                              3.210824   5110086      10415408  2.038           7468            0.583        100.0
length_ratio_integer_00              57.795767  92243890     200543182  2.174          30911            0.218        100.0
length_ratio_integer_01              51.838988  82735144     180356074  2.180          28211            0.204        100.0
length_ratio_integer_02              59.781000  95413640     213316898  2.236          30808            0.190        100.0
length_ratio_integer_03              52.983091  84562532     195669295  2.314          27621            0.174        100.0
length_ratio_integer_04              47.580923  75939130     185164593  2.438          26354            0.171        100.0
length_ratio_integer_05              43.810444  69919378     178805148  2.557          29151            0.200        100.0
max_00                                5.390287   8589692      15039996  1.751           7615            0.322        100.0
max_01                                4.542813   7235432       8452016  1.168           7023            0.524        100.0
max_02                                4.322529   6885989      10465673  1.520           7187            0.426        100.0
medium_00                            16.284226  25978698      43236975  1.664         123263            2.256        100.0
medium_01                             4.676310   7449752      14690508  1.972          56688            2.868        100.0
medium_02                             2.987287   4753317       9744444  2.050          10655            0.866        100.0
power_00                              4.258866   6782723      10257495  1.512          31280            2.005        100.0
r_nearly_zero_00                     22.346748  35656676      54910110  1.540         205190            2.956        100.0
r_nearly_zero_01                      3.848026   6127442      11784703  1.923          43309            2.720        100.0
r_nearly_zero_02                      3.132138   4982787      10176201  2.042           7584            0.546        100.0
small_00                             36.047284  57525245     104329037  1.814          13574            0.106        100.0
