2026-10-02 lenovo / Intel(R) Core(TM) i5-10210U CPU @ 1.60GHz
Two complete passes per binary; per case minimum task-clock; all counters from that same run.
Unchanged binaries reuse their recorded passes; each section identifies its measurement batch.
Cases: 44, including examples. Units: ms. No CPU pinning.
Compiler: g++ (GCC) 16.2.1 20260819 (Red Hat 16.2.1-2); rustc 1.98.1 (48a229cea 2026-09-01)
Build host: fedora; glibc 2.43
Environment: Linux 7.2.8-200.fc44.x86_64; affinity [0, 1, 2, 3]; stack 268435456 bytes; bench_env OK.
cxx_flags.txt: -std=c++23 -DEVAL -DONLINE_JUDGE -Iinclude -O3 -fwhole-program -fno-exceptions -fno-rtti -march=x86-64-v3 -fno-pie -no-pie -nostdlib++ -static -lm -s
cpp_flags.txt: -std=c++23 -DEVAL -DONLINE_JUDGE -Iac-library -include cassert -O3 -fwhole-program -fno-exceptions -fno-rtti -march=x86-64-v3 -fno-pie -no-pie -static -lgmp -s
rust_flags.txt: -C opt-level=3 -C codegen-units=1 -C lto=fat -C panic=abort -C target-cpu=x86-64-v3 -C target-feature=+crt-static -C relocation-model=static -C link-arg=-Wl,-u,__cxa_thread_atexit_impl -C strip=symbols

solution                                max (ms)       sum (ms)
Anonymous                                141.083858    2043.808197
Rohan_Kapri                              141.077870    2039.739231
jcg9129                                  152.723705    2064.854945
nandhagk                                 144.517284    2118.577933
omoch1                                   163.282028    2422.611885
main                                     138.313521    1870.764995
naive                                   2029.078313   18097.391087

submissions/graph/bipartitematching/Anonymous.cpp
SHA-256: 4ca0d56bc5ee3b11468c0855537220d435405728f78f29210d1b72f6741affee
Measured: bench/graph-polish-20261002/accepted-37 [Anonymous]
case                      task-clock (ms)     cycles  instructions    IPC  branch-misses  branch-miss (%)  running (%)
max (unique_matching_00)       141.083858          -             -      -              -                -            -
sum                           2043.808197          -             -      -              -                -            -
example_00                       3.077880    4897354      12258107  2.503          11923            0.461        100.0
augmented_cycle_00             126.691540  202203431     220345241  1.090        2120991            5.856        100.0
augmented_cycle_01             102.276165  163247286     186384177  1.142        1771184            5.882        100.0
augmented_cycle_02             110.481587  176320277     194517442  1.103        1897095            5.983        100.0
cycle_00                       116.860569  186528527     191647069  1.027         530409            1.702        100.0
cycle_01                       114.605211  182928110     191533812  1.047         531137            1.706        100.0
issue1068_00                     3.102111    4936096      12319883  2.496          11694            0.451        100.0
issue1068_large_00              15.908406   25381367      65418872  2.577          15512            0.166        100.0
issue1068_large_01              17.700355   28228518      74898092  2.653          16682            0.150        100.0
issue1068_large_02              22.766784   36328333      65452694  1.802          97017            1.040        100.0
issue1068_large_03              17.508366   27934460      75052648  2.687          16582            0.149        100.0
issue1068_large_04              15.986970   25506344      65459783  2.566          16501            0.177        100.0
issue1068_large_05              23.779947   37945346      74799147  1.971          81116            0.730        100.0
issue1124_00                    26.540457   42351998      65903210  1.556         218780            2.144        100.0
issue1124_01                    13.267447   21164162      55310544  2.613          14650            0.178        100.0
issue1124_02                    14.147254   22568720      59443757  2.634          15590            0.177        100.0
kuhn_killer_00                  18.127457   28921980      73239139  2.532          16772            0.162        100.0
line_00                         26.952303   43009932      77943412  1.812          90088            0.816        100.0
line_01                         26.711958   42626083      77989752  1.830          90277            0.817        100.0
line_random_00                 111.106460  177343890     187435565  1.057         486216            1.602        100.0
line_random_01                  94.865339  151387202     170352882  1.125         449376            1.640        100.0
many_paths_00                   51.622027   82360322     102472459  1.244         796610            4.962        100.0
many_paths_01                   65.568887  104651201     129010843  1.233        1052566            5.173        100.0
many_paths_02                   51.120485   81589955     102889943  1.261         770357            4.724        100.0
many_smalls_00                  32.974743   52622401      92412661  1.756         585099            3.937        100.0
many_smalls_01                  31.453725   50194818      84168714  1.677         586260            4.385        100.0
max_random_00                   43.431409   69313689      98444170  1.420         770393            5.122        100.0
max_random_01                   44.043205   70290757      99280812  1.412         777595            5.094        100.0
max_random_02                   45.449924   72536865     109319963  1.507         763411            4.389        100.0
random_00                        7.872518   12551149      26907107  2.144          68703            1.320        100.0
random_01                       14.909880   23786418      46725800  1.964         213466            2.860        100.0
random_02                       21.203084   33831902      59117818  1.747         311502            3.176        100.0
random_03                       16.573332   26429568      51740190  1.958         243760            2.819        100.0
random_04                        8.863512   14134069      29327789  2.075          81805            1.453        100.0
random_05                        8.100362   12915786      27673311  2.143          93260            1.878        100.0
random_06                       33.519020   53491925      83447545  1.560         549658            4.112        100.0
random_07                       10.413045   16608002      34356050  2.069         139130            2.211        100.0
random_08                       28.173183   44958875     106510023  2.369         387542            1.803        100.0
random_09                       15.348907   24485830      48896048  1.997         211359            2.695        100.0
unique_matching_00             141.083858  225154466     251127508  1.115        2213996            5.309        100.0
unique_matching_01             104.327031  166481094     196660945  1.181        1915624            5.993        100.0
unique_matching_02              96.447525  153914081     179310485  1.165        1761821            6.034        100.0
unique_matching_03              72.613044  115897768     142666650  1.231        1073382            4.753        100.0
unique_matching_04              76.230925  121654614     169808525  1.396         937487            3.605        100.0

submissions/graph/bipartitematching/Rohan_Kapri.cpp
SHA-256: 4ca0d56bc5ee3b11468c0855537220d435405728f78f29210d1b72f6741affee
Measured: bench/graph-polish-20261002/accepted-37 [Rohan_Kapri]
case                      task-clock (ms)     cycles  instructions    IPC  branch-misses  branch-miss (%)  running (%)
max (unique_matching_00)       141.077870          -             -      -              -                -            -
sum                           2039.739231          -             -      -              -                -            -
example_00                       3.121180    4967573      12271931  2.470          12030            0.464        100.0
augmented_cycle_00             124.767783  199100339     220370521  1.107        2125855            5.869        100.0
augmented_cycle_01             102.069246  162877988     186337019  1.144        1795956            5.968        100.0
augmented_cycle_02             110.658788  176610768     194502927  1.101        1933087            6.097        100.0
cycle_00                       114.726954  183122774     191328799  1.045         529202            1.702        100.0
cycle_01                       114.748437  183129081     191523586  1.046         527113            1.694        100.0
issue1068_00                     3.091524    4919368      12334762  2.507          12074            0.464        100.0
issue1068_large_00              15.887324   25346512      65512122  2.585          15452            0.165        100.0
issue1068_large_01              17.641143   28146513      74864631  2.660          16656            0.149        100.0
issue1068_large_02              22.529101   35947559      65456951  1.821          96924            1.039        100.0
issue1068_large_03              17.601319   28082953      75051862  2.673          16490            0.148        100.0
issue1068_large_04              15.956622   25457112      65400965  2.569          16339            0.175        100.0
issue1068_large_05              23.996215   38290699      74919212  1.957          81468            0.730        100.0
issue1124_00                    26.876603   42888486      65932854  1.537         217326            2.128        100.0
issue1124_01                    13.258982   21150981      55333703  2.616          14886            0.181        100.0
issue1124_02                    14.111736   22512433      59466392  2.641          15757            0.178        100.0
kuhn_killer_00                  18.198133   29035357      73261332  2.523          17384            0.168        100.0
line_00                         26.961507   43023727      78028528  1.814          89923            0.812        100.0
line_01                         26.722893   42643858      77994895  1.829          90315            0.817        100.0
line_random_00                 110.785830  176831117     187369604  1.060         487852            1.609        100.0
line_random_01                  95.271887  152037204     170182297  1.119         455373            1.665        100.0
many_paths_00                   51.648461   82431131     102478957  1.243         797276            4.968        100.0
many_paths_01                   65.398932  104381279     129000606  1.236        1051306            5.168        100.0
many_paths_02                   51.140742   81621298     102894388  1.261         770756            4.727        100.0
many_smalls_00                  32.933477   52557010      92457662  1.759         585224            3.933        100.0
many_smalls_01                  31.392242   50096989      84166434  1.680         587232            4.393        100.0
max_random_00                   43.436301   69304539      98463479  1.421         771660            5.129        100.0
max_random_01                   44.114275   70404599      99306587  1.411         777762            5.094        100.0
max_random_02                   45.482419   72589369     109306469  1.506         762975            4.388        100.0
random_00                        7.855759   12527247      26846929  2.143          68403            1.319        100.0
random_01                       14.930916   23819735      46757290  1.963         214202            2.867        100.0
random_02                       21.143980   33737286      59059866  1.751         310688            3.174        100.0
random_03                       16.597031   26480041      51755605  1.955         244464            2.826        100.0
random_04                        8.884527   14167321      29373350  2.073          81951            1.451        100.0
random_05                        8.073757   12873417      27708917  2.152          92909            1.865        100.0
random_06                       33.550756   53542081      83499091  1.560         547288            4.088        100.0
random_07                       10.414801   16611525      34311586  2.066         138512            2.207        100.0
random_08                       28.191214   44986789     106537991  2.368         387644            1.803        100.0
random_09                       15.293010   24396158      48883022  2.004         211780            2.702        100.0
unique_matching_00             141.077870  225157821     251141459  1.115        2221854            5.328        100.0
unique_matching_01             103.985096  165956854     197102151  1.188        1909147            5.952        100.0
unique_matching_02              96.173873  153480323     179601345  1.170        1753853            5.991        100.0
unique_matching_03              72.743984  116106729     142593273  1.228        1073050            4.757        100.0
unique_matching_04              76.292601  121770198     169810588  1.395         936197            3.600        100.0

submissions/graph/bipartitematching/jcg9129.cpp
SHA-256: 3e54db2af2bf4a1dda73ea7dd9ce732b1e5180b1c848f19b0ab7d7dd93ff363b
Measured: bench/graph-polish-20261002/accepted-37 [jcg9129]
case                      task-clock (ms)     cycles  instructions    IPC  branch-misses  branch-miss (%)  running (%)
max (unique_matching_00)       152.723705          -             -      -              -                -            -
sum                           2064.854945          -             -      -              -                -            -
example_00                       0.845069    1333422       1899174  1.424           6087            1.430        100.0
augmented_cycle_00             132.123524  210891486     226614893  1.075        2035004            6.030        100.0
augmented_cycle_01             117.231896  187083786     199198253  1.065        1820248            5.996        100.0
augmented_cycle_02             117.326381  187237703     199256264  1.064        1845573            6.081        100.0
cycle_00                        96.632733  154214066     178009443  1.154         392910            1.414        100.0
cycle_01                       119.071804  190041840     197549372  1.040         458959            1.518        100.0
issue1068_00                     0.871632    1376450       2025366  1.471           6229            1.355        100.0
issue1068_large_00              16.182738   25818698      68144231  2.639           9124            0.066        100.0
issue1068_large_01              15.548678   24806825      64944791  2.618           9221            0.071        100.0
issue1068_large_02              22.213426   35444550      68145891  1.923          88742            0.646        100.0
issue1068_large_03              16.690919   26629252      70914627  2.663           9157            0.067        100.0
issue1068_large_04              16.070491   25639007      68166739  2.659           9175            0.067        100.0
issue1068_large_05              21.895342   34936668      70895005  2.029          53370            0.390        100.0
issue1124_00                    24.935185   39789479      60736119  1.526         173874            1.499        100.0
issue1124_01                    13.239902   21106883      55742733  2.641           8865            0.082        100.0
issue1124_02                    12.545880   20012443      51453505  2.571           9152            0.088        100.0
kuhn_killer_00                  18.789805   29979472      78812738  2.629           9582            0.063        100.0
line_00                         24.867282   39680659      80650894  2.032          36410            0.237        100.0
line_01                         24.709256   39428931      80610865  2.044          37332            0.243        100.0
line_random_00                 108.881001  173790338     191256563  1.101         399062            1.362        100.0
line_random_01                  95.705473  152759377     175267148  1.147         385579            1.406        100.0
many_paths_00                   56.789053   90636825     106552015  1.176         831164            4.419        100.0
many_paths_01                   66.481126  106108493     124007206  1.169        1006961            4.885        100.0
many_paths_02                   55.631033   88763230     105480368  1.188         800534            4.274        100.0
many_smalls_00                  31.644262   50499686      79786608  1.580         559644            3.821        100.0
many_smalls_01                  32.097558   51222810      80465658  1.571         599116            4.064        100.0
max_random_00                   45.646433   72849618     100154449  1.375         733617            4.134        100.0
max_random_01                   44.702478   71344152     100390253  1.407         723205            4.069        100.0
max_random_02                   44.661740   71249481     100450848  1.410         731138            4.108        100.0
random_00                        5.576992    8886937      13670206  1.538          67100            2.640        100.0
random_01                       16.848677   26880777      44498250  1.655         297269            3.227        100.0
random_02                       20.036099   31968566      51592745  1.614         308719            3.400        100.0
random_03                       17.005729   27131240      43966388  1.621         287444            3.283        100.0
random_04                        7.204921   11485351      18152293  1.580          75690            2.236        100.0
random_05                        8.283186   13206777      21575428  1.634         137937            3.092        100.0
random_06                       32.364260   51647959      70833273  1.371         515781            4.041        100.0
random_07                       10.931533   17433966      30517843  1.750         160719            2.913        100.0
random_08                       11.813056   18842708      40073183  2.127          50946            0.593        100.0
random_09                       17.031994   27173796      45381511  1.670         293648            3.131        100.0
unique_matching_00             152.723705  243748772     256708282  1.053        2273776            6.081        100.0
unique_matching_01             115.722406  184696376     197119538  1.067        1930143            6.408        100.0
unique_matching_02             100.910741  161068511     176078165  1.093        1637168            5.986        100.0
unique_matching_03              78.427065  125176572     139483781  1.114        1093635            4.780        100.0
unique_matching_04              75.942481  121212137     158433699  1.307         878229            3.535        100.0

submissions/graph/bipartitematching/nandhagk.cpp
SHA-256: 4eab63993f66c9c31674a92b922807fe3cf4a4f60110a7114c3a5e530f2bce86
Measured: bench/graph-polish-20261002/accepted-37 [nandhagk]
case                      task-clock (ms)     cycles  instructions    IPC  branch-misses  branch-miss (%)  running (%)
max (unique_matching_00)       144.517284          -             -      -              -                -            -
sum                           2118.577933          -             -      -              -                -            -
example_00                       1.028049    1625522       2492536  1.533           7245            1.254        100.0
augmented_cycle_00             131.962076  210634796     229642383  1.090        2079405            5.785        100.0
augmented_cycle_01             107.940818  172273785     195656001  1.136        1729427            5.696        100.0
augmented_cycle_02             118.255293  188754524     202971429  1.075        1861813            5.876        100.0
cycle_00                       123.280507  196746889     201571961  1.025         507669            1.623        100.0
cycle_01                       124.705359  199008695     201538125  1.013         504288            1.614        100.0
issue1068_00                     1.053118    1665727       2560731  1.537           7452            1.275        100.0
issue1068_large_00              18.022516   28754474      70692072  2.458          14432            0.139        100.0
issue1068_large_01              19.139288   30538344      77464234  2.537          14598            0.128        100.0
issue1068_large_02              24.160329   38553516      70779433  1.836          93408            0.899        100.0
issue1068_large_03              19.351026   30862223      77917889  2.525          14559            0.127        100.0
issue1068_large_04              17.744884   28311664      70742140  2.499          13923            0.134        100.0
issue1068_large_05              25.059710   39988423      77478443  1.938          75820            0.664        100.0
issue1124_00                    26.812518   42787391      64994726  1.519         196737            2.019        100.0
issue1124_01                    14.122811   22529968      56119985  2.491          13036            0.157        100.0
issue1124_02                    15.132583   24141163      60597954  2.510          13565            0.152        100.0
kuhn_killer_00                  20.275386   32351988      80564861  2.490          15497            0.132        100.0
line_00                         29.776030   47517186      86387978  1.818          86834            0.691        100.0
line_01                         29.865299   47646440      86600363  1.818          87113            0.690        100.0
line_random_00                 119.325483  190424029     197280802  1.036         464672            1.523        100.0
line_random_01                 101.910737  162664287     179619759  1.104         427462            1.544        100.0
many_paths_00                   54.403460   86828750     109553724  1.262         770146            4.536        100.0
many_paths_01                   67.727168  108098836     130403666  1.206        1016346            5.066        100.0
many_paths_02                   53.627808   85591793     108464140  1.267         743265            4.407        100.0
many_smalls_00                  31.915567   50931996      84900698  1.667         557381            4.231        100.0
many_smalls_01                  31.953416   50992723      84422059  1.656         564521            4.325        100.0
max_random_00                   45.554212   72703554     105528703  1.451         742868            4.643        100.0
max_random_01                   46.175955   73670509     105442307  1.431         755021            4.727        100.0
max_random_02                   45.946719   73311934     105464955  1.439         737443            4.612        100.0
random_00                        5.775471    9204147      15581860  1.693          61684            2.124        100.0
random_01                       15.301026   24410011      46029045  1.886         208758            2.870        100.0
random_02                       20.988852   33489498      54493030  1.627         305755            3.630        100.0
random_03                       15.669146   24997013      45224865  1.809         231521            3.281        100.0
random_04                        7.601033   12118493      20678620  1.706          78609            2.126        100.0
random_05                        7.268804   11587642      21934310  1.893          89818            2.426        100.0
random_06                       32.610378   52041238      74455093  1.431         521806            4.628        100.0
random_07                       10.020987   15980919      30779999  1.926         137338            2.527        100.0
random_08                       16.832550   26854089      53983613  2.010         178805            2.095        100.0
random_09                       15.452220   24652013      46846171  1.900         204625            2.794        100.0
unique_matching_00             144.517284  230649653     242663436  1.052        2160957            5.672        100.0
unique_matching_01             106.922187  170651020     194552614  1.140        1853052            6.115        100.0
unique_matching_02             100.263064  159992888     185251408  1.158        1708477            5.896        100.0
unique_matching_03              75.061013  119804916     143801275  1.200        1047398            4.698        100.0
unique_matching_04              78.065793  124601530     170853486  1.371         914069            3.562        100.0

submissions/graph/bipartitematching/omoch1.cpp
SHA-256: c07cce06a77bc71822cb59b94c02c4825171336730f5e20bb317b0ee4e659689
Measured: bench/graph-polish-20261002/accepted-37 [omoch1]
case                      task-clock (ms)     cycles  instructions    IPC  branch-misses  branch-miss (%)  running (%)
max (unique_matching_00)       163.282028          -             -      -              -                -            -
sum                           2422.611885          -             -      -              -                -            -
example_00                       0.993905    1571600       2403474  1.529           6689            1.210        100.0
augmented_cycle_00             150.182488  239688765     252084257  1.052        2107852            5.112        100.0
augmented_cycle_01             124.514526  198733484     215834878  1.086        1813047            5.081        100.0
augmented_cycle_02             133.575013  213169708     222609710  1.044        1949745            5.267        100.0
cycle_00                       132.807413  211956365     222591341  1.050         483329            1.285        100.0
cycle_01                       134.422589  214502453     222862605  1.039         478202            1.270        100.0
issue1068_00                     1.027258    1624472       2516145  1.549           6770            1.166        100.0
issue1068_large_00              20.423294   32569687      81815256  2.512          14089            0.088        100.0
issue1068_large_01              21.730559   34673274      89044288  2.568          12702            0.075        100.0
issue1068_large_02              26.503995   42293726      81668115  1.931          91836            0.573        100.0
issue1068_large_03              20.405442   32558449      81631381  2.507          14073            0.088        100.0
issue1068_large_04              20.304502   32398678      81621067  2.519          13252            0.083        100.0
issue1068_large_05              27.437564   43784875      89117432  2.035          74159            0.436        100.0
issue1124_00                    29.980873   47844318      73960005  1.546         212718            1.499        100.0
issue1124_01                    16.143115   25755107      64809713  2.516          12746            0.100        100.0
issue1124_02                    17.552813   28005479      70114622  2.504          12361            0.092        100.0
kuhn_killer_00                  23.025024   36740896      92437059  2.516          13696            0.077        100.0
line_00                         31.977428   51030861      99839593  1.956          84567            0.448        100.0
line_01                         32.273787   51504170      99964112  1.941          84557            0.447        100.0
line_random_00                 128.804390  205557910     219298556  1.067         437130            1.184        100.0
line_random_01                 111.811598  178442781     199681959  1.119         408037            1.198        100.0
many_paths_00                   65.576696  104664282     126468536  1.208         856654            3.707        100.0
many_paths_01                   77.622591  123874323     146065831  1.179        1034441            4.082        100.0
many_paths_02                   65.084695  103850461     125407337  1.208         836796            3.628        100.0
many_smalls_00                  38.728032   61789344      98456641  1.593         638410            3.469        100.0
many_smalls_01                  38.598040   61578998      98366569  1.597         641234            3.487        100.0
max_random_00                   54.483511   86956937     122122945  1.404         825045            3.717        100.0
max_random_01                   55.606008   88748811     122085414  1.376         843506            3.800        100.0
max_random_02                   54.881541   87593105     121869318  1.391         823978            3.720        100.0
random_00                        6.284217   10016651      15966281  1.594          68588            2.252        100.0
random_01                       21.106274   33661531      57842811  1.718         319047            2.712        100.0
random_02                       24.731438   39464307      62377053  1.581         345458            3.069        100.0
random_03                       20.337066   32449355      54394942  1.676         310304            2.847        100.0
random_04                        8.119983   12947764      21580586  1.667          81460            1.983        100.0
random_05                       10.199034   16266388      27390221  1.684         146971            2.616        100.0
random_06                       39.063789   62342636      86120715  1.381         581672            3.668        100.0
random_07                       13.105588   20906901      35727344  1.709         166443            2.496        100.0
random_08                       16.082338   25658831      54902697  2.140          91101            0.819        100.0
random_09                       21.227408   33871924      58502181  1.727         315749            2.660        100.0
unique_matching_00             163.282028  260588041     265733624  1.020        2184527            5.051        100.0
unique_matching_01             126.433147  201781455     217772860  1.079        1936405            5.388        100.0
unique_matching_02             117.554289  187597286     203655277  1.086        1809728            5.384        100.0
unique_matching_03              88.183365  140733262     158228652  1.124        1148181            4.321        100.0
unique_matching_04              90.423231  144295371     178775532  1.239        1216230            4.488        100.0

src/graph/bipartitematching/main.cxx
SHA-256: 4bb6385c65785e83c45e79132ccd4e9d287dcba19036af3d1eb9f00722186735
Measured: bench/graph-polish-20261002/accepted-37 [main]
case                      task-clock (ms)     cycles  instructions    IPC  branch-misses  branch-miss (%)  running (%)
max (unique_matching_00)       138.313521          -             -      -              -                -            -
sum                           1870.764995          -             -      -              -                -            -
example_00                       0.818944    1291404       1784942  1.382           5437            1.347        100.0
augmented_cycle_00             119.739728  191096602     182256752  0.954        1922448            8.335        100.0
augmented_cycle_01             105.242757  167956202     160814879  0.957        1750024            8.585        100.0
augmented_cycle_02             103.219801  164736690     156881970  0.952        1701162            8.522        100.0
cycle_00                       122.072385  194831797     165695116  0.850         492251            2.323        100.0
cycle_01                        98.144097  156614772     143080039  0.914         431525            2.348        100.0
issue1068_00                     0.830602    1310268       1773325  1.353           5427            1.395        100.0
issue1068_large_00              12.060014   19237611      39819812  2.070           9829            0.196        100.0
issue1068_large_01              10.782520   17198480      34295149  1.994           9501            0.228        100.0
issue1068_large_02              18.732217   29887261      40354724  1.350          91181            1.771        100.0
issue1068_large_03              10.733559   17119653      34292262  2.003           9317            0.223        100.0
issue1068_large_04              10.466095   16692484      33924905  2.032           9286            0.230        100.0
issue1068_large_05              16.556772   26415751      34490537  1.306          53869            1.278        100.0
issue1124_00                    21.597631   34460574      39657713  1.151         119135            2.417        100.0
issue1124_01                    10.510519   16763019      35235706  2.102           9204            0.208        100.0
issue1124_02                     8.568622   13663736      26848155  1.965           9709            0.305        100.0
kuhn_killer_00                  14.132505   22545631      49974338  2.217          10217            0.159        100.0
line_00                         17.577944   28045977      36644107  1.307          61466            1.389        100.0
line_01                         17.552189   28004540      36687175  1.310          61693            1.388        100.0
line_random_00                 118.942566  189822565     164597734  0.867         481824            2.293        100.0
line_random_01                 115.611247  184505944     161511870  0.875         440710            2.148        100.0
many_paths_00                   52.412868   83623807      79503214  0.951         797777            7.699        100.0
many_paths_01                   67.205640  107265083     101100478  0.943        1071709            8.318        100.0
many_paths_02                   52.081007   83121756      78977090  0.950         760289            7.348        100.0
many_smalls_00                  24.362713   38875927      45157797  1.162         376926            6.613        100.0
many_smalls_01                  24.259970   38711142      45234343  1.169         380922            6.667        100.0
max_random_00                   39.487802   63020413      76443324  1.213         627948            6.503        100.0
max_random_01                   33.233395   53035418      56948691  1.074         560273            7.606        100.0
max_random_02                   38.463366   61383975      75320915  1.227         629581            6.605        100.0
random_00                        4.613886    7350134      11731948  1.596          57201            2.890        100.0
random_01                       12.645446   20171168      27145797  1.346         192421            5.256        100.0
random_02                       16.566125   26417030      30045823  1.137         283527            6.928        100.0
random_03                       13.463576   21476865      29218770  1.360         201139            5.243        100.0
random_04                        5.822808    9279896      14710187  1.585          54442            2.302        100.0
random_05                        6.741377   10746282      13796066  1.284         125266            5.959        100.0
random_06                       30.399396   48511990      53035136  1.093         534163            7.948        100.0
random_07                        7.481770   11927957      17670055  1.481         106696            3.697        100.0
random_08                       11.173046   17820935      28060544  1.575          65227            2.099        100.0
random_09                       12.734634   20313362      27252400  1.342         189397            5.215        100.0
unique_matching_00             138.313521  220746815     205409661  0.931        2146359            8.231        100.0
unique_matching_01              96.916437  154691073     150583457  0.973        1815064            9.384        100.0
unique_matching_02              85.927631  137109413     137694627  1.004        1486613            8.443        100.0
unique_matching_03              74.656334  119131438     116234721  0.976        1070865            7.155        100.0
unique_matching_04              67.909533  108388748     128458631  1.185         817313            5.000        100.0

src/graph/bipartitematching/naive.cxx
SHA-256: a9e975efac21e6b73d2c61bebaf2a9b0aed29694773af3314af6c8980768e325
Measured: bench/graph-polish-20261002/accepted-37 [naive]
case                      task-clock (ms)      cycles  instructions    IPC  branch-misses  branch-miss (%)  running (%)
max (augmented_cycle_02)      2029.078313           -             -      -              -                -            -
sum                          18097.391087           -             -      -              -                -            -
example_00                       0.796209     1255332       1777035  1.416           5419            1.356        100.0
augmented_cycle_00            1932.700116  3084893520    1559268190  0.505       33314030           10.315        100.0
augmented_cycle_01            1113.488786  1777290391     980787823  0.552       21032977           10.204        100.0
augmented_cycle_02            2029.078313  3238690599    1723228199  0.532       36922722           10.304        100.0
cycle_00                      1179.232707  1882234498     917583780  0.487       10141148            4.897        100.0
cycle_01                      1187.998558  1896201764     932087192  0.492       10239470            4.857        100.0
issue1068_00                     0.829127     1307419       1807083  1.382           5652            1.409        100.0
issue1068_large_00               7.865493    12540025      27844491  2.220           8643            0.269        100.0
issue1068_large_01               7.780355    12404552      27611273  2.226           8597            0.271        100.0
issue1068_large_02              10.926335    17426092      28092362  1.612          53835            1.641        100.0
issue1068_large_03               7.757468    12368281      27647325  2.235           8753            0.275        100.0
issue1068_large_04               7.919533    12626941      27834186  2.204           8931            0.278        100.0
issue1068_large_05              10.753976    17151877      27754489  1.618          53845            1.680        100.0
issue1124_00                    69.205266   110456217      76421644  0.692         909891            6.621        100.0
issue1124_01                    11.201668    17865768      30247683  1.693          24580            0.589        100.0
issue1124_02                     6.360158    10137598      22268420  2.197           9069            0.347        100.0
kuhn_killer_00                  11.260046    17959468      41336975  2.302           9506            0.163        100.0
line_00                         11.584619    18477533      30668536  1.660          60975            1.658        100.0
line_01                         11.605153    18510236      30644852  1.656          61260            1.668        100.0
line_random_00                1156.592234  1846083724     908601533  0.492        9963260            4.842        100.0
line_random_01                1207.260334  1926931255     942415084  0.489       10373283            4.873        100.0
many_paths_00                  769.675137  1228500899     645919847  0.526       17207717           12.847        100.0
many_paths_01                  511.420563   816305071     448958206  0.550       11885266           12.596        100.0
many_paths_02                  713.844649  1139357051     596668774  0.524       15756192           12.867        100.0
many_smalls_00                  31.922938    50943487      58460869  1.148         934636            9.379        100.0
many_smalls_01                  31.959742    51002361      58375589  1.145         935962            9.409        100.0
max_random_00                   98.386105   157023146     107333434  0.684        2498629           11.700        100.0
max_random_01                  102.787628   164038962     111533987  0.680        2611660           11.699        100.0
max_random_02                  103.036712   164460937     111874123  0.680        2630481           11.751        100.0
random_00                        3.249465     5172129       6147666  1.189          79514            6.433        100.0
random_01                        6.927370    11042018      17775940  1.610          36457            1.763        100.0
random_02                       25.634753    40905804      36407330  0.890         713078            9.999        100.0
random_03                        8.278411    13200101      18426615  1.396          78911            3.230        100.0
random_04                        2.911974     4632716       6653174  1.436          43609            3.769        100.0
random_05                        3.321789     5287099       8551460  1.617          22088            1.875        100.0
random_06                      105.725181   168751353     103069128  0.611        2396699           11.553        100.0
random_07                        2.871847     4569564       6961876  1.524          29830            2.563        100.0
random_08                        6.122679     9758387      18653376  1.912          15511            0.885        100.0
random_09                        7.290117    11622785      18361297  1.580          42188            1.957        100.0
unique_matching_00            1870.461678  2985535318    1514580468  0.507       32413109           10.304        100.0
unique_matching_01            1534.108662  2448636912    1432301940  0.585       30719497           10.219        100.0
unique_matching_02            1195.659823  1908423365    1302041849  0.682       23930311            8.666        100.0
unique_matching_03             577.484979   921711428     746676376  0.810       11865112            7.457        100.0
unique_matching_04             402.112431   641810879     731978733  1.140        5967765            3.772        100.0
