case                       task-clock (ms)    cycles  instructions    IPC  branch-misses  branch-miss (%)  running (%)
max (typical_tree_max_00)        33.681997         -             -      -              -                -            -
sum                             316.740272         -             -      -              -                -            -
example_00                        0.892636   1674499       1578415  0.943           5399            1.596        100.0
example_01                        0.892636   1673527       1619496  0.968           5430            1.543        100.0
n_hundreds_00                     0.887565   1665442       1659010  0.996           5639            1.641        100.0
n_hundreds_01                     0.878512   1647164       1702160  1.033           5730            1.607        100.0
tiny_00                           0.843864   1581636       1580590  0.999           5299            1.561        100.0
tiny_01                           0.876605   1642574       1593813  0.970           5317            1.547        100.0
typical_tree_max_00              33.681997  63830389      65729817  1.030          12259            0.246        100.0
typical_tree_max_01              24.465968  46346367      65754181  1.419          13415            0.268        100.0
typical_tree_max_02              31.680571  59920561      65539858  1.094         167666            3.391        100.0
typical_tree_max_03              33.448680  63366862      65561003  1.035          13792            0.279        100.0
typical_tree_max_04              31.974200  60594147      65492706  1.081         113597            2.305        100.0
typical_tree_max_05              29.151902  55244090      65492489  1.186         101411            2.055        100.0
typical_tree_max_06              31.188823  59104027      65506743  1.108          99346            2.013        100.0
typical_tree_max_07              33.487385  63344927      65538133  1.035          12406            0.251        100.0
typical_tree_max_08              30.251503  57328688      66007824  1.151         126862            2.506        100.0
typical_tree_max_09              32.137425  60903558      65820856  1.081         196153            3.916        100.0
