case                                   task-clock (ms)     cycles  instructions    IPC  branch-misses  branch-miss (%)  running (%)
max (worst_for_path_decomposition_00)       253.476691          -             -      -              -                -            -
sum                                        1627.895261          -             -      -              -                -            -
example_00                                    0.877416    1646110       1593486  0.968           5389            1.569        100.0
example_01                                    0.832535    1560584       1619269  1.038           5453            1.557        100.0
almost_line_00                              198.437615  375933516     253497480  0.674        2823755           11.270        100.0
almost_line_01                              195.461345  370359269     254794198  0.688        2824585           11.260        100.0
line_00                                     120.622983  228614345     235220405  1.029        2251953           10.817        100.0
line_01                                     120.494441  228353565     234631701  1.027        2244789           10.886        100.0
long-path-decomposition_killer_00            65.804092  124699900     194507151  1.560          40583            0.179        100.0
max_random_00                                84.601517  160351642     136257289  0.850         848897            5.791        100.0
max_random_01                                86.897447  164685280     139404100  0.846         846412            5.608        100.0
max_random_02                                84.800805  160730027     136695436  0.850         850545            5.781        100.0
random_00                                    58.173853  110218671      96275130  0.873         598718            5.758        100.0
random_01                                    64.968749  123135411     104724186  0.850         634593            5.584        100.0
random_02                                    35.456257   67167606      64262292  0.957         388856            5.629        100.0
small_00                                      1.122165    2109131       2126690  1.008          10315            2.575        100.0
small_01                                      1.029509    1933569       1964104  1.016           8955            2.344        100.0
small_02                                      1.038098    1950127       1935886  0.993           8877            2.333        100.0
small_03                                      1.144729    2152316       2216652  1.030          11102            2.723        100.0
small_04                                      1.065725    2002203       1972517  0.985           8952            2.309        100.0
worst_for_path_decomposition_00             253.476691  480281334     316835170  0.660        3931387            8.510        100.0
worst_for_path_decomposition_01             251.589289  476685681     316345031  0.664        3913659            8.499        100.0
