2026-10-01 lenovo / Intel(R) Core(TM) i5-10210U CPU @ 1.60GHz
Two complete passes; per binary/case minimum task-clock; all counters from that same run.
Cases: 29, including examples. Units: ms. No CPU pinning.
Compiler: g++ (GCC) 16.2.1 20260819 (Red Hat 16.2.1-2); rustc 1.98.1 (48a229cea 2026-09-01)
Build host: master; glibc 2.43
Environment: Linux 7.2.8-200.fc44.x86_64; affinity [0, 1, 2, 3]; stack 268435456 bytes; bench_env OK.
cxx_flags.txt: -std=c++23 -DEVAL -DONLINE_JUDGE -Iinclude -O3 -fwhole-program -fno-exceptions -fno-rtti -march=x86-64-v3 -fno-pie -no-pie -nostdlib++ -static -lm -s
cpp_flags.txt: -std=c++23 -DEVAL -DONLINE_JUDGE -Iac-library -include cassert -O3 -fwhole-program -fno-exceptions -fno-rtti -march=x86-64-v3 -fno-pie -no-pie -static -lgmp -s
rust_flags.txt: -C opt-level=3 -C codegen-units=1 -C lto=fat -C panic=abort -C target-cpu=x86-64-v3 -C target-feature=+crt-static -C relocation-model=static -C link-arg=-Wl,-u,__cxa_thread_atexit_impl -C strip=symbols

solution                                max (ms)       sum (ms)
Anonymous                                886.911762    9643.939501
Nachia                                   717.224917    8201.116735
Richard1211                             1047.353002   11749.432132
chaihf                                   907.983611    9850.524344
cmk666                                   883.058433    9651.815589
main                                     490.107385    5453.877229

submissions/data_structure/range_parallel_unionfind/Anonymous.cpp
SHA-256: 2a2b98107e125d19d5a1b35c75b027542401e8a651b23ebcca7d06da9daaca79
case                  task-clock (ms)      cycles  instructions    IPC  branch-misses  branch-miss (%)  running (%)
max (decr_period_03)       886.911762           -             -      -              -                -            -
sum                       9643.939501           -             -      -              -                -            -
example_00                   1.063311     1682113       2446178  1.454           6682            1.185        100.0
example_01                   1.037674     1641134       2463657  1.501           6750            1.185        100.0
decr_period_00             804.273444  1283474019    1181882468  0.921        7694769            3.886        100.0
decr_period_01             808.658975  1290591238    1175307373  0.911        7680207            3.913        100.0
decr_period_02             825.158655  1316868197    1172846341  0.891        7603670            3.874        100.0
decr_period_03             886.911762  1415362234    1153779247  0.815        7434734            3.874        100.0
large_k_00                 183.800135   293271038     635695918  2.168        1158971            1.084        100.0
large_k_01                 180.199245   287495853     634708924  2.208        1046635            0.984        100.0
large_k_02                 182.020863   290396673     633132623  2.180        1124713            1.060        100.0
periodic_00                780.735794  1245962514    1177216809  0.945        7128774            3.616        100.0
periodic_01                778.723573  1242801412    1161594599  0.935        7003053            3.615        100.0
periodic_02                786.513417  1255273889    1162891540  0.926        7042497            3.634        100.0
periodic_03                801.176413  1278632855    1153292177  0.902        6885743            3.588        100.0
random_00                  533.746362   851806731     927995986  1.089        5649285            3.662        100.0
random_01                  690.998379  1102760800    1085272016  0.984        6515770            3.608        100.0
random_02                   75.861080   121081255     239086051  1.975        1259427            3.275        100.0
small_00                    13.601605    21696795      65978809  3.041         258164            1.845        100.0
small_01                    19.475444    31072524      76719185  2.469         523676            4.234        100.0
small_02                    22.517533    35928508      88357238  2.459         552045            3.909        100.0
small_03                    24.363557    38875550      89168916  2.294         635464            4.482        100.0
small_04                    24.724779    39451684      95108654  2.411         582491            3.861        100.0
small_05                    25.251560    40292968      98981636  2.457         563430            3.598        100.0
small_06                    26.843148    42833822     102261933  2.387         649549            4.021        100.0
small_07                    26.767880    42713653     101037585  2.365         646474            4.058        100.0
small_08                    26.809065    42779161     103596996  2.422         624939            3.825        100.0
small_09                    25.650099    40929695     106062402  2.591         534471            3.190        100.0
small_k_00                 362.897129   579125458     553572416  0.956        6866242            7.270        100.0
small_k_01                 362.254653   578099056     554609125  0.959        6879949            7.275        100.0
small_k_02                 361.903967   577529513     552365257  0.956        6864890            7.302        100.0

submissions/data_structure/range_parallel_unionfind/Nachia.cpp
SHA-256: 92a2c33100d0a06eaf2452ea2b7586c8c46974615b4b863187f6c6055a12bdbe
case                  task-clock (ms)      cycles  instructions    IPC  branch-misses  branch-miss (%)  running (%)
max (decr_period_03)       717.224917           -             -      -              -                -            -
sum                       8201.116735           -             -      -              -                -            -
example_00                   0.876363     1382584       1872468  1.354           5597            1.322        100.0
example_01                   0.850792     1341491       1853972  1.382           5448            1.305        100.0
decr_period_00             644.952504  1029338403    1675624955  1.628        5209085            1.970        100.0
decr_period_01             647.567660  1033522738    1681218103  1.627        5388590            2.032        100.0
decr_period_02             665.886414  1062774987    1680431248  1.581        5472958            2.062        100.0
decr_period_03             717.224917  1144686674    1671172021  1.460        5629167            2.133        100.0
large_k_00                 206.112604   328947897     945487250  2.874         999464            0.642        100.0
large_k_01                 206.189007   329079787     944091380  2.869        1014147            0.652        100.0
large_k_02                 206.246792   329158113     942471254  2.863        1018488            0.657        100.0
periodic_00                620.661357   990614098    1669014362  1.685        4630837            1.759        100.0
periodic_01                623.411076   994975691    1672261567  1.681        4645316            1.762        100.0
periodic_02                637.095693  1016798934    1673500083  1.646        4647752            1.761        100.0
periodic_03                653.449727  1042935373    1668727194  1.600        4678562            1.779        100.0
random_00                  448.745151   716154076    1356770886  1.895        3792538            1.753        100.0
random_01                  555.462074   886508951    1568031998  1.769        4341696            1.751        100.0
random_02                  102.143389   163010098     429632540  2.636        1262026            1.645        100.0
small_00                    20.827022    33230517      89622126  2.697         256107            1.097        100.0
small_01                    31.244333    49839160     160770347  3.226         289469            0.848        100.0
small_02                    35.901558    57293015     168544877  2.942         463117            1.310        100.0
small_03                    38.089168    60785472     177495450  2.920         482062            1.313        100.0
small_04                    41.041472    65498182     185519849  2.832         576952            1.521        100.0
small_05                    41.778526    66674644     189621443  2.844         613238            1.594        100.0
small_06                    43.233063    68997195     193160358  2.800         653056            1.674        100.0
small_07                    45.247825    72213215     195782388  2.711         721585            1.832        100.0
small_08                    45.376300    72418098     197889184  2.733         719786            1.814        100.0
small_09                    45.816387    73120192     200920371  2.748         722375            1.800        100.0
small_k_00                 292.766213   467276853     851005269  1.821        3832785            2.681        100.0
small_k_01                 290.299776   463339758     850733191  1.836        3818523            2.673        100.0
small_k_02                 292.619572   467026456     850653934  1.821        3828044            2.680        100.0

submissions/data_structure/range_parallel_unionfind/Richard1211.cpp
SHA-256: eb40e4307bf0333576a105dc0d0f750f08777a8e264d82192397a21fd8fc40b3
case                  task-clock (ms)      cycles  instructions    IPC  branch-misses  branch-miss (%)  running (%)
max (decr_period_03)      1047.353002           -             -      -              -                -            -
sum                      11749.432132           -             -      -              -                -            -
example_00                   1.017585     1608234       2411054  1.499           6577            1.182        100.0
example_01                   1.021027     1614412       2404323  1.489           6688            1.210        100.0
decr_period_00             959.759034  1531662780    1283687026  0.838        8517508            4.154        100.0
decr_period_01             959.056501  1530524085    1287488608  0.841        8703284            4.233        100.0
decr_period_02             982.002580  1567172473    1281265799  0.818        8513753            4.157        100.0
decr_period_03            1047.353002  1671458661    1269286478  0.759        7956818            3.909        100.0
large_k_00                 229.619100   366359744     772875716  2.110         920634            0.742        100.0
large_k_01                 226.454991   361333039     771101256  2.134         921303            0.749        100.0
large_k_02                 230.452565   367702177     773347997  2.103         959413            0.773        100.0
periodic_00                937.125609  1495609874    1277856560  0.854        7919715            3.881        100.0
periodic_01                933.388866  1489663641    1275048759  0.856        7861133            3.860        100.0
periodic_02                971.514470  1550489855    1275449676  0.823        7939307            3.900        100.0
periodic_03                978.739172  1562025508    1266123939  0.811        7621869            3.770        100.0
random_00                  659.803140  1053004216    1055509838  1.002        6352491            3.790        100.0
random_01                  835.833212  1333939883    1198586790  0.899        7286864            3.822        100.0
random_02                  107.790053   172032029     378975531  2.203        1307106            2.277        100.0
small_00                    17.413708    27782577      82654028  2.975         258377            1.585        100.0
small_01                    43.150419    68865847     192440154  2.794         526631            1.754        100.0
small_02                    46.071200    73527411     198919913  2.705         627323            2.022        100.0
small_03                    45.522622    72651666     203371441  2.799         610609            1.962        100.0
small_04                    48.900408    78030307     205789841  2.637         704322            2.226        100.0
small_05                    47.155253    75257212     207551757  2.758         603246            1.907        100.0
small_06                    47.263316    75429717     208892068  2.769         607599            1.905        100.0
small_07                    45.961962    73352338     210096209  2.864         512894            1.613        100.0
small_08                    46.680642    74499918     210845582  2.830         518733            1.617        100.0
small_09                    46.044362    73484254     212344491  2.890         489144            1.523        100.0
small_k_00                 421.346141   672448768     720558962  1.072        6494946            5.680        100.0
small_k_01                 414.843506   662068087     721285683  1.089        6478430            5.663        100.0
small_k_02                 418.147686   667393110     721603585  1.081        6487333            5.667        100.0

submissions/data_structure/range_parallel_unionfind/chaihf.cpp
SHA-256: 03c17ab27ad4bf689ac25420cc261ed44cc3d3abadbbdcd7753ad763f0add422
case                  task-clock (ms)      cycles  instructions    IPC  branch-misses  branch-miss (%)  running (%)
max (decr_period_03)       907.983611           -             -      -              -                -            -
sum                       9850.524344           -             -      -              -                -            -
example_00                   1.044568     1652075       2432623  1.472           6637            1.179        100.0
example_01                   0.999144     1579804       2414485  1.528           6599            1.185        100.0
decr_period_00             824.357691  1315631718    1069650112  0.813        7967560            4.511        100.0
decr_period_01             832.438030  1328541229    1078957031  0.812        8079321            4.536        100.0
decr_period_02             848.009355  1353384227    1074415888  0.794        7967430            4.481        100.0
decr_period_03             907.983611  1449022448    1058296461  0.730        7941073            4.568        100.0
large_k_00                 187.823143   299688170     585676054  1.954         811024            0.840        100.0
large_k_01                 184.161624   293858782     583384280  1.985         765037            0.802        100.0
large_k_02                 188.028898   300012085     587497575  1.958         836374            0.868        100.0
periodic_00                800.504948  1277562128    1064792325  0.833        7381814            4.212        100.0
periodic_01                803.336824  1282078573    1064213671  0.830        7377138            4.216        100.0
periodic_02                815.289942  1301196671    1064028988  0.818        7409462            4.231        100.0
periodic_03                830.269593  1324987036    1058458844  0.799        7357469            4.223        100.0
random_00                  552.871256   882336226     844257424  0.957        5953081            4.326        100.0
random_01                  717.292986  1144721686     990522374  0.865        6859766            4.201        100.0
random_02                   76.116819   121475091     194725980  1.603        1296886            4.528        100.0
small_00                    15.078503    24053968      72902926  3.031         258780            2.025        100.0
small_01                    19.895923    31744152      85294621  2.687         354486            2.964        100.0
small_02                    23.414844    37361727      90733327  2.429         467625            3.539        100.0
small_03                    25.437480    40578347      92415685  2.277         532144            3.960        100.0
small_04                    24.809217    39587511      94950950  2.399         451591            3.213        100.0
small_05                    25.156865    40140674      96222225  2.397         444829            3.104        100.0
small_06                    25.728315    41053753      97319962  2.371         486121            3.336        100.0
small_07                    25.866399    41273896      97376232  2.359         490256            3.381        100.0
small_08                    25.641064    40914734      98501417  2.407         463133            3.130        100.0
small_09                    24.447807    39010147      99345751  2.547         391501            2.615        100.0
small_k_00                 348.870357   556732058     491902140  0.884        6094044            7.748        100.0
small_k_01                 347.865773   555198066     493480944  0.889        6090174            7.717        100.0
small_k_02                 347.783365   555041117     492790249  0.888        6087487            7.730        100.0

submissions/data_structure/range_parallel_unionfind/cmk666.cpp
SHA-256: 2a2b98107e125d19d5a1b35c75b027542401e8a651b23ebcca7d06da9daaca79
case                  task-clock (ms)      cycles  instructions    IPC  branch-misses  branch-miss (%)  running (%)
max (decr_period_03)       883.058433           -             -      -              -                -            -
sum                       9651.815589           -             -      -              -                -            -
example_00                   1.048273     1658391       2437860  1.470           6758            1.206        100.0
example_01                   1.012345     1599878       2463159  1.540           6695            1.176        100.0
decr_period_00             806.954853  1287773633    1181645459  0.918        7686671            3.883        100.0
decr_period_01             808.086339  1289660567    1175131970  0.911        7685705            3.916        100.0
decr_period_02             824.145125  1315256056    1173164588  0.892        7604011            3.873        100.0
decr_period_03             883.058433  1409232768    1154074734  0.819        7440352            3.876        100.0
large_k_00                 183.475195   292736219     635758463  2.172        1165267            1.090        100.0
large_k_01                 180.411575   287870628     635744952  2.208        1057813            0.992        100.0
large_k_02                 181.707822   289896407     632688701  2.182        1120593            1.057        100.0
periodic_00                781.145443  1246548795    1177141560  0.944        7131527            3.618        100.0
periodic_01                786.018255  1254480636    1161847584  0.926        7001042            3.613        100.0
periodic_02                787.991445  1257600572    1164080538  0.926        7028751            3.621        100.0
periodic_03                801.779320  1279615794    1153283985  0.901        6890315            3.591        100.0
random_00                  535.271015   854207107     927972960  1.086        5657439            3.668        100.0
random_01                  692.201899  1104666768    1085558612  0.983        6497199            3.596        100.0
random_02                   75.748752   120886720     239115845  1.978        1258519            3.272        100.0
small_00                    13.634281    21748202      65970505  3.033         258101            1.845        100.0
small_01                    19.526610    31154531      76772693  2.464         524921            4.237        100.0
small_02                    22.541958    35966808      88339714  2.456         553723            3.923        100.0
small_03                    24.346937    38837344      89194813  2.297         637068            4.490        100.0
small_04                    24.725774    39453615      95070532  2.410         581820            3.859        100.0
small_05                    25.290644    40355359      98951484  2.452         564605            3.609        100.0
small_06                    26.867884    42873385     102293659  2.386         649023            4.015        100.0
small_07                    26.860762    42850259     101125750  2.360         647196            4.056        100.0
small_08                    26.757358    42697140     103559624  2.425         624739            3.825        100.0
small_09                    25.570989    40802594     106088000  2.600         535440            3.194        100.0
small_k_00                 362.295001   578130084     554108275  0.958        6864891            7.258        100.0
small_k_01                 361.844811   577458778     552463606  0.957        6876833            7.312        100.0
small_k_02                 361.496491   576894210     552826930  0.958        6866061            7.292        100.0

src/data_structure/range_parallel_unionfind/main.cxx
SHA-256: d19c3e2559bc732a4b10bb89e53a46f89ab1f05a1daa3f19255a0bab672f4a3f
case                  task-clock (ms)     cycles  instructions    IPC  branch-misses  branch-miss (%)  running (%)
max (decr_period_03)       490.107385          -             -      -              -                -            -
sum                       5453.877229          -             -      -              -                -            -
example_00                   0.823816    1300193       1747581  1.344           5434            1.394        100.0
example_01                   0.842775    1330006       1757366  1.321           5594            1.428        100.0
decr_period_00             423.771946  676359121    1174882238  1.737        3112891            1.757        100.0
decr_period_01             436.503645  696655152    1178390523  1.691        3308402            1.861        100.0
decr_period_02             451.585408  720765552    1177717633  1.634        3451342            1.938        100.0
decr_period_03             490.107385  782213171    1176376817  1.504        3706801            2.075        100.0
large_k_00                 124.827912  199183192     584597383  2.935         225883            0.267        100.0
large_k_01                 124.991764  199490369     585026631  2.933         255337            0.302        100.0
large_k_02                 124.990187  199504307     582836588  2.921         252563            0.300        100.0
periodic_00                401.849715  641334728    1164698234  1.816        2579112            1.472        100.0
periodic_01                407.540404  650459499    1169148376  1.797        2593560            1.473        100.0
periodic_02                416.506461  664750598    1164754459  1.752        2595119            1.477        100.0
periodic_03                433.055694  691175762    1166617729  1.688        2647655            1.507        100.0
random_00                  295.357995  471419459     926803452  1.966        2102067            1.521        100.0
random_01                  361.340468  576735047    1083366467  1.878        2408134            1.482        100.0
random_02                   65.867976  105127591     235870620  2.244         712224            2.306        100.0
small_00                    15.577901   24851644      47798342  1.923         256939            7.608        100.0
small_01                    21.711975   34642979      66590816  1.922         334884            7.365        100.0
small_02                    27.107684   43256579      73084836  1.690         478104            8.699        100.0
small_03                    31.501821   50270688      79821974  1.588         602445            9.091        100.0
small_04                    33.750615   53847072      87612421  1.627         628371            8.067        100.0
small_05                    35.549779   56731659      95234711  1.679         653572            7.229        100.0
small_06                    39.473329   62995290     102562868  1.628         791659            7.569        100.0
small_07                    39.353837   62804769     110573137  1.761         742686            6.288        100.0
small_08                    36.712218   58587261     112672909  1.923         661043            5.567        100.0
small_09                    42.105009   67184840     112681970  1.677         881581            7.286        100.0
small_k_00                 189.730231  302811847     538052083  1.777        2268601            2.979        100.0
small_k_01                 191.141463  305055076     537888793  1.763        2261383            2.971        100.0
small_k_02                 190.197816  303551394     537970378  1.772        2268693            2.980        100.0
