2026-10-01 lenovo / Intel(R) Core(TM) i5-10210U CPU @ 1.60GHz
Two complete passes; per binary/case minimum task-clock; all counters from that same run.
Cases: 33, including examples. Units: ms. No CPU pinning.
Compiler: g++ (GCC) 16.2.1 20260819 (Red Hat 16.2.1-2); rustc 1.98.1 (48a229cea 2026-09-01)
Build host: master; glibc 2.43
Environment: Linux 7.2.8-200.fc44.x86_64; affinity [0, 1, 2, 3]; stack 268435456 bytes; bench_env OK.
cxx_flags.txt: -std=c++23 -DEVAL -DONLINE_JUDGE -Iinclude -O3 -fwhole-program -fno-exceptions -fno-rtti -march=x86-64-v3 -fno-pie -no-pie -nostdlib++ -static -lm -s
cpp_flags.txt: -std=c++23 -DEVAL -DONLINE_JUDGE -Iac-library -include cassert -O3 -fwhole-program -fno-exceptions -fno-rtti -march=x86-64-v3 -fno-pie -no-pie -static -lgmp -s
rust_flags.txt: -C opt-level=3 -C codegen-units=1 -C lto=fat -C panic=abort -C target-cpu=x86-64-v3 -C target-feature=+crt-static -C relocation-model=static -C link-arg=-Wl,-u,__cxa_thread_atexit_impl -C strip=symbols

solution                                max (ms)       sum (ms)
Anonymous                                593.140617    8039.946122
Richard1211                              600.069305    8091.406928
Taiki0715                                639.870542    8660.401495
chaihf                                   602.686611    8325.673187
oldyan                                   591.585438    7916.042102
main                                     580.864419    7315.510482

submissions/data_structure/range_chmin_chmax_add_range_sum/Anonymous.cpp
SHA-256: a7e0f2de1bd386cac215161cb710d183e5a9a7aed032d53a758cddb27c813041
case                      task-clock (ms)     cycles  instructions    IPC  branch-misses  branch-miss (%)  running (%)
max (max_random_01)            593.140617          -             -      -              -                -            -
sum                           8039.946122          -             -      -              -                -            -
example_00                       1.027915    1625290       2407590  1.481           6692            1.207        100.0
issue_1369_log2_00             229.061083  365572915     906579262  2.480        2190028            1.504        100.0
issue_1369_log2_01             250.022120  399043189    1012000170  2.536        2461345            1.515        100.0
issue_1369_log2_02             245.096353  391179491     982569242  2.512        1761597            1.121        100.0
issue_1369_log2_03             273.493552  436462077    1108644895  2.540        2035937            1.147        100.0
max_random_00                  586.996452  936807827    1247716081  1.332       14568116            7.756        100.0
max_random_01                  593.140617  946618595    1261145651  1.332       14749058            7.809        100.0
max_random_02                  583.793956  931648751    1248065544  1.340       14278085            7.618        100.0
medium_00                        2.874027    4571828       6252995  1.368          75356            6.595        100.0
medium_01                        2.327691    3700900       4976906  1.345          57326            6.013        100.0
medium_02                        2.149273    3415448       4712046  1.380          50577            5.520        100.0
random2_00                     478.251455  763320191    1200890604  1.573        9523794            4.987        100.0
random2_01                     480.724545  767234112    1201585119  1.566        9548218            5.001        100.0
random2_02                     478.260441  763326902    1198816516  1.571        9547214            5.002        100.0
random3_00                     560.494559  894592695    1475774268  1.650       11193238            4.816        100.0
random3_01                     560.008057  893798875    1476394794  1.652       11120150            4.776        100.0
random3_02                     561.455190  896000009    1476253372  1.648       11137017            4.785        100.0
random_00                      394.266346  629187452     870203603  1.383       10254093            7.872        100.0
random_01                      426.339886  680372282     917968966  1.349       10818231            7.827        100.0
random_02                      274.759405  438505809     628650276  1.434        8081931            8.557        100.0
small_00                         1.015721    1606017       2413232  1.503           6755            1.218        100.0
small_01                         0.996043    1573841       2418057  1.536           6865            1.235        100.0
small_02                         1.010248    1596926       2424889  1.518           6925            1.238        100.0
small_03                         0.991328    1566749       2450475  1.564           6901            1.214        100.0
small_04                         1.014925    1604158       2421914  1.510           7115            1.279        100.0
small_05                         1.031962    1632557       2465368  1.510           7014            1.224        100.0
small_06                         0.976700    1543260       2459881  1.594           7110            1.247        100.0
small_07                         0.989901    1564814       2430854  1.553           7061            1.260        100.0
small_08                         0.988934    1563009       2421510  1.549           7015            1.261        100.0
small_09                         0.993350    1570732       2461463  1.567           7164            1.256        100.0
small_absolute_values_00       385.244701  614789750     811011500  1.319       10335745            8.313        100.0
small_absolute_values_01       405.391121  646917167     839149425  1.297       10479091            8.100        100.0
small_absolute_values_02       254.758265  406596472     570438098  1.403        7665290            8.761        100.0

submissions/data_structure/range_chmin_chmax_add_range_sum/Richard1211.cpp
SHA-256: 0d151c877ee2ed940c61973a49ae9e9dde98aba441a8f2903124993072a9edbf
case                      task-clock (ms)     cycles  instructions    IPC  branch-misses  branch-miss (%)  running (%)
max (max_random_01)            600.069305          -             -      -              -                -            -
sum                           8091.406928          -             -      -              -                -            -
example_00                       1.007255    1592394       2410243  1.514           6678            1.202        100.0
issue_1369_log2_00             225.287197  359478882     921362730  2.563        2151921            1.448        100.0
issue_1369_log2_01             249.513050  398167018    1025359307  2.575        2457689            1.484        100.0
issue_1369_log2_02             246.266057  392973258     998569212  2.541        1843833            1.146        100.0
issue_1369_log2_03             271.657795  433491359    1124438481  2.594        2037949            1.123        100.0
max_random_00                  595.289772  949993083    1288700101  1.357       14477473            7.230        100.0
max_random_01                  600.069305  957672299    1298914612  1.356       14654654            7.300        100.0
max_random_02                  590.043367  941652018    1290094609  1.370       14185374            7.088        100.0
medium_00                        2.887173    4592395       6340984  1.381          74614            6.342        100.0
medium_01                        2.276735    3618658       5049974  1.396          56255            5.733        100.0
medium_02                        2.143788    3406619       4762118  1.398          50209            5.352        100.0
random2_00                     485.255891  774310182    1239691519  1.601        9606579            4.612        100.0
random2_01                     484.657085  773445797    1240789705  1.604        9616561            4.615        100.0
random2_02                     484.538516  773248288    1238728758  1.602        9603380            4.614        100.0
random3_00                     559.833770  893405718    1496324551  1.675       11294564            4.681        100.0
random3_01                     559.112861  892273357    1497013688  1.678       11225475            4.644        100.0
random3_02                     559.497578  892939876    1496603246  1.676       11235194            4.651        100.0
random_00                      398.609594  636105181     895098478  1.407       10203484            7.394        100.0
random_01                      433.801147  692294430     950066670  1.372       10743717            7.254        100.0
random_02                      278.016974  443726955     644655078  1.453        8024709            8.052        100.0
small_00                         0.981901    1552252       2441681  1.573           6723            1.187        100.0
small_01                         0.988078    1561611       2442659  1.564           6724            1.187        100.0
small_02                         0.973907    1539442       2443809  1.587           6780            1.197        100.0
small_03                         0.977834    1545102       2407256  1.558           6785            1.227        100.0
small_04                         1.014178    1603173       2448909  1.528           6984            1.231        100.0
small_05                         0.995706    1574350       2408707  1.530           6927            1.253        100.0
small_06                         0.971354    1535312       2403609  1.566           6863            1.243        100.0
small_07                         0.974511    1540135       2431792  1.579           6940            1.234        100.0
small_08                         0.976609    1543838       2448135  1.586           6969            1.229        100.0
small_09                         1.016852    1607774       2425732  1.509           7044            1.262        100.0
small_absolute_values_00       387.389210  618192104     829000718  1.341       10253146            7.938        100.0
small_absolute_values_01       409.388754  653304736     863257048  1.321       10390604            7.647        100.0
small_absolute_values_02       254.993124  406965844     581669089  1.429        7587537            8.359        100.0

submissions/data_structure/range_chmin_chmax_add_range_sum/Taiki0715.cpp
SHA-256: 94ffa7f6e3ec253ace6c84d0b9f9ac4327ce43591a1c5ad1969ca0d639330d9d
case                      task-clock (ms)      cycles  instructions    IPC  branch-misses  branch-miss (%)  running (%)
max (random3_00)               639.870542           -             -      -              -                -            -
sum                           8660.401495           -             -      -              -                -            -
example_00                       0.897324     1417639       1922965  1.356           5766            1.316        100.0
issue_1369_log2_00             262.794739   419343154    1024566231  2.443        2603467            1.864        100.0
issue_1369_log2_01             284.942778   454689233    1092017590  2.402        3158307            2.095        100.0
issue_1369_log2_02             292.914452   467400813    1135366532  2.429        2597295            1.699        100.0
issue_1369_log2_03             322.967351   515372515    1251471734  2.428        2944960            1.725        100.0
max_random_00                  600.874676   958938308    1295926571  1.351       15065864            7.402        100.0
max_random_01                  606.061436   967222852    1313466327  1.358       15279606            7.407        100.0
max_random_02                  597.686094   953869620    1297697735  1.360       14871600            7.311        100.0
medium_00                        2.640035     4198717       5814210  1.385          67058            6.481        100.0
medium_01                        2.090519     3321143       4449887  1.340          50785            6.236        100.0
medium_02                        1.923344     3055136       4192730  1.372          44468            5.744        100.0
random2_00                     521.510455   832288203    1216629398  1.462       11665912            5.282        100.0
random2_01                     521.805673   832751481    1219127352  1.464       11638190            5.260        100.0
random2_02                     521.875909   832856261    1218627389  1.463       11594479            5.250        100.0
random3_00                     639.870542  1021150242    1530091922  1.498       14437214            5.289        100.0
random3_01                     639.639916  1020789164    1530523617  1.499       14489820            5.310        100.0
random3_02                     636.784115  1016258062    1531889338  1.507       14348009            5.264        100.0
random_00                      403.383650   643756385     897232615  1.394       10702577            7.595        100.0
random_01                      438.334514   699472616     965198757  1.380       11091030            7.318        100.0
random_02                      283.845504   453043427     647881854  1.430        8273609            8.160        100.0
small_00                         0.829790     1309721       1867159  1.426           5692            1.361        100.0
small_01                         0.861114     1359028       1881088  1.384           5899            1.394        100.0
small_02                         0.857161     1353299       1885296  1.393           5871            1.386        100.0
small_03                         0.837212     1321027       1912734  1.448           5938            1.370        100.0
small_04                         0.888017     1401816       1922633  1.372           5920            1.355        100.0
small_05                         0.853806     1347954       1886740  1.400           6076            1.434        100.0
small_06                         0.823437     1299750       1907324  1.467           5746            1.330        100.0
small_07                         0.838847     1323744       1911929  1.444           5987            1.382        100.0
small_08                         0.804928     1269466       1855591  1.462           5655            1.362        100.0
small_09                         0.823661     1299242       1873707  1.442           5902            1.411        100.0
small_absolute_values_00       393.411775   627807537     851577925  1.356       10548123            7.798        100.0
small_absolute_values_01       413.297217   659565947     898224161  1.362       10451136            7.316        100.0
small_absolute_values_02       262.431504   418827057     596926867  1.425        7681549            8.107        100.0

submissions/data_structure/range_chmin_chmax_add_range_sum/chaihf.cpp
SHA-256: a8da8700fe06a52eabb83cdd20da4939b2c876fb135322921f6bd0111a7eef27
case                      task-clock (ms)     cycles  instructions    IPC  branch-misses  branch-miss (%)  running (%)
max (random3_01)               602.686611          -             -      -              -                -            -
sum                           8325.673187          -             -      -              -                -            -
example_00                       0.995348    1573739       2407427  1.530           6553            1.184        100.0
issue_1369_log2_00             236.832373  377914410     964302709  2.552        2352219            1.485        100.0
issue_1369_log2_01             268.327750  428153466    1087147133  2.539        2846382            1.595        100.0
issue_1369_log2_02             264.927061  422743438    1049991931  2.484        1998541            1.171        100.0
issue_1369_log2_03             294.506547  469969295    1204455216  2.563        2155527            1.100        100.0
max_random_00                  590.038221  941649157    1264128735  1.342       13845450            6.645        100.0
max_random_01                  595.541763  950402117    1277896781  1.345       14016142            6.661        100.0
max_random_02                  582.326794  929337131    1265597079  1.362       13542319            6.498        100.0
medium_00                        2.816698    4480144       6111353  1.364          73200            6.269        100.0
medium_01                        2.210230    3513341       4812088  1.370          56176            5.855        100.0
medium_02                        2.041636    3243832       4513806  1.392          49183            5.403        100.0
random2_00                     511.615937  816454783    1249044386  1.530       10266199            4.454        100.0
random2_01                     511.126505  815651025    1248485206  1.531       10260952            4.453        100.0
random2_02                     506.724748  808730245    1247037969  1.542       10238959            4.450        100.0
random3_00                     600.446790  958281549    1560391826  1.628       12253772            4.440        100.0
random3_01                     602.686611  961807953    1560787036  1.623       12315845            4.462        100.0
random3_02                     600.765144  958781847    1560966037  1.628       12238955            4.433        100.0
random_00                      394.018532  628759470     876076236  1.393        9788765            6.795        100.0
random_01                      426.471822  680574609     933801822  1.372       10177334            6.606        100.0
random_02                      272.209711  434424891     632213835  1.455        7721158            7.427        100.0
small_00                         1.002156    1583892       2461434  1.554           6694            1.173        100.0
small_01                         0.967241    1528422       2424521  1.586           6621            1.189        100.0
small_02                         0.987808    1562288       2465584  1.578           6775            1.185        100.0
small_03                         0.996908    1575051       2434089  1.545           6864            1.228        100.0
small_04                         0.976467    1544318       2431285  1.574           6854            1.228        100.0
small_05                         0.985924    1558693       2470195  1.585           6891            1.204        100.0
small_06                         1.006909    1590844       2447682  1.539           6804            1.198        100.0
small_07                         1.013641    1602391       2460879  1.536           6923            1.218        100.0
small_08                         1.067454    1688134       2484169  1.472           6977            1.209        100.0
small_09                         1.009985    1597176       2478036  1.552           7082            1.233        100.0
small_absolute_values_00       386.442192  616661975     844212210  1.369        9873001            7.083        100.0
small_absolute_values_01       409.075685  652809150     883092521  1.353        9889106            6.758        100.0
small_absolute_values_02       253.510596  404612559     590272422  1.459        7357324            7.549        100.0

submissions/data_structure/range_chmin_chmax_add_range_sum/oldyan.cpp
SHA-256: 2cb378359983baca7caabf4762c3d6eb94deaeb16c72be0fd2139fb313f31c7a
case                      task-clock (ms)     cycles  instructions    IPC  branch-misses  branch-miss (%)  running (%)
max (max_random_01)            591.585438          -             -      -              -                -            -
sum                           7916.042102          -             -      -              -                -            -
example_00                       0.852502    1345375       1802831  1.340           5625            1.398        100.0
issue_1369_log2_00             217.464786  347002411     886094429  2.554        2148498            1.514        100.0
issue_1369_log2_01             241.120123  384745106     991536100  2.577        2504191            1.567        100.0
issue_1369_log2_02             238.963082  381314411     959330419  2.516        1802873            1.178        100.0
issue_1369_log2_03             264.180653  421548749    1084673436  2.573        2049652            1.178        100.0
max_random_00                  586.018860  935202831    1190435767  1.273       14804202            8.015        100.0
max_random_01                  591.585438  944105626    1204111081  1.275       15020104            8.079        100.0
max_random_02                  583.019256  930487926    1191955866  1.281       14562880            7.888        100.0
medium_00                        2.644292    4204595       5268106  1.253          73641            7.787        100.0
medium_01                        2.086417    3314563       4040214  1.219          56171            7.452        100.0
medium_02                        1.899452    3016563       3760115  1.246          48871            6.871        100.0
random2_00                     466.628402  744599386    1149100527  1.543        9572349            5.006        100.0
random2_01                     465.008589  742061542    1150097673  1.550        9599860            5.015        100.0
random2_02                     467.136444  745464402    1149190136  1.542        9584540            5.011        100.0
random3_00                     546.289354  871809460    1439087272  1.651       11218745            4.740        100.0
random3_01                     544.225455  868534199    1439623900  1.658       11066205            4.668        100.0
random3_02                     546.091687  871462581    1440779215  1.653       11102388            4.679        100.0
random_00                      394.115476  628921278     828770944  1.318       10452003            8.189        100.0
random_01                      425.845164  679563098     878382194  1.293       11005587            8.047        100.0
random_02                      272.449662  434835548     597313489  1.374        8224161            8.911        100.0
small_00                         0.836147    1319358       1789723  1.357           5588            1.405        100.0
small_01                         0.823499    1299375       1813650  1.396           5314            1.294        100.0
small_02                         0.834703    1316367       1779909  1.352           5496            1.382        100.0
small_03                         0.837682    1321463       1831407  1.386           5791            1.405        100.0
small_04                         0.854108    1348120       1808334  1.341           5776            1.432        100.0
small_05                         0.817954    1289298       1823837  1.415           5780            1.401        100.0
small_06                         0.779394    1228731       1813525  1.476           5744            1.406        100.0
small_07                         0.811870    1280866       1796639  1.403           5912            1.483        100.0
small_08                         0.856852    1351469       1830236  1.354           5739            1.393        100.0
small_09                         0.857133    1352908       1828850  1.352           6073            1.484        100.0
small_absolute_values_00       387.015533  617597258     795083612  1.287       10573027            8.577        100.0
small_absolute_values_01       408.427668  651762564     828375514  1.271       10670817            8.225        100.0
small_absolute_values_02       254.664465  406458201     555960724  1.368        7829438            9.078        100.0

src/data_structure/range_chmin_chmax_add_range_sum/main.cxx
SHA-256: ea38e434a6f4b8dc8c2b5a52065c57c22ea79db6834e23836da325754bc4fd8c
case                      task-clock (ms)     cycles  instructions    IPC  branch-misses  branch-miss (%)  running (%)
max (random3_00)               580.864419          -             -      -              -                -            -
sum                           7315.510482          -             -      -              -                -            -
example_00                       0.871973    1376561       1791289  1.301           5673            1.403        100.0
issue_1369_log2_00             231.141823  368816914     853903128  2.315        2569164            1.779        100.0
issue_1369_log2_01             251.272240  400953836     937493868  2.338        2939322            1.826        100.0
issue_1369_log2_02             252.154569  402352134     929252982  2.310        2406255            1.548        100.0
issue_1369_log2_03             271.986681  433999308    1054395967  2.429        2770467            1.543        100.0
max_random_00                  465.656975  743128622    1000988569  1.347       14155266            9.097        100.0
max_random_01                  469.483692  749233794    1008836999  1.346       14242102            9.065        100.0
max_random_02                  463.454637  739578801    1011256049  1.367       13975626            8.894        100.0
medium_00                        2.476419    3937663       4920643  1.250          68913            7.764        100.0
medium_01                        1.916323    3043774       3809173  1.251          51653            7.351        100.0
medium_02                        1.853311    2941704       3612336  1.228          47669            7.142        100.0
random2_00                     483.204419  771141515    1153643648  1.496       12142879            6.129        100.0
random2_01                     480.701383  767129110    1154496461  1.505       12165852            6.135        100.0
random2_02                     480.824782  767348856    1153237428  1.503       12168854            6.144        100.0
random3_00                     580.864419  927010916    1452893354  1.567       15203790            5.795        100.0
random3_01                     579.158748  924324536    1452223400  1.571       15169460            5.785        100.0
random3_02                     578.559237  923353370    1452731036  1.573       15169270            5.781        100.0
random_00                      317.687013  506936638     692476308  1.366       10000445            9.347        100.0
random_01                      346.986365  553729886     747691255  1.350       10436222            8.936        100.0
random_02                      230.624035  368096035     501946751  1.364        7802498           10.081        100.0
small_00                         0.804087    1268037       1770078  1.396           5474            1.369        100.0
small_01                         0.794667    1253213       1741717  1.390           5680            1.472        100.0
small_02                         0.800605    1262053       1745152  1.383           5728            1.482        100.0
small_03                         0.824884    1301014       1766433  1.358           5735            1.444        100.0
small_04                         0.806216    1271441       1755162  1.380           5694            1.459        100.0
small_05                         0.772027    1216966       1762172  1.448           5615            1.418        100.0
small_06                         0.872100    1376568       1760772  1.279           5835            1.491        100.0
small_07                         0.833837    1315674       1761157  1.339           5963            1.523        100.0
small_08                         0.799010    1259293       1737421  1.380           5662            1.465        100.0
small_09                         0.817714    1289260       1752295  1.359           5934            1.532        100.0
small_absolute_values_00       298.412789  476199975     641708978  1.348        9506246            9.557        100.0
small_absolute_values_01       313.396742  500107205     677219731  1.354        9378349            8.863        100.0
small_absolute_values_02       204.696760  326697702     446737657  1.367        6907367           10.052        100.0
