case                  task-clock (ms)     cycles  instructions    IPC  branch-misses  branch-miss (%)  running (%)
max (almost_line_00)       321.383551          -             -      -              -                -            -
sum                       2026.831874          -             -      -              -                -            -
example_00                   0.911665    1710159       1631036  0.954           5572            1.574        100.0
almost_line_00             321.383551  608974496     628088703  1.031        6937614            9.221        100.0
almost_line_01             318.714652  603900572     629340816  1.042        6942394            9.202        100.0
max_random_00              182.181129  345187519     299488369  0.868        2822965            7.091        100.0
max_random_01              181.073533  342994190     298686312  0.871        2856757            7.206        100.0
max_random_02              183.644878  347916896     304555450  0.875        2918224            7.238        100.0
max_random_03              184.583572  349698495     305981422  0.875        2882358            7.104        100.0
max_random_04              183.793163  348175322     302405221  0.869        2907318            7.269        100.0
random_00                  131.096602  248299802     225073329  0.906        2097878            6.910        100.0
random_01                  136.760609  259075730     230161015  0.888        2124316            6.850        100.0
random_02                   86.011017  162980223     159451807  0.978        1698944            8.052        100.0
random_03                   52.707086   99871725      98180679  0.983         545431            4.078        100.0
random_04                   58.482067  110821945     119146025  1.075        1397237            8.983        100.0
small_00                     1.101494    2070084       2126111  1.027          11579            2.808        100.0
small_01                     1.004727    1887253       1907143  1.011           9700            2.474        100.0
small_02                     1.028374    1931606       1961784  1.016          11417            2.925        100.0
small_03                     1.002222    1881879       1863743  0.990           9473            2.510        100.0
small_04                     1.351533    2544395       2590268  1.018          18562            3.892        100.0
