case                 task-clock (ms)     cycles  instructions    IPC  branch-misses  branch-miss (%)  running (%)
max (max_random_04)       247.892096          -             -      -              -                -            -
sum                      2027.383408          -             -      -              -                -            -
example_00                  0.850405    1594002       1638077  1.028           5629            1.584        100.0
identity_00                 0.852654    1598389       1632523  1.021           5419            1.526        100.0
max_identity_00             2.652000    5009218       8113003  1.620           6937            0.462        100.0
max_random_00             247.827199  469693908     980827432  2.088          71971            0.253        100.0
max_random_01             247.578953  469242887     980860338  2.090          69521            0.244        100.0
max_random_02             247.828251  469669214     980876217  2.088          70175            0.247        100.0
max_random_03             247.088570  468290948     980765180  2.094          69243            0.244        100.0
max_random_04             247.892096  469817914     980893659  2.088          69841            0.246        100.0
mid_00                     11.039565   20908152      41564440  1.988          12678            0.766        100.0
mid_01                     10.889066   20623475      41202950  1.998          12234            0.748        100.0
mid_02                     10.739002   20338269      41031898  2.017          11837            0.739        100.0
mid_03                      5.734056   10838296      20445441  1.886          10963            1.062        100.0
mid_04                     11.536834   21851043      43198280  1.977          13519            0.776        100.0
random_00                 246.961856  468061808     980096129  2.094          68449            0.242        100.0
random_01                 233.695079  442888189     933745330  2.108          63287            0.244        100.0
random_02                 112.671487  213535758     444703258  2.083          39043            0.288        100.0
random_03                 108.303152  205264286     429172779  2.091          33912            0.267        100.0
random_04                  24.568973   46554477      95029985  2.041          17407            0.517        100.0
small_degree_00             0.887194    1663506       1633469  0.982           5374            1.512        100.0
small_degree_01             0.895125    1677697       1654723  0.986           5598            1.552        100.0
small_degree_02             0.853050    1599452       1661803  1.039           5718            1.581        100.0
small_degree_03             0.822270    1540628       1641895  1.066           5416            1.520        100.0
small_degree_04             0.830804    1556641       1659545  1.066           5649            1.563        100.0
small_degree_05             0.886024    1661521       1662169  1.000           5648            1.562        100.0
small_degree_06             0.864104    1620050       1641788  1.013           5581            1.577        100.0
small_degree_07             0.870070    1631397       1653807  1.014           5554            1.551        100.0
small_degree_08             0.901456    1690423       1657958  0.981           5614            1.566        100.0
small_degree_09             0.864113    1607974       1667978  1.037           6003            1.676        100.0
