2026-10-01 lenovo / Intel(R) Core(TM) i5-10210U CPU @ 1.60GHz
Two complete passes per binary; per case minimum task-clock; all counters from that same run.
Unchanged binaries reuse their recorded passes; each section identifies its measurement batch.
Cases: 29, including examples. Units: ms. No CPU pinning.
Compiler: g++ (GCC) 16.2.1 20260819 (Red Hat 16.2.1-2); rustc 1.98.1 (48a229cea 2026-09-01)
Build host: master (old results); fedora (new submissions); glibc 2.43
Environment: Linux 7.2.8-200.fc44.x86_64; affinity [0, 1, 2, 3]; stack 268435456 bytes; bench_env OK.
cxx_flags.txt: -std=c++23 -DEVAL -DONLINE_JUDGE -Iinclude -O3 -fwhole-program -fno-exceptions -fno-rtti -march=x86-64-v3 -fno-pie -no-pie -nostdlib++ -static -lm -s
cpp_flags.txt: -std=c++23 -DEVAL -DONLINE_JUDGE -Iac-library -include cassert -O3 -fwhole-program -fno-exceptions -fno-rtti -march=x86-64-v3 -fno-pie -no-pie -static -lgmp -s
rust_flags.txt: -C opt-level=3 -C codegen-units=1 -C lto=fat -C panic=abort -C target-cpu=x86-64-v3 -C target-feature=+crt-static -C relocation-model=static -C link-arg=-Wl,-u,__cxa_thread_atexit_impl -C strip=symbols

solution                                max (ms)       sum (ms)
Rohan_Kapri                               85.001786     816.507335
Yuezheng_Ling_fans                        85.052061     813.890451
nandhagk                                 116.208145    1095.618099
nor                                      110.118869    1114.031051
oldyan                                    78.622547     768.134877
main                                      63.476548     593.692252
toomer                                    78.776128     738.933754

submissions/convolution/gcd_convolution/Rohan_Kapri.cpp
SHA-256: 810fa959db9717ba3a4ab18bc92a5fc9018eeebc2bc1bd66cd1c6c2af32bff21
Measured: full-20261001, original two complete passes
case                   task-clock (ms)     cycles  instructions    IPC  branch-misses  branch-miss (%)  running (%)
max (near_prime_01)          85.001786          -             -      -              -                -            -
sum                         816.507335          -             -      -              -                -            -
example_00                    1.612324    2558026       3025356  1.183           6510            0.969        100.0
all_zero_00                   1.623492    2576081       3076174  1.194           6626            0.959        100.0
max_random_00                83.572112  133279197     309504600  2.322         473095            1.226        100.0
max_random_01                84.788147  135246157     309482265  2.288         473544            1.227        100.0
near_prime_00                84.751200  135138611     309517458  2.290         473321            1.227        100.0
near_prime_01                85.001786  135544303     309509489  2.283         472633            1.225        100.0
near_prime_02                84.787552  135205566     309510346  2.289         474864            1.231        100.0
near_prime_squared_00        84.628782  134975869     308514129  2.286         470743            1.222        100.0
near_prime_squared_01        83.696460  133503256     307633034  2.304         471071            1.228        100.0
near_prime_squared_02        83.487468  133154382     307615649  2.310         470622            1.227        100.0
random_00                    30.713086   49011956     121583109  2.481         193744            1.257        100.0
random_01                    36.330886   57980005     144009815  2.484         228312            1.255        100.0
random_02                    45.387516   72423918     179335545  2.476         281057            1.246        100.0
small_00                      1.610104    2553798       3052641  1.195           6424            0.936        100.0
small_01                      1.613215    2559191       3054474  1.194           6316            0.920        100.0
small_02                      1.646279    2612124       3024452  1.158           6470            0.963        100.0
small_03                      1.597101    2534576       3069061  1.211           6408            0.929        100.0
small_04                      1.621113    2573003       3024758  1.176           6514            0.969        100.0
small_05                      1.626398    2580959       3027522  1.173           6634            0.982        100.0
small_06                      1.665870    2643597       3046298  1.152           6687            0.985        100.0
small_07                      1.620770    2572292       3006199  1.169           6373            0.953        100.0
small_08                      1.655397    2626099       3031129  1.154           6655            0.988        100.0
small_09                      1.627870    2582905       3043326  1.178           6551            0.965        100.0
small_10                      1.629907    2586761       3019471  1.167           6436            0.956        100.0
small_11                      1.673514    2655666       3077360  1.159           6574            0.951        100.0
small_12                      1.619881    2570415       3038747  1.182           6527            0.964        100.0
small_13                      1.641119    2604175       3069450  1.179           6608            0.959        100.0
small_14                      1.643340    2608048       3039036  1.165           6532            0.965        100.0
small_15                      1.634646    2594565       3041835  1.172           6713            0.990        100.0

submissions/convolution/gcd_convolution/Yuezheng_Ling_fans.cpp
SHA-256: 810fa959db9717ba3a4ab18bc92a5fc9018eeebc2bc1bd66cd1c6c2af32bff21
Measured: full-20261001, original two complete passes
case                   task-clock (ms)     cycles  instructions    IPC  branch-misses  branch-miss (%)  running (%)
max (near_prime_01)          85.052061          -             -      -              -                -            -
sum                         813.890451          -             -      -              -                -            -
example_00                    1.608512    2552519       3067270  1.202           6547            0.950        100.0
all_zero_00                   1.631354    2588720       3035452  1.173           6689            0.989        100.0
max_random_00                84.576133  134891687     309520582  2.295         473683            1.227        100.0
max_random_01                83.455395  133117653     309495448  2.325         473741            1.228        100.0
near_prime_00                84.457887  134719412     309478913  2.297         472356            1.224        100.0
near_prime_01                85.052061  135624914     309543491  2.282         473879            1.228        100.0
near_prime_02                83.574413  133281482     309497171  2.322         474021            1.228        100.0
near_prime_squared_00        84.206618  134302850     307638279  2.291         469828            1.225        100.0
near_prime_squared_01        84.200257  134276414     307658561  2.291         470731            1.227        100.0
near_prime_squared_02        83.212943  132719212     307690350  2.318         470500            1.226        100.0
random_00                    29.708183   47407942     121554540  2.564         194894            1.265        100.0
random_01                    36.408691   58104354     143925999  2.477         226547            1.247        100.0
random_02                    45.576886   72739245     179128880  2.463         280170            1.244        100.0
small_00                      1.650905    2619481       3020326  1.153           6551            0.977        100.0
small_01                      1.631331    2588600       3067303  1.185           6242            0.905        100.0
small_02                      1.634710    2594658       3082034  1.188           6596            0.953        100.0
small_03                      1.635489    2596064       3048652  1.174           6674            0.982        100.0
small_04                      1.635481    2594787       3017760  1.163           6654            0.992        100.0
small_05                      1.633153    2591597       3085280  1.190           6630            0.957        100.0
small_06                      1.613300    2559919       3020920  1.180           6566            0.978        100.0
small_07                      1.627224    2582305       3019399  1.169           6448            0.961        100.0
small_08                      1.640023    2602783       3047079  1.171           6637            0.977        100.0
small_09                      1.666076    2643961       3080019  1.165           6583            0.952        100.0
small_10                      1.633610    2591966       3041571  1.173           6477            0.956        100.0
small_11                      1.646721    2613080       3047879  1.166           6694            0.986        100.0
small_12                      1.656152    2628246       3044096  1.158           6560            0.967        100.0
small_13                      1.651177    2620880       3085522  1.177           6823            0.985        100.0
small_14                      1.627585    2583492       3049724  1.180           6689            0.984        100.0
small_15                      1.638181    2599072       3036580  1.168           6476            0.957        100.0

submissions/convolution/gcd_convolution/nandhagk.cpp
SHA-256: e9f97b41cad4e9fab231ca70ab4f4eee0d76256cdf83709ca0ce1e6e2c7240fa
Measured: full-20261001, original two complete passes
case                   task-clock (ms)     cycles  instructions    IPC  branch-misses  branch-miss (%)  running (%)
max (max_random_01)         116.208145          -             -      -              -                -            -
sum                        1095.618099          -             -      -              -                -            -
example_00                    0.988834    1563090       2449948  1.567           7097            1.262        100.0
all_zero_00                   1.002078    1584125       2501875  1.579           7235            1.244        100.0
max_random_00               113.946695  181776253     475284353  2.615         362712            0.736        100.0
max_random_01               116.208145  185373713     474573207  2.560         363740            0.741        100.0
near_prime_00               112.739780  179838376     474614697  2.639         363827            0.741        100.0
near_prime_01               112.402749  179326444     474593418  2.647         363438            0.740        100.0
near_prime_02               116.020139  185046381     474616940  2.565         363744            0.741        100.0
near_prime_squared_00       115.441015  184148376     471755325  2.562         360493            0.739        100.0
near_prime_squared_01       113.653603  181274323     471713968  2.602         361676            0.741        100.0
near_prime_squared_02       113.751914  181480612     471704338  2.599         360825            0.740        100.0
random_00                    44.641503   71245776     185372202  2.602         150972            0.779        100.0
random_01                    52.925796   84469975     219950043  2.604         176565            0.769        100.0
random_02                    66.037709  105400467     274006332  2.600         217063            0.762        100.0
small_00                      0.980020    1548709       2461313  1.589           7069            1.247        100.0
small_01                      0.980030    1549324       2464017  1.590           7210            1.271        100.0
small_02                      0.987612    1561328       2498896  1.600           7058            1.215        100.0
small_03                      0.986819    1560425       2493121  1.598           7019            1.211        100.0
small_04                      0.983355    1554748       2464643  1.585           7267            1.280        100.0
small_05                      0.985950    1557798       2441763  1.567           7018            1.251        100.0
small_06                      0.999318    1579696       2464753  1.560           7249            1.277        100.0
small_07                      1.003774    1586677       2464294  1.553           7193            1.268        100.0
small_08                      0.987151    1560679       2465125  1.580           7201            1.269        100.0
small_09                      0.991620    1568242       2455493  1.566           7234            1.284        100.0
small_10                      1.019567    1611411       2489490  1.545           7187            1.256        100.0
small_11                      1.000273    1581595       2503795  1.583           7212            1.240        100.0
small_12                      0.973464    1539114       2453607  1.594           7080            1.258        100.0
small_13                      0.989735    1564474       2465089  1.576           7249            1.278        100.0
small_14                      1.010292    1597803       2468177  1.545           7216            1.271        100.0
small_15                      0.979159    1548331       2464219  1.592           7115            1.255        100.0

submissions/convolution/gcd_convolution/nor.cpp
SHA-256: 0074a91cbe471e29d9b19eef7f1d87bf3dca17db63f7963ea52d63700710373e
Measured: full-20261001, original two complete passes
case                   task-clock (ms)     cycles  instructions    IPC  branch-misses  branch-miss (%)  running (%)
max (near_prime_00)         110.118869          -             -      -              -                -            -
sum                        1114.031051          -             -      -              -                -            -
example_00                    4.524727    7207140      12787572  1.774          93629            4.636        100.0
all_zero_00                   4.518587    7197905      12755708  1.772          93045            4.621        100.0
max_random_00               109.982157  175463859     457532642  2.608         515276            0.773        100.0
max_random_01               108.720639  173438232     457630938  2.639         518428            0.777        100.0
near_prime_00               110.118869  175663505     457546993  2.605         515471            0.773        100.0
near_prime_01               110.078516  175616507     457530386  2.605         516190            0.774        100.0
near_prime_02               107.106522  170851040     457558207  2.678         515518            0.773        100.0
near_prime_squared_00       109.483831  174639519     454877419  2.605         514441            0.776        100.0
near_prime_squared_01       107.507581  171512540     454853147  2.652         515426            0.777        100.0
near_prime_squared_02       109.375098  174445517     454929497  2.608         513329            0.774        100.0
random_00                    44.242678   70609573     185193106  2.623         260188            0.956        100.0
random_01                    51.898677   82802316     217736388  2.630         291726            0.913        100.0
random_02                    63.651456  101591165     268495175  2.643         337572            0.859        100.0
small_00                      4.533311    7219981      12759970  1.767          93456            4.648        100.0
small_01                      4.542855    7236802      12811906  1.770          93443            4.602        100.0
small_02                      4.566711    7274963      12790803  1.758          93893            4.635        100.0
small_03                      4.533799    7222240      12784741  1.770          93393            4.626        100.0
small_04                      4.554345    7254782      12790882  1.763          93830            4.644        100.0
small_05                      4.547339    7242778      12784669  1.765          93633            4.639        100.0
small_06                      4.530998    7217537      12754417  1.767          93519            4.647        100.0
small_07                      4.575018    7288108      12785333  1.754          93569            4.635        100.0
small_08                      4.571155    7281565      12793531  1.757          93858            4.646        100.0
small_09                      4.533718    7221421      12743402  1.765          93395            4.647        100.0
small_10                      4.516137    7193443      12752791  1.773          93589            4.652        100.0
small_11                      4.544636    7239520      12778473  1.765          93691            4.646        100.0
small_12                      4.556707    7258031      12820162  1.766          93927            4.623        100.0
small_13                      4.554649    7253296      12790437  1.763          93768            4.629        100.0
small_14                      4.579249    7294776      12751826  1.748          93912            4.674        100.0
small_15                      4.581086    7296709      12826131  1.758          93854            4.617        100.0

submissions/convolution/gcd_convolution/oldyan.cpp
SHA-256: 2a1e8d3d65c4252b0c9c5b9f704f3726c131e5b0344f76a78692ddc22d9834a1
Measured: full-20261001, original two complete passes
case                   task-clock (ms)     cycles  instructions    IPC  branch-misses  branch-miss (%)  running (%)
max (near_prime_01)          78.622547          -             -      -              -                -            -
sum                         768.134877          -             -      -              -                -            -
example_00                    1.911825    3035787       4668414  1.538          39667            4.575        100.0
all_zero_00                   1.908455    3030298       4685816  1.546          39785            4.558        100.0
max_random_00                77.143760  123013374     328362334  2.669         415028            0.962        100.0
max_random_01                77.758730  123991611     328360398  2.648         415554            0.963        100.0
near_prime_00                75.049320  119699636     328337859  2.743         413241            0.957        100.0
near_prime_01                78.622547  125405185     328345849  2.618         414218            0.960        100.0
near_prime_02                76.423914  121979996     328298180  2.691         415031            0.962        100.0
near_prime_squared_00        78.378196  124997663     326395067  2.611         411881            0.960        100.0
near_prime_squared_01        78.432801  125102018     326407745  2.609         411779            0.960        100.0
near_prime_squared_02        78.527621  125336989     326403741  2.604         410045            0.956        100.0
random_00                    31.198641   49770530     130456782  2.621         187853            1.080        100.0
random_01                    36.664784   58513067     154128157  2.634         214778            1.048        100.0
random_02                    45.342043   72320428     191152960  2.643         257772            1.018        100.0
small_00                      1.923881    3056405       4701041  1.538          40255            4.598        100.0
small_01                      1.919198    3047178       4687396  1.538          39862            4.578        100.0
small_02                      1.918841    3047227       4670719  1.533          39762            4.585        100.0
small_03                      1.910441    3034316       4683930  1.544          39638            4.546        100.0
small_04                      1.909334    3032665       4701230  1.550          39767            4.542        100.0
small_05                      1.919882    3050172       4687200  1.537          39845            4.566        100.0
small_06                      1.899659    3017042       4679712  1.551          39513            4.537        100.0
small_07                      1.926059    3059371       4700960  1.537          40303            4.604        100.0
small_08                      1.933740    3071537       4741812  1.544          39961            4.490        100.0
small_09                      1.922833    3052850       4702942  1.541          39949            4.561        100.0
small_10                      1.932446    3069164       4689427  1.528          39435            4.528        100.0
small_11                      1.921554    3052373       4697851  1.539          39772            4.544        100.0
small_12                      1.928659    3063052       4692880  1.532          39877            4.564        100.0
small_13                      1.936075    3074780       4701253  1.529          40235            4.595        100.0
small_14                      1.938760    3079314       4690649  1.523          39624            4.548        100.0
small_15                      1.930878    3067474       4725170  1.540          40103            4.525        100.0

src/convolution/gcd_convolution/main.cxx
SHA-256: ade5ec8ead897e9c559696fb89b9de4f80cd08830626d9f099223906f55c0bdd
Measured: full-20261001, original two complete passes
case                   task-clock (ms)     cycles  instructions    IPC  branch-misses  branch-miss (%)  running (%)
max (near_prime_01)          63.476548          -             -      -              -                -            -
sum                         593.692252          -             -      -              -                -            -
example_00                    0.746590    1176322       1749147  1.487           5361            1.375        100.0
all_zero_00                   0.745779    1175701       1743220  1.483           5532            1.431        100.0
max_random_00                62.868827  100257456     204130108  2.036         238573            1.166        100.0
max_random_01                62.630496   99877200     204115198  2.044         238837            1.168        100.0
near_prime_00                61.927783   98739761     204139121  2.067         239433            1.170        100.0
near_prime_01                63.476548  101227330     204082523  2.016         238720            1.167        100.0
near_prime_02                61.929384   98757384     204142718  2.067         239032            1.168        100.0
near_prime_squared_00        61.515782   98096798     202903401  2.068         237507            1.168        100.0
near_prime_squared_01        61.979018   98836492     202905961  2.053         238008            1.170        100.0
near_prime_squared_02        61.806635   98561978     202864869  2.058         237617            1.169        100.0
random_00                    22.293733   35571914      80397197  2.260          98379            1.192        100.0
random_01                    26.292594   41955667      95180165  2.269         114804            1.182        100.0
random_02                    32.976349   52607198     118357012  2.250         142589            1.189        100.0
small_00                      0.774633    1221099       1784698  1.462           5510            1.364        100.0
small_01                      0.804567    1269175       1793644  1.413           5484            1.353        100.0
small_02                      0.768312    1210998       1769545  1.461           5252            1.312        100.0
small_03                      0.767597    1210011       1753028  1.449           5367            1.373        100.0
small_04                      0.785931    1239077       1758221  1.419           5591            1.426        100.0
small_05                      0.777985    1226800       1755263  1.431           5498            1.404        100.0
small_06                      0.753645    1187995       1740989  1.465           5364            1.389        100.0
small_07                      0.767741    1210029       1753168  1.449           5541            1.417        100.0
small_08                      0.794454    1252038       1754931  1.402           5479            1.401        100.0
small_09                      0.769170    1211990       1754659  1.448           5416            1.385        100.0
small_10                      0.790632    1246338       1728382  1.387           5506            1.435        100.0
small_11                      0.811770    1280065       1751101  1.368           5631            1.450        100.0
small_12                      0.775790    1222485       1739733  1.423           5489            1.414        100.0
small_13                      0.782946    1234770       1778912  1.441           5550            1.379        100.0
small_14                      0.790877    1246610       1747182  1.402           5600            1.438        100.0
small_15                      0.786684    1240846       1751158  1.411           5672            1.461        100.0

submissions/convolution/gcd_convolution/toomer.rs
SHA-256: f17c178480170886f3f2fc4c37c1718edeafc3339263a93c810f6ddb06d5b3fc
Measured: new-submissions-20261001, two complete passes
case                   task-clock (ms)     cycles  instructions    IPC  branch-misses  branch-miss (%)  running (%)
max (max_random_00)          78.776128          -             -      -              -                -            -
sum                         738.933754          -             -      -              -                -            -
example_00                    0.975108    1540674       2053402  1.333           7291            1.572        100.0
all_zero_00                   0.917347    1448732       2052085  1.416           7285            1.567        100.0
max_random_00                78.776128  125601713     300158782  2.390         364988            0.855        100.0
max_random_01                78.747388  125558905     299693562  2.387         365274            0.857        100.0
near_prime_00                78.447415  125124490     299695257  2.395         364099            0.854        100.0
near_prime_01                74.143397  118213647     299785204  2.536         366195            0.859        100.0
near_prime_02                73.979376  117978740     299813698  2.541         366069            0.858        100.0
near_prime_squared_00        73.541719  117294873     298131427  2.542         364141            0.859        100.0
near_prime_squared_01        73.928981  117983744     298117096  2.527         363293            0.857        100.0
near_prime_squared_02        77.622125  123789757     297976911  2.407         363202            0.858        100.0
random_00                    31.216909   49789433     123035474  2.471         149744            0.853        100.0
random_01                    37.728930   60211569     143819873  2.389         174635            0.854        100.0
random_02                    44.019359   70253575     177040242  2.520         216399            0.859        100.0
small_00                      0.917126    1447749       2041535  1.410           7208            1.561        100.0
small_01                      0.910581    1438607       2054703  1.428           7118            1.528        100.0
small_02                      0.915256    1444965       2014243  1.394           7146            1.584        100.0
small_03                      0.950423    1502123       2050852  1.365           7349            1.586        100.0
small_04                      0.927096    1464622       2064781  1.410           7345            1.570        100.0
small_05                      0.919174    1452143       2030805  1.398           7067            1.540        100.0
small_06                      0.909930    1437510       2064202  1.436           7288            1.558        100.0
small_07                      0.927635    1465717       2023379  1.380           7235            1.598        100.0
small_08                      0.938858    1482605       2054525  1.386           7346            1.583        100.0
small_09                      0.929811    1468309       2063264  1.405           7250            1.551        100.0
small_10                      0.948803    1497958       2066262  1.379           7237            1.540        100.0
small_11                      0.927138    1463772       2054245  1.403           7317            1.577        100.0
small_12                      0.933777    1474907       2066775  1.401           7361            1.572        100.0
small_13                      0.950500    1501535       2076252  1.383           7307            1.548        100.0
small_14                      0.943169    1490738       2066431  1.386           7428            1.587        100.0
small_15                      0.940295    1485584       2063537  1.389           7383            1.573        100.0
