case                   task-clock (ms)     cycles  instructions    IPC  branch-misses  branch-miss (%)  running (%)
max (many_queries_00)       232.431193          -             -      -              -                -            -
sum                        1899.878642          -             -      -              -                -            -
example_00                    0.806937    1511824       1591736  1.053           5476            1.604        100.0
many_points_00              205.923620  390171561     309058831  0.792        4115882            9.045        100.0
many_queries_00             232.431193  440392471     344629230  0.783        5467296           12.013        100.0
max_random_00               230.670391  437104140     335040400  0.767        4903284           10.507        100.0
max_random_01               229.911270  435676267     335706491  0.771        4894914           10.451        100.0
power_of_2_00               145.649146  276051395     226734626  0.821        3549077           12.168        100.0
power_of_2_01               146.181682  277045740     226640549  0.818        3540709           12.143        100.0
random_00                   114.021960  216070446     180362695  0.835        2963771           12.440        100.0
random_01                    59.107280  112004140     108931678  0.973        1324754            8.152        100.0
random_02                   120.619787  228590007     189867686  0.831        2813664           10.718        100.0
small_00                      1.289839    2426226       2467097  1.017          16832            3.499        100.0
small_01                      1.024751    1923991       1987959  1.033          11313            2.842        100.0
small_02                      1.110379    2087357       2091496  1.002          13420            3.220        100.0
small_03                      1.016641    1909228       1979933  1.037          11070            2.787        100.0
small_04                      1.539081    2899742       3043035  1.049          27648            5.014        100.0
xy_concentrate_00           136.786374  259089663     231415993  0.893        2951631            9.193        100.0
xy_concentrate_01           135.219185  256261998     231358799  0.903        2946320            9.171        100.0
xy_concentrate_02           136.569126  258690396     231141909  0.894        2949218            9.188        100.0
