2026-10-01 lenovo / Intel(R) Core(TM) i5-10210U CPU @ 1.60GHz
Two complete passes; per binary/case minimum task-clock; all counters from that same run.
Cases: 25, including examples. Units: ms. No CPU pinning.
Compiler: g++ (GCC) 16.2.1 20260819 (Red Hat 16.2.1-2); rustc 1.98.1 (48a229cea 2026-09-01)
Build host: master; glibc 2.43
Environment: Linux 7.2.8-200.fc44.x86_64; affinity [0, 1, 2, 3]; stack 268435456 bytes; bench_env OK.
cxx_flags.txt: -std=c++23 -DEVAL -DONLINE_JUDGE -Iinclude -O3 -fwhole-program -fno-exceptions -fno-rtti -march=x86-64-v3 -fno-pie -no-pie -nostdlib++ -static -lm -s
cpp_flags.txt: -std=c++23 -DEVAL -DONLINE_JUDGE -Iac-library -include cassert -O3 -fwhole-program -fno-exceptions -fno-rtti -march=x86-64-v3 -fno-pie -no-pie -static -lgmp -s
rust_flags.txt: -C opt-level=3 -C codegen-units=1 -C lto=fat -C panic=abort -C target-cpu=x86-64-v3 -C target-feature=+crt-static -C relocation-model=static -C link-arg=-Wl,-u,__cxa_thread_atexit_impl -C strip=symbols

solution                                max (ms)       sum (ms)
Rohan_Kapri                               39.640957     310.317706
Taiki0715                                 68.586941     512.405334
cmk666                                    50.997975     366.990334
nor                                       63.666705     484.985447
oldyan                                    39.620357     309.866968
main                                      37.071957     278.250710

submissions/tree/cartesian_tree/Rohan_Kapri.cpp
SHA-256: f8824afadf00ecf4be9e67a313120c493478363d884e19bf3109ccb236787958
case                  task-clock (ms)    cycles  instructions    IPC  branch-misses  branch-miss (%)  running (%)
max (random_00)             39.640957         -             -      -              -                -            -
sum                        310.317706         -             -      -              -                -            -
example_00                   0.821538   1296114       1781979  1.375           5484            1.378        100.0
example_01                   0.783343   1234939       1781795  1.443           5487            1.385        100.0
almost-decreasing_00        24.887664  39712403     145808855  3.672           9900            0.040        100.0
almost-decreasing_01        12.182445  19432082      68713582  3.536           8309            0.071        100.0
almost-increasing_00        31.836112  50763528     154454693  3.043          10098            0.036        100.0
almost-increasing_01        15.314421  24431911      72780317  2.979           8783            0.066        100.0
decreasing_00               24.970720  39844713     145743357  3.658           9497            0.038        100.0
decreasing_01               12.256508  19549455      68693620  3.514           8084            0.069        100.0
increasing_00               32.010697  51025919     154581710  3.029          10617            0.038        100.0
increasing_01               15.380322  24536366      72694096  2.963           8278            0.063        100.0
random_00                   39.640957  63262778     146904990  2.322         777099            3.073        100.0
random_01                   19.002083  30316988      69212246  2.283         363840            3.050        100.0
random_02                   23.341051  37243286      85763328  2.303         452025            3.059        100.0
random_03                   17.773507  28354691      64351615  2.270         338432            3.051        100.0
random_04                   32.050585  51134605     118166766  2.311         625995            3.079        100.0
small_00                     0.811865   1280987       1783296  1.392           5499            1.381        100.0
small_01                     0.794042   1252547       1777496  1.419           5318            1.340        100.0
small_02                     0.776071   1223740       1767742  1.445           5420            1.371        100.0
small_03                     0.826644   1304223       1808552  1.387           5486            1.346        100.0
small_04                     0.813423   1283384       1794472  1.398           5339            1.334        100.0
small_05                     0.789580   1245564       1751490  1.406           5432            1.393        100.0
small_06                     0.801808   1264440       1822849  1.442           5550            1.346        100.0
small_07                     0.826709   1303303       1806265  1.386           5480            1.340        100.0
small_08                     0.773196   1218803       1763950  1.447           5436            1.378        100.0
small_09                     0.852415   1345499       1760985  1.309           5243            1.338        100.0

submissions/tree/cartesian_tree/Taiki0715.cpp
SHA-256: df9b40697c72028bd996478367a89a2b9c36d7ec4e3c1066099ed951bd1a51a0
case                  task-clock (ms)     cycles  instructions    IPC  branch-misses  branch-miss (%)  running (%)
max (random_00)             68.586941          -             -      -              -                -            -
sum                        512.405334          -             -      -              -                -            -
example_00                   0.829373    1309238       1902979  1.454           5633            1.300        100.0
example_01                   0.802981    1266193       1910502  1.509           5625            1.292        100.0
almost-decreasing_00        47.650203   76048057     241016088  3.169          11149            0.026        100.0
almost-decreasing_01        21.802865   34772648     111929904  3.219           9545            0.048        100.0
almost-increasing_00        47.806498   76297007     240947661  3.158          11664            0.029        100.0
almost-increasing_01        21.900324   34945282     111907779  3.202           9425            0.049        100.0
decreasing_00               48.331029   77134465     240952878  3.124          10969            0.026        100.0
decreasing_01               21.829740   34816597     111929928  3.215           9240            0.046        100.0
increasing_00               47.991490   76592024     240919427  3.145          11069            0.027        100.0
increasing_01               21.973579   35060101     111890764  3.191           9085            0.048        100.0
random_00                   68.586941  109455127     249555728  2.280        1060010            2.470        100.0
random_01                   31.447939   50185290     115911311  2.310         495297            2.469        100.0
random_02                   39.250674   62640672     144297664  2.304         629026            2.524        100.0
random_03                   28.768619   45908834     107514920  2.342         425907            2.289        100.0
random_04                   55.192273   88073703     200227180  2.273         870608            2.526        100.0
small_00                     0.822042    1296158       1900110  1.466           5672            1.310        100.0
small_01                     0.797941    1258783       1846050  1.467           5591            1.345        100.0
small_02                     0.852152    1344629       1865353  1.387           5650            1.346        100.0
small_03                     0.816062    1287690       1869683  1.452           5694            1.354        100.0
small_04                     0.782212    1233547       1848684  1.499           5550            1.333        100.0
small_05                     0.835717    1317713       1910878  1.450           5452            1.257        100.0
small_06                     0.814419    1284870       1886531  1.468           5496            1.277        100.0
small_07                     0.801969    1265178       1858724  1.469           5479            1.315        100.0
small_08                     0.864235    1363373       1898828  1.393           5648            1.311        100.0
small_09                     0.854057    1347706       1911079  1.418           5619            1.291        100.0

submissions/tree/cartesian_tree/cmk666.cpp
SHA-256: 6e0c946ce9040083aa75ede65cc5a13f09a6845a12d5f51c33d9b657c47688d5
case                  task-clock (ms)    cycles  instructions    IPC  branch-misses  branch-miss (%)  running (%)
max (random_00)             50.997975         -             -      -              -                -            -
sum                        366.990334         -             -      -              -                -            -
example_00                   1.027328   1624367       2436885  1.500           6699            1.196        100.0
example_01                   0.999976   1580949       2497322  1.580           6750            1.162        100.0
almost-decreasing_00        28.996468  46273342     154895018  3.347          10717            0.037        100.0
almost-decreasing_01        14.071738  22446810      73210134  3.261           8846            0.064        100.0
almost-increasing_00        34.013713  54239344     161219042  2.972          12859            0.040        100.0
almost-increasing_01        16.351809  26087244      76159603  2.919          10048            0.066        100.0
decreasing_00               28.952795  46202252     154691041  3.348          10177            0.035        100.0
decreasing_01               13.971073  22288336      72983813  3.275           8767            0.064        100.0
increasing_00               33.959774  54196022     160987923  2.970          12553            0.039        100.0
increasing_01               16.338349  26066459      75961313  2.914           9540            0.063        100.0
random_00                   50.997975  81392462     165968467  2.039         997240            3.033        100.0
random_01                   24.198349  38612689      78131682  2.023         466642            3.001        100.0
random_02                   29.928072  47759799      96793936  2.027         580939            3.023        100.0
random_03                   22.396479  35737172      72556345  2.030         432616            2.996        100.0
random_04                   40.940687  65338883     133326676  2.041         801701            3.034        100.0
small_00                     0.979017   1547993       2446787  1.581           6774            1.201        100.0
small_01                     0.970759   1534686       2427565  1.582           6629            1.183        100.0
small_02                     0.977433   1544953       2485405  1.609           6690            1.158        100.0
small_03                     1.004708   1588681       2434533  1.532           6616            1.183        100.0
small_04                     0.972645   1537931       2430456  1.580           6639            1.184        100.0
small_05                     0.984249   1556173       2481114  1.594           6644            1.150        100.0
small_06                     0.978184   1545630       2467719  1.597           6558            1.141        100.0
small_07                     1.001650   1583378       2472952  1.562           6604            1.152        100.0
small_08                     0.974395   1540154       2449249  1.590           6757            1.197        100.0
small_09                     1.002709   1585301       2480347  1.565           6586            1.141        100.0

submissions/tree/cartesian_tree/nor.cpp
SHA-256: 50197a5aad44f8f64292a819c889b6a785c5d0d9492d7e0ba5f218aaf5efe89a
case                  task-clock (ms)     cycles  instructions    IPC  branch-misses  branch-miss (%)  running (%)
max (random_00)             63.666705          -             -      -              -                -            -
sum                        484.985447          -             -      -              -                -            -
example_00                   1.153323    1824984       2695636  1.477           6778            1.086        100.0
example_01                   1.144816    1812049       2704984  1.493           6693            1.068        100.0
almost-decreasing_00        43.302121   69096036     245109181  3.547          71306            0.154        100.0
almost-decreasing_01        20.643880   32938835     114268845  3.469          36583            0.168        100.0
almost-increasing_00        45.083954   71952981     244633560  3.400          72812            0.161        100.0
almost-increasing_01        21.418503   34175133     114064971  3.338          38061            0.179        100.0
decreasing_00               43.391944   69250765     245138832  3.540          71183            0.153        100.0
decreasing_01               20.606747   32879241     114295095  3.476          36002            0.165        100.0
increasing_00               45.113784   71983388     244627838  3.398          72548            0.160        100.0
increasing_01               21.493308   34294934     114004019  3.324          37766            0.178        100.0
random_00                   63.666705  101596603     252920944  2.489        1152582            2.398        100.0
random_01                   30.115560   48057971     117895169  2.453         538481            2.387        100.0
random_02                   37.241098   59432240     146676517  2.468         673556            2.406        100.0
random_03                   27.976933   44643970     109389787  2.450         500945            2.392        100.0
random_04                   51.179533   81682227     202888952  2.484         928440            2.405        100.0
small_00                     1.128779    1786187       2675059  1.498           6665            1.079        100.0
small_01                     1.125547    1781923       2687482  1.508           6520            1.048        100.0
small_02                     1.138772    1802782       2647655  1.469           6660            1.099        100.0
small_03                     1.130378    1787921       2663659  1.490           6811            1.114        100.0
small_04                     1.172549    1856175       2701315  1.455           6745            1.078        100.0
small_05                     1.145847    1813310       2687781  1.482           6687            1.078        100.0
small_06                     1.148128    1817297       2663259  1.466           6685            1.093        100.0
small_07                     1.124331    1779754       2645630  1.487           6576            1.085        100.0
small_08                     1.153342    1825374       2667407  1.461           6860            1.119        100.0
small_09                     1.185565    1877453       2698279  1.437           6917            1.110        100.0

submissions/tree/cartesian_tree/oldyan.cpp
SHA-256: f8824afadf00ecf4be9e67a313120c493478363d884e19bf3109ccb236787958
case                  task-clock (ms)    cycles  instructions    IPC  branch-misses  branch-miss (%)  running (%)
max (random_00)             39.620357         -             -      -              -                -            -
sum                        309.866968         -             -      -              -                -            -
example_00                   0.809943   1277842       1772517  1.387           5485            1.392        100.0
example_01                   0.809502   1276418       1792624  1.404           5606            1.400        100.0
almost-decreasing_00        24.955540  39820354     145760945  3.660           9484            0.038        100.0
almost-decreasing_01        12.155986  19387787      68680363  3.542           8121            0.070        100.0
almost-increasing_00        31.715695  50554721     154497665  3.056          10526            0.037        100.0
almost-increasing_01        15.370498  24520903      72722019  2.966           8555            0.065        100.0
decreasing_00               24.771314  39526524     145759079  3.688           9540            0.039        100.0
decreasing_01               12.251169  19541457      68691313  3.515           7711            0.066        100.0
increasing_00               31.989822  51039065     154487595  3.027           9878            0.035        100.0
increasing_01               15.409266  24582903      72725494  2.958           8182            0.062        100.0
random_00                   39.620357  63230535     146875659  2.323         777807            3.077        100.0
random_01                   18.983513  30288164      69212702  2.285         364139            3.053        100.0
random_02                   23.275512  37139261      85711719  2.308         452455            3.065        100.0
random_03                   17.779601  28366271      64335883  2.268         337888            3.048        100.0
random_04                   32.024481  51104149     118127261  2.312         624959            3.075        100.0
small_00                     0.779421   1228694       1813243  1.476           5378            1.309        100.0
small_01                     0.776256   1223579       1776286  1.452           5285            1.332        100.0
small_02                     0.790872   1246550       1780341  1.428           5352            1.346        100.0
small_03                     0.801417   1264089       1778563  1.407           5465            1.374        100.0
small_04                     0.798898   1260070       1785626  1.417           5553            1.393        100.0
small_05                     0.796421   1256036       1824575  1.453           5577            1.351        100.0
small_06                     0.808537   1275135       1815815  1.424           5416            1.316        100.0
small_07                     0.785879   1238959       1815974  1.466           5269            1.281        100.0
small_08                     0.820069   1293242       1819305  1.407           5572            1.352        100.0
small_09                     0.786999   1240753       1786517  1.440           5600            1.404        100.0

src/tree/cartesian_tree/main.cxx
SHA-256: bc89716b566f6c07c4b44100856cf76f4bf160027a710ee3660f101e08aa9bb6
case                  task-clock (ms)    cycles  instructions    IPC  branch-misses  branch-miss (%)  running (%)
max (random_00)             37.071957         -             -      -              -                -            -
sum                        278.250710         -             -      -              -                -            -
example_00                   0.792186   1249395       1767606  1.415           5374            1.344        100.0
example_01                   0.789024   1244468       1787996  1.437           5545            1.373        100.0
almost-decreasing_00        22.385170  35718614     112751322  3.157           9690            0.057        100.0
almost-decreasing_01        10.972858  17501448      53351017  3.048           8351            0.103        100.0
almost-increasing_00        26.527375  42331139     117390061  2.773          11994            0.071        100.0
almost-increasing_01        12.961681  20675421      55515280  2.685          11949            0.147        100.0
decreasing_00               22.440092  35805896     112812282  3.151           9590            0.057        100.0
decreasing_01               10.958052  17476791      53312020  3.050           8102            0.100        100.0
increasing_00               26.606279  42439728     117433704  2.767          12021            0.071        100.0
increasing_01               12.962649  20677200      55490719  2.684          11063            0.136        100.0
random_00                   37.071957  59163816     114371290  1.933         963092            5.687        100.0
random_01                   17.771374  28352597      54106785  1.908         450309            5.543        100.0
random_02                   21.892971  34909762      66951027  1.918         560388            5.607        100.0
random_03                   16.472688  26279723      50255088  1.912         417130            5.524        100.0
random_04                   29.827835  47598712      92022540  1.933         771488            5.651        100.0
small_00                     0.779211   1228648       1768076  1.439           5442            1.360        100.0
small_01                     0.781792   1232350       1731287  1.405           5434            1.407        100.0
small_02                     0.772673   1218458       1731211  1.421           5498            1.423        100.0
small_03                     0.756113   1191224       1729477  1.452           5473            1.418        100.0
small_04                     0.791870   1248747       1743978  1.397           5683            1.469        100.0
small_05                     0.825262   1301295       1777701  1.366           5547            1.387        100.0
small_06                     0.763371   1203615       1769456  1.470           5472            1.366        100.0
small_07                     0.785022   1236951       1740190  1.407           5353            1.379        100.0
small_08                     0.762699   1202601       1725973  1.435           5286            1.372        100.0
small_09                     0.800506   1262241       1730229  1.371           5457            1.413        100.0
