case                   task-clock (ms)    cycles  instructions    IPC  branch-misses  branch-miss (%)  running (%)
max (max_random_04)          44.464964         -             -      -              -                -            -
sum                         430.418676         -             -      -              -                -            -
example_00                    0.877066   1644851       1609920  0.979           5596            1.607        100.0
example_01                    0.881002   1651905       1625900  0.984           5339            1.510        100.0
example_02                    0.877181   1644153       1618761  0.985           5486            1.567        100.0
anti55588_00                  0.916635   1719664       1631411  0.949           5539            1.562        100.0
lowrank_max_random_00        26.989151  51142569     129156178  2.525          98698            1.028        100.0
lowrank_max_random_01        22.642584  42902302     105561971  2.461          84021            1.054        100.0
lowrank_max_random_02        34.191008  64780597     167152048  2.580         122553            1.004        100.0
lowrank_max_random_03        22.325817  42303111     104288347  2.465          79618            1.007        100.0
lowrank_max_random_04        27.060817  51278050     128410886  2.504          94072            0.986        100.0
max_random_00                44.375325  84099124     216662965  2.576         139739            0.893        100.0
max_random_01                44.404446  84140155     216675706  2.575         142095            0.908        100.0
max_random_02                44.421310  84172388     216624522  2.574         144817            0.927        100.0
max_random_03                44.460364  84260035     216644169  2.571         142845            0.914        100.0
max_random_04                44.464964  84255652     216645502  2.571         143159            0.916        100.0
perm_max_random_00           10.914065  20671402      34514197  1.670          13157            0.377        100.0
perm_max_random_01           10.905530  20655115      34704635  1.680          13088            0.374        100.0
perm_max_random_02           10.925199  20692097      35043495  1.694          13029            0.368        100.0
perm_max_random_03           10.745484  20350632      34065444  1.674          12815            0.373        100.0
perm_max_random_04           10.828799  20509437      34399224  1.677          13038            0.376        100.0
random_00                     3.871832   7322133      15727398  2.148          14260            0.937        100.0
random_01                     4.761232   9007585      19767958  2.195          17377            0.944        100.0
random_02                     1.378760   2596042       3838602  1.479           7511            1.379        100.0
random_03                     4.477801   8469969      18445388  2.178          15647            0.890        100.0
random_04                     0.921113   1727860       1706445  0.988           5870            1.634        100.0
signed_overflow_00            0.911539   1710029       1735630  1.015           5503            1.498        100.0
unsigned_overflow_00          0.889652   1669114       1643852  0.985           5489            1.553        100.0
