2026-10-01 lenovo / Intel(R) Core(TM) i5-10210U CPU @ 1.60GHz
Two complete passes per binary; per case minimum task-clock; all counters from that same run.
Unchanged binaries reuse their recorded passes; each section identifies its measurement batch.
Cases: 54, including examples. Units: ms. No CPU pinning.
Compiler: g++ (GCC) 16.2.1 20260819 (Red Hat 16.2.1-2); rustc 1.98.1 (48a229cea 2026-09-01)
Build host: master (old results); fedora (new submissions); glibc 2.43
Environment: Linux 7.2.8-200.fc44.x86_64; affinity [0, 1, 2, 3]; stack 268435456 bytes; bench_env OK.
cxx_flags.txt: -std=c++23 -DEVAL -DONLINE_JUDGE -Iinclude -O3 -fwhole-program -fno-exceptions -fno-rtti -march=x86-64-v3 -fno-pie -no-pie -nostdlib++ -static -lm -s
cpp_flags.txt: -std=c++23 -DEVAL -DONLINE_JUDGE -Iac-library -include cassert -O3 -fwhole-program -fno-exceptions -fno-rtti -march=x86-64-v3 -fno-pie -no-pie -static -lgmp -s
rust_flags.txt: -C opt-level=3 -C codegen-units=1 -C lto=fat -C panic=abort -C target-cpu=x86-64-v3 -C target-feature=+crt-static -C relocation-model=static -C link-arg=-Wl,-u,__cxa_thread_atexit_impl -C strip=symbols

solution                                max (ms)       sum (ms)
Anonymous                               1655.985911   33143.768381
QgQ                                     1532.044118   31339.873757
Rohan_Kapri                             1534.687503   31343.886028
Yuezheng_Ling_fans                      1685.569424   33972.859443
adamant                                 2050.010526   38800.515185
main                                    1452.133611   29868.939473
Aiyiyi                                  1081.078573   22929.495611

submissions/convolution/convolution_mod_large/Anonymous.cpp
SHA-256: 937dccf69b77cf16e822d5a804f05bd7e3404ad61d35d181164b59d6e2533864
Measured: full-20261001, original two complete passes
case                    task-clock (ms)      cycles  instructions    IPC  branch-misses  branch-miss (%)  running (%)
max (max_random_00)         1655.985911           -             -      -              -                -            -
sum                        33143.768381           -             -      -              -                -            -
example_00                     1.065596     1685824       2503101  1.485           7331            1.264        100.0
example_01                     1.066766     1687505       2517074  1.492           7414            1.273        100.0
all_same_00                 1252.748872  1998274561    5623984355  2.814         182720            0.033        100.0
all_same_01                 1553.841318  2478592953    6948747141  2.804        2125853            0.347        100.0
all_same_02                 1542.759183  2461003494    6934531602  2.818        2096229            0.344        100.0
fft_killer_00               1553.946310  2478996002    6930787024  2.796        4062933            0.667        100.0
fft_killer_01               1586.961680  2531204889    6945576103  2.744        4074588            0.665        100.0
fft_killer_02               1579.371100  2519306985    6944867978  2.757        4084205            0.667        100.0
fft_killer_03               1572.738660  2508846044    6940725368  2.767        4078833            0.667        100.0
fft_killer_04               1568.151120  2501402048    6945882030  2.777        4075216            0.665        100.0
fft_killer_05               1548.754792  2470585275    6932261003  2.806        4076652            0.669        100.0
fft_killer_06               1580.966652  2521887454    6945504733  2.754        4081870            0.666        100.0
fft_killer_07               1577.052974  2515300155    6938091786  2.758        4074423            0.667        100.0
fft_killer_08               1583.862372  2526247685    6946078318  2.750        4076216            0.665        100.0
fft_killer_09               1568.778319  2502501563    6945183249  2.775        4067511            0.664        100.0
max_ans_zero_00             1643.922246  2622370711    6935896301  2.645        8205835            1.350        100.0
max_random_00               1655.985911  2641448167    6942381470  2.628        8204451            1.347        100.0
max_random_01               1644.159779  2622846695    6942060620  2.647        8191478            1.345        100.0
medium_00                      1.632702     2590043       4789825  1.849          10854            1.351        100.0
medium_01                      1.365482     2164323       3828004  1.769           9425            1.311        100.0
medium_02                      1.601672     2541277       4627762  1.821          10621            1.366        100.0
medium_all_zero_00             1.469047     2329088       4134864  1.775           7896            1.011        100.0
medium_all_zero_01             1.231720     1951308       3342575  1.713           7572            1.098        100.0
medium_all_zero_02             1.435614     2275794       4036892  1.774           7824            1.039        100.0
medium_pre_suf_zero_00         1.116709     1766311       2796199  1.583           8007            1.326        100.0
medium_pre_suf_zero_01         1.114845     1763694       2794392  1.584           7934            1.315        100.0
medium_pre_suf_zero_02         1.078011     1706099       2685960  1.574           7411            1.232        100.0
medium_pre_suf_zero_03         1.067207     1687859       2688701  1.593           7324            1.217        100.0
medium_pre_suf_zero_04         1.138954     1803051       2838936  1.575           7925            1.276        100.0
random_00                    722.189964  1152339265    3070142043  2.664        3290412            1.287        100.0
random_01                    797.620626  1272612462    3406331752  2.677        4099786            1.358        100.0
random_02                   1480.244319  2361181277    6215802588  2.632        6511707            1.283        100.0
signed_overflow_00             1.068314     1689682       2488735  1.473           7356            1.291        100.0
small_00                       1.038529     1642233       2478545  1.509           7216            1.270        100.0
small_01                       1.037806     1641039       2472462  1.507           7245            1.277        100.0
small_02                       1.001717     1584067       2486773  1.570           7209            1.260        100.0
small_03                       1.095272     1731691       2478599  1.431           7327            1.289        100.0
small_04                       1.077950     1703510       2477643  1.454           7367            1.296        100.0
small_05                       1.012919     1601056       2471886  1.544           7312            1.289        100.0
small_06                       1.013739     1602526       2493038  1.556           7365            1.284        100.0
small_07                       1.040295     1645809       2490798  1.513           7302            1.274        100.0
small_08                       1.006112     1591054       2478622  1.558           7292            1.283        100.0
small_09                       1.027033     1623162       2472583  1.523           7174            1.260        100.0
small_10                       1.011823     1598768       2477989  1.550           7343            1.292        100.0
small_11                       1.005841     1590229       2492029  1.567           7377            1.287        100.0
small_12                       1.010738     1598165       2486195  1.556           7281            1.272        100.0
small_13                       0.993573     1569385       2491845  1.588           7190            1.255        100.0
small_14                       1.036775     1639381       2477832  1.511           7301            1.285        100.0
small_15                       1.007303     1592629       2486344  1.561           7284            1.273        100.0
small_and_large_00          1277.000075  2036579373    5185032587  2.546        4118635            1.129        100.0
small_and_large_01          1264.246759  2016355038    5169831261  2.564        4107321            1.137        100.0
small_and_large_02          1281.387822  2043733735    5192715700  2.541        4256150            1.174        100.0
small_and_large_03          1272.191452  2029141154    5188076272  2.557        4263996            1.179        100.0
unsigned_overflow_00           1.016012     1605821       2519509  1.569           7377            1.261        100.0

submissions/convolution/convolution_mod_large/QgQ.cpp
SHA-256: 5ad3026d6515e7dbeebcf29c977a023cec6d6836ff9dcbfd884815b7ad7b9c31
Measured: full-20261001, original two complete passes
case                    task-clock (ms)      cycles  instructions    IPC  branch-misses  branch-miss (%)  running (%)
max (max_ans_zero_00)       1532.044118           -             -      -              -                -            -
sum                        31339.873757           -             -      -              -                -            -
example_00                     0.995120     1573129       2485306  1.580           6807            1.178        100.0
example_01                     0.999240     1579343       2481944  1.572           6815            1.181        100.0
all_same_00                 1516.987493  2420771581    6348840042  2.623         315767            0.072        100.0
all_same_01                 1380.170770  2202472017    5760326913  2.615         347567            0.120        100.0
all_same_02                 1394.031677  2224464633    5766098242  2.592         268985            0.092        100.0
fft_killer_00               1450.084551  2313936358    5759137037  2.489        3644292            1.256        100.0
fft_killer_01               1445.929925  2307456151    5756712512  2.495        3651596            1.261        100.0
fft_killer_02               1448.376369  2311261027    5767687101  2.495        3657704            1.253        100.0
fft_killer_03               1430.302310  2282440993    5763913654  2.525        3651830            1.254        100.0
fft_killer_04               1441.206252  2299749015    5742685470  2.497        3634328            1.269        100.0
fft_killer_05               1427.971195  2278591328    5741756208  2.520        3635665            1.271        100.0
fft_killer_06               1427.999529  2278716165    5749785119  2.523        3646118            1.266        100.0
fft_killer_07               1445.504840  2306521299    5753505950  2.494        3646668            1.262        100.0
fft_killer_08               1460.043959  2329781661    5758439914  2.472        3651711            1.259        100.0
fft_killer_09               1458.831953  2328029708    5756797527  2.473        3647190            1.259        100.0
max_ans_zero_00             1532.044118  2444769493    5804405862  2.374        7140238            2.328        100.0
max_random_00               1510.753070  2410818621    5805563521  2.408        7143857            2.327        100.0
max_random_01               1520.117019  2425746576    5804850060  2.393        7141062            2.328        100.0
medium_00                      1.500409     2379826       4374758  1.838           9992            1.445        100.0
medium_01                      1.308662     2073737       3547102  1.710           9454            1.458        100.0
medium_02                      1.483136     2352027       4297819  1.827           9842            1.422        100.0
medium_all_zero_00             1.440939     2285285       4405067  1.928           7563            1.048        100.0
medium_all_zero_01             1.258775     1993725       3548358  1.780           7786            1.177        100.0
medium_all_zero_02             1.418745     2248322       4257538  1.894           7466            1.079        100.0
medium_pre_suf_zero_00         1.060234     1677191       2736557  1.632           7456            1.249        100.0
medium_pre_suf_zero_01         1.047640     1656888       2723143  1.644           7472            1.262        100.0
medium_pre_suf_zero_02         1.032652     1633571       2734419  1.674           7058            1.181        100.0
medium_pre_suf_zero_03         1.042095     1647984       2735431  1.660           6996            1.170        100.0
medium_pre_suf_zero_04         1.048860     1659406       2729795  1.645           7539            1.271        100.0
random_00                    679.123797  1083499039    2640698108  2.437        2859927            2.147        100.0
random_01                    719.879559  1148527125    2824573308  2.459        3530501            2.379        100.0
random_02                   1435.408792  2290641919    5387415402  2.352        5700832            2.095        100.0
signed_overflow_00             0.969083     1531473       2440958  1.594           6753            1.208        100.0
small_00                       0.970138     1533478       2444675  1.594           6854            1.216        100.0
small_01                       0.975554     1541311       2425500  1.574           6714            1.204        100.0
small_02                       0.955068     1509248       2444979  1.620           6818            1.209        100.0
small_03                       0.951175     1502734       2416605  1.608           6601            1.188        100.0
small_04                       0.973194     1538006       2432730  1.582           6794            1.216        100.0
small_05                       0.967272     1529185       2465145  1.612           6881            1.203        100.0
small_06                       0.976752     1543625       2431310  1.575           6671            1.194        100.0
small_07                       0.974876     1540404       2440008  1.584           6766            1.202        100.0
small_08                       1.007037     1591463       2431757  1.528           6759            1.209        100.0
small_09                       0.989820     1565149       2431743  1.554           6695            1.198        100.0
small_10                       0.971757     1535350       2445767  1.593           6790            1.204        100.0
small_11                       0.965728     1526603       2467910  1.617           6722            1.175        100.0
small_12                       0.986459     1559702       2433292  1.560           6798            1.216        100.0
small_13                       0.967289     1528505       2432429  1.591           6650            1.190        100.0
small_14                       0.985512     1557830       2446098  1.570           6847            1.214        100.0
small_15                       1.009728     1597096       2470284  1.547           6890            1.203        100.0
small_and_large_00          1315.033150  2098402167    4793675764  2.284        3655370            1.628        100.0
small_and_large_01          1292.570224  2062578424    4780002649  2.317        3649047            1.650        100.0
small_and_large_02          1294.137355  2065087709    4784588480  2.317        3631340            1.632        100.0
small_and_large_03          1280.179796  2042810358    4781162264  2.340        3628828            1.638        100.0
unsigned_overflow_00           0.953105     1505706       2450772  1.628           6865            1.217        100.0

submissions/convolution/convolution_mod_large/Rohan_Kapri.cpp
SHA-256: 5ad3026d6515e7dbeebcf29c977a023cec6d6836ff9dcbfd884815b7ad7b9c31
Measured: full-20261001, original two complete passes
case                    task-clock (ms)      cycles  instructions    IPC  branch-misses  branch-miss (%)  running (%)
max (max_random_01)         1534.687503           -             -      -              -                -            -
sum                        31343.886028           -             -      -              -                -            -
example_00                     1.012723     1601451       2434317  1.520           6812            1.218        100.0
example_01                     1.000777     1581568       2460442  1.556           6623            1.156        100.0
all_same_00                 1526.116589  2435277006    6351711285  2.608         296953            0.067        100.0
all_same_01                 1377.531538  2198242878    5747332185  2.615         348205            0.121        100.0
all_same_02                 1388.307058  2215392491    5749249087  2.595         251888            0.088        100.0
fft_killer_00               1459.545088  2329073567    5762545517  2.474        3655414            1.257        100.0
fft_killer_01               1449.929989  2313808458    5762235003  2.490        3653056            1.255        100.0
fft_killer_02               1445.698314  2306974359    5747728471  2.491        3642402            1.268        100.0
fft_killer_03               1452.611754  2318078777    5741874847  2.477        3637625            1.272        100.0
fft_killer_04               1432.599713  2286119184    5748329773  2.514        3640182            1.266        100.0
fft_killer_05               1438.125181  2294878995    5763359466  2.511        3652076            1.255        100.0
fft_killer_06               1445.370339  2306438247    5763125850  2.499        3656163            1.256        100.0
fft_killer_07               1435.431065  2290675675    5746172183  2.509        3639086            1.268        100.0
fft_killer_08               1452.120497  2317153719    5753035765  2.483        3643742            1.262        100.0
fft_killer_09               1438.112462  2294749215    5752272668  2.507        3647452            1.264        100.0
max_ans_zero_00             1519.760115  2424957871    5826329893  2.403        7159581            2.297        100.0
max_random_00               1510.692589  2410648767    5805557057  2.408        7136661            2.326        100.0
max_random_01               1534.687503  2449013119    5809045483  2.372        7145558            2.323        100.0
medium_00                      1.527113     2421838       4419664  1.825          10198            1.442        100.0
medium_01                      1.291243     2046061       3565507  1.743           9356            1.425        100.0
medium_02                      1.509711     2393737       4285487  1.790           9972            1.459        100.0
medium_all_zero_00             1.445843     2292796       4388976  1.914           7731            1.084        100.0
medium_all_zero_01             1.244562     1971696       3544202  1.798           7696            1.164        100.0
medium_all_zero_02             1.466002     2323788       4290013  1.846           7883            1.125        100.0
medium_pre_suf_zero_00         1.072247     1696723       2705497  1.595           7548            1.292        100.0
medium_pre_suf_zero_01         1.061708     1679643       2728084  1.624           7515            1.268        100.0
medium_pre_suf_zero_02         1.044824     1652592       2747657  1.663           7042            1.169        100.0
medium_pre_suf_zero_03         1.040067     1645015       2746008  1.669           7082            1.177        100.0
medium_pre_suf_zero_04         1.046641     1654774       2701916  1.633           7420            1.272        100.0
random_00                    678.012998  1081750899    2636830384  2.438        2861043            2.165        100.0
random_01                    726.898726  1159738819    2827674035  2.438        3534234            2.369        100.0
random_02                   1424.186209  2272634603    5390280479  2.372        5708006            2.093        100.0
signed_overflow_00             0.969762     1533465       2477314  1.616           6717            1.173        100.0
small_00                       1.011990     1599773       2433720  1.521           6890            1.232        100.0
small_01                       0.965707     1526463       2416318  1.583           6741            1.213        100.0
small_02                       0.954573     1508261       2424024  1.607           6670            1.192        100.0
small_03                       0.963902     1522957       2471977  1.623           6939            1.210        100.0
small_04                       0.954882     1508633       2428734  1.610           6622            1.186        100.0
small_05                       0.946422     1495764       2426025  1.622           6797            1.213        100.0
small_06                       0.931212     1470911       2440567  1.659           6600            1.173        100.0
small_07                       0.963797     1523501       2446433  1.606           6841            1.213        100.0
small_08                       0.935641     1478109       2433474  1.646           6504            1.158        100.0
small_09                       0.981585     1551685       2441992  1.574           6730            1.195        100.0
small_10                       0.935003     1477829       2422809  1.639           6693            1.197        100.0
small_11                       1.017415     1607457       2427019  1.510           6761            1.211        100.0
small_12                       0.949965     1501067       2439565  1.625           6671            1.186        100.0
small_13                       0.927316     1465072       2433640  1.661           6599            1.175        100.0
small_14                       0.969723     1532954       2433026  1.587           6841            1.224        100.0
small_15                       0.964160     1523311       2447032  1.606           6856            1.215        100.0
small_and_large_00          1299.927408  2074421743    4779951723  2.304        3650395            1.650        100.0
small_and_large_01          1298.455141  2071953252    4783480217  2.309        3653044            1.645        100.0
small_and_large_02          1298.777826  2072499480    4783198730  2.308        3628854            1.635        100.0
small_and_large_03          1277.919117  2039269682    4779508369  2.344        3631181            1.642        100.0
unsigned_overflow_00           0.962293     1519621       2451826  1.613           6833            1.210        100.0

submissions/convolution/convolution_mod_large/Yuezheng_Ling_fans.cpp
SHA-256: e96275f31f7393b05b3ff21f8b0e066c0b319d94832eb1a44294072f01457263
Measured: full-20261001, original two complete passes
case                    task-clock (ms)      cycles  instructions    IPC  branch-misses  branch-miss (%)  running (%)
max (max_ans_zero_00)       1685.569424           -             -      -              -                -            -
sum                        33972.859443           -             -      -              -                -            -
example_00                     1.051691     1663329       2524082  1.517           7309            1.251        100.0
example_01                     1.045642     1653905       2514891  1.521           7230            1.237        100.0
all_same_00                 1297.807615  2070688831    5618328845  2.713         182502            0.033        100.0
all_same_01                 1584.405320  2528179965    6972727683  2.758        2183358            0.355        100.0
all_same_02                 1584.270743  2528234135    6956649117  2.752        2109071            0.344        100.0
fft_killer_00               1621.018343  2586440532    6961945477  2.692        4060590            0.662        100.0
fft_killer_01               1600.520348  2553761391    6950283483  2.722        4055853            0.664        100.0
fft_killer_02               1607.408668  2564811707    6954812895  2.712        4065410            0.664        100.0
fft_killer_03               1597.142112  2548521082    6954988212  2.729        4056069            0.663        100.0
fft_killer_04               1604.120589  2559669184    6952370275  2.716        4052101            0.663        100.0
fft_killer_05               1599.464891  2552010825    6954591939  2.725        4051420            0.662        100.0
fft_killer_06               1603.733544  2559067815    6950059282  2.716        4066265            0.666        100.0
fft_killer_07               1606.601785  2563529909    6962737907  2.716        4063844            0.662        100.0
fft_killer_08               1608.199264  2565905330    6962257457  2.713        4056762            0.661        100.0
fft_killer_09               1606.683061  2563808375    6945825101  2.709        4054696            0.665        100.0
max_ans_zero_00             1685.569424  2689595333    6966589967  2.590        8160410            1.335        100.0
max_random_00               1683.019680  2685741900    6947882048  2.587        8141927            1.340        100.0
max_random_01               1680.328027  2681276726    6950061290  2.592        8135797            1.338        100.0
medium_00                      1.658638     2631394       4838268  1.839          10936            1.345        100.0
medium_01                      1.378918     2184732       3869578  1.771           9311            1.270        100.0
medium_02                      1.609564     2553769       4707655  1.843          10538            1.313        100.0
medium_all_zero_00             1.464717     2323122       4108836  1.769           8136            1.061        100.0
medium_all_zero_01             1.244338     1971264       3411873  1.731           7486            1.054        100.0
medium_all_zero_02             1.431852     2270154       4031888  1.776           7933            1.060        100.0
medium_pre_suf_zero_00         1.098849     1739161       2853966  1.641           8039            1.288        100.0
medium_pre_suf_zero_01         1.089523     1723958       2836588  1.645           8063            1.303        100.0
medium_pre_suf_zero_02         1.061561     1679341       2723509  1.622           7462            1.216        100.0
medium_pre_suf_zero_03         1.062242     1680104       2720365  1.619           7472            1.219        100.0
medium_pre_suf_zero_04         1.114422     1763512       2823775  1.601           8149            1.332        100.0
random_00                    752.235422  1200218182    3074243914  2.561        3275943            1.279        100.0
random_01                    827.243786  1320025729    3416691097  2.588        4074309            1.345        100.0
random_02                   1539.264264  2456240267    6220163377  2.532        6476852            1.277        100.0
signed_overflow_00             1.026536     1623926       2488816  1.533           7282            1.277        100.0
small_00                       0.997901     1577461       2497264  1.583           7364            1.281        100.0
small_01                       1.015758     1604745       2497654  1.556           7176            1.249        100.0
small_02                       1.063485     1682602       2486376  1.478           7373            1.293        100.0
small_03                       1.019896     1612348       2478095  1.537           7109            1.250        100.0
small_04                       1.023360     1616819       2480786  1.534           7244            1.268        100.0
small_05                       1.010376     1597852       2483023  1.554           7225            1.269        100.0
small_06                       1.019240     1610966       2528388  1.569           7434            1.270        100.0
small_07                       1.026956     1624337       2483272  1.529           7285            1.279        100.0
small_08                       1.048290     1657771       2527134  1.524           7401            1.265        100.0
small_09                       1.046474     1654918       2481202  1.499           7226            1.269        100.0
small_10                       1.036528     1639165       2483746  1.515           7256            1.273        100.0
small_11                       1.022129     1616195       2479631  1.534           7260            1.275        100.0
small_12                       1.021445     1615663       2521353  1.561           7285            1.248        100.0
small_13                       1.061468     1678596       2519819  1.501           7321            1.255        100.0
small_14                       1.018560     1609979       2496221  1.550           7318            1.274        100.0
small_15                       1.013629     1601930       2493126  1.556           7306            1.273        100.0
small_and_large_00          1312.843494  2094830069    5172073916  2.469        4081162            1.125        100.0
small_and_large_01          1314.492895  2097639915    5175016549  2.467        4092224            1.126        100.0
small_and_large_02          1315.681980  2099332847    5191205274  2.473        4213213            1.159        100.0
small_and_large_03          1306.013743  2083966838    5199013763  2.495        4218690            1.156        100.0
unsigned_overflow_00           1.006457     1591255       2502040  1.572           7365            1.279        100.0

submissions/convolution/convolution_mod_large/adamant.cpp
SHA-256: e1f6bc5b1f277d600a702815481114e33985314b3bcfe36ffad4691eb51e5f68
Measured: full-20261001, original two complete passes
case                    task-clock (ms)      cycles  instructions    IPC  branch-misses  branch-miss (%)  running (%)
max (fft_killer_01)         2050.010526           -             -      -              -                -            -
sum                        38800.515185           -             -      -              -                -            -
example_00                     1.045132     1652853       2523605  1.527           6988            1.192        100.0
example_01                     1.046039     1654289       2472784  1.495           6949            1.224        100.0
all_same_00                 1949.647434  3111641543    6720446461  2.160         328530            0.073        100.0
all_same_01                 1902.036039  3035667117    6394555165  2.106        1539435            0.526        100.0
all_same_02                 1924.345413  3071302814    6463461857  2.104        1878600            0.610        100.0
fft_killer_00               1986.790843  3171031416    6518013404  2.055        3982741            1.245        100.0
fft_killer_01               2050.010526  3271669382    6659342415  2.035        3984984            1.138        100.0
fft_killer_02               2033.368584  3244984872    6681304672  2.059        3960913            1.113        100.0
fft_killer_03               1977.836279  3156599047    6473861274  2.051        3954614            1.276        100.0
fft_killer_04               1984.891306  3168017905    6443919294  2.034        3919218            1.289        100.0
fft_killer_05               1973.535684  3149879205    6456790341  2.050        3939214            1.285        100.0
fft_killer_06               1983.294870  3165230084    6564756663  2.074        3942206            1.198        100.0
fft_killer_07               1942.274407  3099967782    6455215761  2.082        3936679            1.288        100.0
fft_killer_08               1969.652904  3143670124    6440344714  2.049        3923449            1.292        100.0
fft_killer_09               1914.888728  3056246601    6380076162  2.088        3861473            1.332        100.0
max_ans_zero_00             2048.233171  3268911654    6535869310  1.999        7733235            2.292        100.0
max_random_00               1993.908845  3182391596    6455664791  2.029        7732316            2.421        100.0
max_random_01               1993.446125  3181665733    6448449335  2.027        7718251            2.427        100.0
medium_00                      1.870976     2970694       5165543  1.739          10808            1.352        100.0
medium_01                      1.425479     2260112       3877707  1.716           9155            1.323        100.0
medium_02                      1.804707     2864681       4926269  1.720          10100            1.323        100.0
medium_all_zero_00             1.757826     2790699       5090535  1.824           8294            0.992        100.0
medium_all_zero_01             1.368550     2169463       3832158  1.766           7646            1.065        100.0
medium_all_zero_02             1.694638     2689771       4879732  1.814           7892            0.989        100.0
medium_pre_suf_zero_00         1.132841     1792874       2822696  1.574           7823            1.305        100.0
medium_pre_suf_zero_01         1.119518     1770608       2845233  1.607           7937            1.311        100.0
medium_pre_suf_zero_02         1.099042     1738970       2810243  1.616           7307            1.205        100.0
medium_pre_suf_zero_03         1.097459     1735734       2848569  1.641           7341            1.183        100.0
medium_pre_suf_zero_04         1.138161     1801298       2827397  1.570           7806            1.301        100.0
random_00                   1056.035190  1685436732    3017598075  1.790        3116487            2.250        100.0
random_01                   1122.144225  1790955112    3346317423  1.868        3844628            2.165        100.0
random_02                   1876.764032  2995442032    5902927582  1.971        6144955            2.355        100.0
signed_overflow_00             0.998263     1578130       2514729  1.593           7092            1.235        100.0
small_00                       0.973182     1537644       2459307  1.599           6854            1.213        100.0
small_01                       0.961976     1520571       2503027  1.646           6793            1.171        100.0
small_02                       0.982355     1552437       2485271  1.601           7064            1.234        100.0
small_03                       1.017609     1608603       2468290  1.534           6934            1.222        100.0
small_04                       0.997630     1577423       2471541  1.567           6911            1.218        100.0
small_05                       0.990060     1564434       2472116  1.580           6811            1.200        100.0
small_06                       0.986095     1558210       2485409  1.595           6965            1.217        100.0
small_07                       0.980556     1550317       2465855  1.591           6845            1.208        100.0
small_08                       0.988201     1560869       2478756  1.588           6956            1.217        100.0
small_09                       0.972569     1535340       2462723  1.604           6769            1.192        100.0
small_10                       0.985355     1557898       2472062  1.587           7022            1.237        100.0
small_11                       1.009213     1596411       2472292  1.549           6957            1.225        100.0
small_12                       0.995512     1573592       2480332  1.576           6940            1.214        100.0
small_13                       0.985073     1557661       2472129  1.587           6914            1.218        100.0
small_14                       1.003787     1586650       2465885  1.554           6873            1.213        100.0
small_15                       1.021493     1614421       2471382  1.531           6883            1.213        100.0
small_and_large_00           765.969370  1222510008    2846834479  2.329        3858420            1.358        100.0
small_and_large_01           778.949696  1243228155    2885223812  2.321        3865901            1.348        100.0
small_and_large_02           762.824382  1217476072    2847653154  2.339        3862093            1.358        100.0
small_and_large_03           774.242121  1235725968    2885256335  2.335        3866093            1.349        100.0
unsigned_overflow_00           0.975714     1541896       2486217  1.612           6997            1.225        100.0

src/convolution/convolution_mod_large/main.cxx
SHA-256: d4200b3e812c40f10172c2008e6a8f968aed0334e6044826ffda4e7b674ff4ca
Measured: full-20261001, original two complete passes
case                    task-clock (ms)      cycles  instructions    IPC  branch-misses  branch-miss (%)  running (%)
max (max_random_00)         1452.133611           -             -      -              -                -            -
sum                        29868.939473           -             -      -              -                -            -
example_00                     0.813268     1282228       1801759  1.405           5640            1.385        100.0
example_01                     0.807684     1272998       1786382  1.403           5483            1.363        100.0
all_same_00                 1278.037026  2038784171    5613290269  2.753         180921            0.047        100.0
all_same_01                 1385.853621  2210855393    6130755562  2.773         204098            0.052        100.0
all_same_02                 1387.426540  2213467468    6128372149  2.769         197145            0.050        100.0
fft_killer_00               1394.020982  2223637581    6132284437  2.758         199757            0.051        100.0
fft_killer_01               1394.181538  2224193851    6132293908  2.757         205200            0.052        100.0
fft_killer_02               1398.902872  2231355999    6132250214  2.748         202847            0.051        100.0
fft_killer_03               1394.164523  2223954478    6129822794  2.756         203795            0.052        100.0
fft_killer_04               1379.177598  2200625714    6127790956  2.785         195220            0.050        100.0
fft_killer_05               1386.458761  2211850722    6128819228  2.771         202124            0.051        100.0
fft_killer_06               1392.067366  2220811991    6128896861  2.760         197590            0.050        100.0
fft_killer_07               1400.019007  2233381788    6129794893  2.745         218686            0.055        100.0
fft_killer_08               1389.776530  2216961504    6129388903  2.765         203274            0.052        100.0
fft_killer_09               1387.773561  2214094451    6129353313  2.768         195607            0.050        100.0
max_ans_zero_00             1445.645251  2306335474    6108021184  2.648        3726009            0.948        100.0
max_random_00               1452.133611  2316307722    6111225053  2.638        3732073            0.948        100.0
max_random_01               1447.961932  2309654648    6111009755  2.646        3733138            0.948        100.0
medium_00                      1.300571     2060487       3819469  1.854           7428            1.334        100.0
medium_01                      1.084962     1716031       2915088  1.699           6736            1.374        100.0
medium_02                      1.255870     1988921       3670734  1.846           7126            1.326        100.0
medium_all_zero_00             1.150830     1821455       3341770  1.835           5912            1.106        100.0
medium_all_zero_01             0.946979     1495998       2587371  1.730           5724            1.204        100.0
medium_all_zero_02             1.116636     1767356       3258819  1.844           5860            1.135        100.0
medium_pre_suf_zero_00         0.827848     1306134       2009096  1.538           5740            1.404        100.0
medium_pre_suf_zero_01         0.832626     1314333       2020938  1.538           5945            1.447        100.0
medium_pre_suf_zero_02         0.811040     1279457       1971855  1.541           5500            1.311        100.0
medium_pre_suf_zero_03         0.814011     1283901       1935058  1.507           5703            1.404        100.0
medium_pre_suf_zero_04         0.864220     1363813       2070233  1.518           6149            1.438        100.0
random_00                    655.849983  1046422848    2761708821  2.639        1501916            0.859        100.0
random_01                    706.546506  1127174413    2999077341  2.661        1853735            0.939        100.0
random_02                   1349.138432  2152196823    5618416109  2.611        2992952            0.856        100.0
signed_overflow_00             0.741869     1168668       1747094  1.495           5296            1.363        100.0
small_00                       0.762493     1201942       1757239  1.462           5452            1.391        100.0
small_01                       0.769211     1212278       1748970  1.443           5490            1.413        100.0
small_02                       0.763332     1202468       1743112  1.450           5536            1.423        100.0
small_03                       0.771237     1216252       1769297  1.455           5480            1.375        100.0
small_04                       0.784539     1237149       1769525  1.430           5645            1.431        100.0
small_05                       0.771377     1214648       1755262  1.445           5592            1.436        100.0
small_06                       0.791722     1248265       1756144  1.407           5525            1.418        100.0
small_07                       0.803764     1267609       1743226  1.375           5624            1.453        100.0
small_08                       0.747473     1177516       1749934  1.486           5403            1.392        100.0
small_09                       0.777019     1225276       1735581  1.416           5444            1.412        100.0
small_10                       0.790996     1247233       1755634  1.408           5611            1.440        100.0
small_11                       0.786289     1239569       1749958  1.412           5527            1.422        100.0
small_12                       0.780525     1230427       1754717  1.426           5555            1.426        100.0
small_13                       0.762166     1200429       1763957  1.469           5478            1.393        100.0
small_14                       0.792858     1250157       1769082  1.415           5670            1.437        100.0
small_15                       0.821602     1294952       1756024  1.356           5582            1.433        100.0
small_and_large_00          1218.901731  1943902745    4911772983  2.527        1947383            0.682        100.0
small_and_large_01          1199.763680  1913760392    4906797291  2.564        1936597            0.681        100.0
small_and_large_02          1198.689353  1912161528    4909951964  2.568        1939021            0.680        100.0
small_and_large_03          1199.827028  1913799674    4907270123  2.564        1935883            0.680        100.0
unsigned_overflow_00           0.777024     1224872       1798523  1.468           5516            1.358        100.0

submissions/convolution/convolution_mod_large/Aiyiyi.cpp
SHA-256: 1a48f11ba07234d7603c375b12b34aefa753fe90b4c4696befce6db7aec0207b
Measured: new-submissions-20261001, two complete passes
case                    task-clock (ms)      cycles  instructions    IPC  branch-misses  branch-miss (%)  running (%)
max (fft_killer_01)         1081.078573           -             -      -              -                -            -
sum                        22929.495611           -             -      -              -                -            -
example_00                     1.059965     1676418       1840169  1.098           6687            1.638        100.0
example_01                     1.083776     1702825       1864894  1.095           7066            1.709        100.0
all_same_00                 1043.648235  1665659470    3497548370  2.100         107503            0.311        100.0
all_same_01                 1073.279805  1712908010    3572312234  2.086         126426            0.248        100.0
all_same_02                 1073.462277  1713100625    3572337167  2.085         124998            0.245        100.0
fft_killer_00               1073.067910  1712646040    3572286475  2.086         129201            0.254        100.0
fft_killer_01               1081.078573  1725395986    3572264348  2.070         128094            0.252        100.0
fft_killer_02               1073.193617  1712838477    3572321279  2.086         128881            0.253        100.0
fft_killer_03               1074.009735  1714148607    3572286760  2.084         135668            0.266        100.0
fft_killer_04               1073.585912  1713464789    3572300721  2.085         123166            0.242        100.0
fft_killer_05               1080.461551  1724459890    3572170073  2.071         126177            0.248        100.0
fft_killer_06               1072.006880  1710928908    3572362929  2.088         130397            0.256        100.0
fft_killer_07               1079.789945  1723277355    3573512020  2.074         137733            0.269        100.0
fft_killer_08               1075.200826  1715993547    3572314429  2.082         115332            0.226        100.0
fft_killer_09               1079.609049  1722983788    3572249542  2.073         133977            0.263        100.0
max_ans_zero_00             1072.373509  1711493967    3571501025  2.087         140199            0.276        100.0
max_random_00               1074.234824  1714289307    3571507987  2.083         137161            0.270        100.0
max_random_01               1076.756158  1718483210    3571338182  2.078         135096            0.267        100.0
medium_00                      1.389560     2202215       3275650  1.487           7228            1.504        100.0
medium_01                      1.256985     1990342       2624163  1.318           7289            1.629        100.0
medium_02                      1.371813     2174467       3151319  1.449           7008            1.500        100.0
medium_all_zero_00             1.375348     2180206       3158169  1.449           7036            1.555        100.0
medium_all_zero_01             1.228845     1945245       2548092  1.310           7098            1.641        100.0
medium_all_zero_02             1.354525     2146007       3082853  1.437           7077            1.549        100.0
medium_pre_suf_zero_00         1.105894     1737226       2059783  1.186           7060            1.640        100.0
medium_pre_suf_zero_01         1.109316     1755340       2055804  1.171           6899            1.606        100.0
medium_pre_suf_zero_02         1.084440     1715718       2016840  1.176           6917            1.664        100.0
medium_pre_suf_zero_03         1.079939     1708367       2060250  1.206           6819            1.575        100.0
medium_pre_suf_zero_04         1.078832     1706963       2055209  1.204           6901            1.615        100.0
random_00                    489.161816   780663996    1663077249  2.130          64027            0.268        100.0
random_01                    519.659217   829324168    1775480315  2.141          75783            0.285        100.0
random_02                   1011.189043  1613842400    3359793081  2.082         131374            0.291        100.0
signed_overflow_00             1.048705     1658220       1883487  1.136           6936            1.651        100.0
small_00                       1.041357     1646948       1852051  1.125           6720            1.638        100.0
small_01                       1.039484     1643340       1890400  1.150           6819            1.606        100.0
small_02                       1.031864     1631725       1854595  1.137           6845            1.665        100.0
small_03                       1.026403     1623029       1880955  1.159           6778            1.603        100.0
small_04                       1.036483     1638622       1852235  1.130           6756            1.646        100.0
small_05                       1.058152     1671953       1844869  1.103           6814            1.667        100.0
small_06                       1.034591     1636273       1877945  1.148           6784            1.616        100.0
small_07                       1.020343     1613788       1873094  1.161           6798            1.620        100.0
small_08                       1.052354     1664719       1892577  1.137           6842            1.610        100.0
small_09                       1.041811     1647752       1873675  1.137           6771            1.613        100.0
small_10                       1.053501     1666337       1875904  1.126           6912            1.648        100.0
small_11                       1.061161     1678726       1878634  1.119           6819            1.621        100.0
small_12                       1.035377     1637351       1868696  1.141           6854            1.640        100.0
small_13                       1.052149     1663658       1881008  1.131           6867            1.631        100.0
small_14                       1.048036     1657661       1904795  1.149           6795            1.582        100.0
small_15                       1.033744     1634570       1883393  1.152           6913            1.640        100.0
small_and_large_00           922.531994  1472256728    3056316201  2.076         100469            0.271        100.0
small_and_large_01           925.738173  1477481671    3056298442  2.069         113196            0.306        100.0
small_and_large_02           925.646046  1477231958    3056269730  2.069         112925            0.305        100.0
small_and_large_03           925.457324  1476905173    3056321004  2.069         102778            0.278        100.0
unsigned_overflow_00           1.058439     1673381       1901316  1.136           6797            1.586        100.0
