case                              task-clock (ms)      cycles  instructions    IPC  branch-misses  branch-miss (%)  running (%)
max (typical_tree_max_degree_00)       529.390360           -             -      -              -                -            -
sum                                   7237.876645           -             -      -              -                -            -
example_00                               0.885641     1661242       1634487  0.984           5512            1.552        100.0
example_01                               0.878828     1647789       1631484  0.990           5662            1.607        100.0
n_hundreds_00                            1.031345     1936995       2029278  1.048           8768            2.314        100.0
n_hundreds_01                            1.032534     1939408       1964476  1.013           8595            2.302        100.0
tiny_00                                  0.891581     1671899       1625932  0.973           5428            1.536        100.0
tiny_01                                  0.904766     1696884       1607616  0.947           5362            1.560        100.0
typical_tree_max_00                    527.481004   999571868    1141015901  1.142        2327693            5.767        100.0
typical_tree_max_01                    127.099216   240748211     243904031  1.013         133989            0.737        100.0
typical_tree_max_02                    459.043504   869870285    1116455211  1.283        4174162            8.607        100.0
typical_tree_max_03                    453.780470   859832280    1083273002  1.260        2695212            6.895        100.0
typical_tree_max_04                    463.831418   878959179    1081686695  1.231        2596995            6.681        100.0
typical_tree_max_05                    274.115399   519352601     622149717  1.198        1383037            5.080        100.0
typical_tree_max_06                    344.383903   652568000     776497166  1.190        1863388            5.986        100.0
typical_tree_max_07                    519.703578   984833429    1124764771  1.142        2347307            5.886        100.0
typical_tree_max_08                    322.598904   611262788     763985370  1.250        2598925            7.630        100.0
typical_tree_max_09                    168.119246   318466905     284384646  0.893        1212150            6.256        100.0
typical_tree_max_degree_00             529.390360  1003176862    1141443450  1.138        2330720            5.759        100.0
typical_tree_max_degree_01             109.062355   206557796     228885977  1.108         284599            1.622        100.0
typical_tree_max_degree_02             454.068920   860440467    1108393237  1.288        4112668            8.538        100.0
typical_tree_max_degree_03             452.855954   858129448    1083120221  1.262        2696721            6.905        100.0
typical_tree_max_degree_04             452.793337   858019537    1073948709  1.252        2549507            6.620        100.0
typical_tree_max_degree_05             259.442367   491587186     612199723  1.245        1468242            5.479        100.0
typical_tree_max_degree_06             336.746603   638049454     770270581  1.207        1928775            6.194        100.0
typical_tree_max_degree_07             512.168679   970567641    1124798181  1.159        2345921            5.865        100.0
typical_tree_max_degree_08             311.791102   590798498     749995407  1.269        2600967            7.763        100.0
typical_tree_max_degree_09             153.775631   291263431     272408286  0.935        1240479            6.631        100.0
