case                   task-clock (ms)     cycles  instructions    IPC  branch-misses  branch-miss (%)  running (%)
max (many_3_query_00)       488.976698          -             -      -              -                -            -
sum                        5291.802090          -             -      -              -                -            -
example_00                    0.839594    1573270       1566664  0.996           5259            1.564        100.0
example_01                    0.878305    1647104       1577643  0.958           5479            1.620        100.0
many_0_query_00             408.156596  773538246    1114722560  1.441        3424012            4.956        100.0
many_0_query_01             396.571521  751613209    1092522710  1.454        3402235            5.032        100.0
many_1_query_00             216.995069  411244075     481413596  1.171        2835219            5.846        100.0
many_1_query_01             213.441017  404503913     474804996  1.174        2833658            5.916        100.0
many_2_query_00             481.874655  913236219    1329306009  1.456        4488438            5.397        100.0
many_2_query_01             486.028831  921131903    1328208490  1.442        4502208            5.419        100.0
many_3_query_00             488.976698  926743206    1332583711  1.438        4575888            5.591        100.0
many_3_query_01             488.298888  925430078    1331800749  1.439        4583379            5.603        100.0
max_random_00               444.169448  841787154    1119349829  1.330        4962740            6.738        100.0
max_random_01               442.767467  839136955    1117753647  1.332        4939113            6.707        100.0
max_random_02               441.693842  837135704    1119361522  1.337        4946550            6.715        100.0
random_00                   215.475008  408372143     589222035  1.443        2970502            7.743        100.0
random_01                   124.561325  236078021     356050904  1.508        1428621            5.880        100.0
random_02                   233.425584  442417176     632217882  1.429        2922401            7.009        100.0
small_00                      0.919437    1724408       1701767  0.987           5990            1.703        100.0
small_01                      0.926733    1737745       1760317  1.013           6698            1.879        100.0
small_02                      0.986905    1852316       1859873  1.004           7793            2.131        100.0
small_03                      1.003090    1882904       1947627  1.034           8416            2.239        100.0
small_04                      1.046693    1966549       2057986  1.046           8785            2.270        100.0
sort_only_short_00          101.028161  191468353     270810373  1.414        1056814            5.820        100.0
sort_only_short_01          101.737223  192810059     270522089  1.403        1059740            5.842        100.0
