2026-10-02 lenovo / Intel(R) Core(TM) i5-10210U CPU @ 1.60GHz
Two complete passes per binary; per case minimum task-clock; all counters from that same run.
Unchanged binaries reuse their recorded passes; each section identifies its measurement batch.
Cases: 44, including examples. Units: ms. No CPU pinning.
Compiler: g++ (GCC) 16.2.1 20260819 (Red Hat 16.2.1-2); rustc 1.98.1 (48a229cea 2026-09-01)
Build host: master (original references); fedora (GCC); fedora-toolbox-45 with host sysroot (Clang 23); glibc 2.43
Environment: Linux 7.2.8-200.fc44.x86_64; affinity [0, 1, 2, 3]; stack 268435456 bytes; bench_env OK.
cxx_flags.txt: -std=c++23 -DEVAL -DONLINE_JUDGE -Iinclude -O3 -fwhole-program -fno-exceptions -fno-rtti -march=x86-64-v3 -fno-pie -no-pie -nostdlib++ -static -lm -s
cpp_flags.txt: -std=c++23 -DEVAL -DONLINE_JUDGE -Iac-library -include cassert -O3 -fwhole-program -fno-exceptions -fno-rtti -march=x86-64-v3 -fno-pie -no-pie -static -lgmp -s
rust_flags.txt: -C opt-level=3 -C codegen-units=1 -C lto=fat -C panic=abort -C target-cpu=x86-64-v3 -C target-feature=+crt-static -C relocation-model=static -C link-arg=-Wl,-u,__cxa_thread_atexit_impl -C strip=symbols

solution                                max (ms)       sum (ms)
Qwerty1232                               208.075482    3652.999666
Rohan_Kapri                              207.533312    3646.423113
Yuezheng_Ling_fans                       546.277685   10065.352781
adamant                                  207.304081    3651.826876
tayu0110                                 396.817281    6943.411178
toomer                                   190.679693    3158.566865
crt                                      184.757221    3147.360694
fft                                      243.681311    4443.212469
fft_naive                                362.394974    6829.862805
main                                     174.326038    2953.513996
naive                                    196.509277    3481.096789
crt-clang23                              189.082367    3265.563026
naive-clang23                            181.183443    3261.726721

submissions/convolution/convolution_mod_2_64/Qwerty1232.cpp
SHA-256: f2a242fc704de24184402e5e678746c62ab026de494b21c21cfa3fa2f43adf6f
Measured: full-20261001, original two complete passes
case                 task-clock (ms)     cycles  instructions    IPC  branch-misses  branch-miss (%)  running (%)
max (gen_524288_00)       208.075482          -             -      -              -                -            -
sum                      3652.999666          -             -      -              -                -            -
example_00                  1.658045    2631453       3692213  1.403          11330            1.593        100.0
example_01                  1.616879    2565093       3732841  1.455          11229            1.548        100.0
all_same_00               155.231776  247438904     555128046  2.243          39892            0.142        100.0
all_same_01               193.746003  308875638     787386405  2.549          70467            0.144        100.0
all_same_02               199.400135  317813335     787198834  2.477          88849            0.182        100.0
all_same_03               195.124725  310983778     792763567  2.549          65594            0.133        100.0
gen_131072_00              49.388418   78823026     190437579  2.416         296849            2.344        100.0
gen_131073_00              82.534536  131718158     305826193  2.322         304230            1.813        100.0
gen_177147_00              88.879169  141861906     334901934  2.361         397405            2.017        100.0
gen_177148_00              88.739259  141624804     334850263  2.364         397215            2.018        100.0
gen_262144_00             100.288790  160057726     388595697  2.428         577610            2.298        100.0
gen_262145_00             169.336010  269913952     621910981  2.304         593081            1.834        100.0
gen_265721_00             174.775054  278596199     625154283  2.244         598410            1.825        100.0
gen_265722_00             168.896973  269227587     623192532  2.315         600571            1.857        100.0
gen_354294_00             182.437932  290823835     678976854  2.335         786807            2.073        100.0
gen_354295_00             182.901338  291564802     679555049  2.331         786190            2.063        100.0
gen_524288_00             208.075482  331648924     787132097  2.373        1141584            2.329        100.0
gen_524288_01             204.352504  325832887     786160260  2.413        1140586            2.339        100.0
medium_00                   4.132649    6581352      12937583  1.966          26159            1.927        100.0
medium_01                   3.059054    4867503       8911640  1.831          21763            1.949        100.0
medium_02                   4.021633    6404332      12402330  1.937          23930            1.850        100.0
random_00                 189.462028  302030917     708104325  2.344         880038            2.151        100.0
random_01                 197.399219  314716562     731829281  2.325         961716            2.222        100.0
random_02                  94.778008  151260354     360473532  2.383         484229            2.168        100.0
small_00                    1.625010    2578835       3685902  1.429          11397            1.610        100.0
small_01                    1.621444    2572401       3684192  1.432          11246            1.589        100.0
small_02                    1.626396    2581137       3735621  1.447          11381            1.568        100.0
small_03                    1.617011    2565283       3699656  1.442          11327            1.590        100.0
small_04                    1.612147    2557507       3701495  1.447          11474            1.610        100.0
small_05                    1.601117    2540351       3691594  1.453          11307            1.590        100.0
small_06                    1.658334    2631598       3743222  1.422          11531            1.585        100.0
small_07                    1.607550    2551052       3720545  1.458          11450            1.597        100.0
small_08                    1.620244    2571635       3692774  1.436          11414            1.610        100.0
small_09                    1.613592    2559774       3686309  1.440          11383            1.604        100.0
small_10                    1.627772    2582195       3704233  1.435          11485            1.610        100.0
small_11                    1.619753    2569859       3682296  1.433          11236            1.585        100.0
small_12                    1.624321    2576963       3741022  1.452          11379            1.565        100.0
small_13                    1.640542    2602917       3701736  1.422          11504            1.613        100.0
small_14                    1.638205    2599686       3736069  1.437          11454            1.578        100.0
small_15                    1.625851    2580124       3698491  1.433          11429            1.605        100.0
small_and_large_00        170.293798  271469601     623498712  2.297         593166            1.813        100.0
small_and_large_01        170.026719  271010770     622646544  2.297         594453            1.831        100.0
small_and_large_02        172.076645  274280318     622858332  2.271         591976            1.831        100.0
small_and_large_03        174.387596  277894647     623334231  2.243         594939            1.837        100.0

submissions/convolution/convolution_mod_2_64/Rohan_Kapri.cpp
SHA-256: 59bc28972b00bd5389020908aef1caaaa5739483966e03306fc8f7da608f36c6
Measured: full-20261001, original two complete passes
case                 task-clock (ms)     cycles  instructions    IPC  branch-misses  branch-miss (%)  running (%)
max (gen_524288_01)       207.533312          -             -      -              -                -            -
sum                      3646.423113          -             -      -              -                -            -
example_00                  1.178644    1866095       2703957  1.449           8274            1.319        100.0
example_01                  1.171801    1855105       2662621  1.435           8300            1.355        100.0
all_same_00               173.169024  276238511     573672006  2.077          41977            0.137        100.0
all_same_01               190.659342  304026415     688332344  2.264          68351            0.166        100.0
all_same_02               192.554687  307042554     686590188  2.236          82695            0.203        100.0
all_same_03               192.449278  306876874     691088596  2.252          53216            0.130        100.0
gen_131072_00              48.973472   78077042     169279661  2.168         301638            2.704        100.0
gen_131073_00              81.712768  130294790     275170555  2.112         304881            2.167        100.0
gen_177147_00              87.930742  140176078     297581986  2.123         404912            2.482        100.0
gen_177148_00              88.553999  141170980     296917517  2.103         403603            2.493        100.0
gen_262144_00              98.477368  156996969     336391925  2.143         586833            2.948        100.0
gen_262145_00             171.500388  273546447     560011428  2.047         605811            2.142        100.0
gen_265721_00             172.046439  274400972     562577397  2.050         616078            2.152        100.0
gen_265722_00             172.123674  274524414     561824445  2.047         615090            2.160        100.0
gen_354294_00             184.216525  293834560     605126971  2.059         805721            2.455        100.0
gen_354295_00             184.381956  294102085     605438036  2.059         805836            2.451        100.0
gen_524288_00             207.215263  330543778     686728833  2.078        1172241            2.874        100.0
gen_524288_01             207.533312  330941084     687331874  2.077        1174597            2.870        100.0
medium_00                   3.990714    6355204      12519498  1.970          22597            1.527        100.0
medium_01                   2.745032    4366262       8089702  1.853          17621            1.577        100.0
medium_02                   3.871699    6165417      12146727  1.970          21133            1.469        100.0
random_00                 191.559006  305566564     630871614  2.065         906310            2.536        100.0
random_01                 198.868437  317235658     649165186  2.046         985167            2.623        100.0
random_02                  91.961650  146615120     315831869  2.154         494569            2.702        100.0
small_00                    1.176382    1862130       2698741  1.449           8363            1.340        100.0
small_01                    1.152136    1823755       2642692  1.449           8214            1.355        100.0
small_02                    1.168644    1849823       2666702  1.442           8425            1.374        100.0
small_03                    1.179735    1867753       2711305  1.452           8245            1.312        100.0
small_04                    1.181475    1870331       2704035  1.446           8329            1.328        100.0
small_05                    1.144590    1811324       2651722  1.464           8247            1.356        100.0
small_06                    1.157174    1831855       2671967  1.459           8409            1.369        100.0
small_07                    1.177421    1863820       2703946  1.451           8293            1.323        100.0
small_08                    1.157880    1831906       2709456  1.479           8366            1.333        100.0
small_09                    1.168327    1849277       2679494  1.449           8517            1.384        100.0
small_10                    1.190778    1885068       2674823  1.419           8451            1.375        100.0
small_11                    1.155511    1829384       2692514  1.472           8367            1.344        100.0
small_12                    1.162442    1840528       2671886  1.452           8344            1.359        100.0
small_13                    1.150004    1820704       2710769  1.489           8475            1.349        100.0
small_14                    1.160083    1835404       2672985  1.456           8374            1.363        100.0
small_15                    1.159506    1835883       2692703  1.467           8395            1.348        100.0
small_and_large_00        170.006429  271194032     552714114  2.038         610888            2.290        100.0
small_and_large_01        169.832957  270875792     552369950  2.039         609930            2.293        100.0
small_and_large_02        169.471982  270341105     552214539  2.043         601430            2.256        100.0
small_and_large_03        169.624437  270600186     551996650  2.040         602503            2.265        100.0

submissions/convolution/convolution_mod_2_64/Yuezheng_Ling_fans.cpp
SHA-256: 805363717740e513eb51af036fba278b66dd633462c3c832dffa03fef75f8b8c
Measured: full-20261001, original two complete passes
case                 task-clock (ms)     cycles  instructions    IPC  branch-misses  branch-miss (%)  running (%)
max (gen_524288_00)       546.277685          -             -      -              -                -            -
sum                     10065.352781          -             -      -              -                -            -
example_00                  1.098118    1737745       2498337  1.438           7571            1.318        100.0
example_01                  1.088888    1723298       2507574  1.455           7604            1.325        100.0
all_same_00               493.718851  787928827    2152618533  2.732         276539            0.121        100.0
all_same_01               533.549181  851468111    2366308827  2.779         306865            0.124        100.0
all_same_02               535.289430  854269185    2367443199  2.771         324674            0.131        100.0
all_same_03               533.528048  851450101    2371846002  2.786         304330            0.122        100.0
gen_131072_00             117.517530  187375501     548501968  2.927         354946            0.609        100.0
gen_131073_00             223.718694  356864473    1044829479  2.928         415739            0.383        100.0
gen_177147_00             232.782836  371284761    1079066270  2.906         513821            0.456        100.0
gen_177148_00             231.983853  370002675    1078126369  2.914         511140            0.454        100.0
gen_262144_00             249.049681  397244161    1141451083  2.873         690901            0.573        100.0
gen_262145_00             495.003086  789970407    2174743276  2.753         821342            0.365        100.0
gen_265721_00             494.418892  789049660    2175716684  2.757         829819            0.369        100.0
gen_265722_00             500.326695  798437790    2177508383  2.727         833135            0.370        100.0
gen_354294_00             513.333435  819231748    2240805689  2.735        1014122            0.435        100.0
gen_354295_00             511.571241  816428048    2241073575  2.745        1019377            0.438        100.0
gen_524288_00             546.277685  871805705    2371903499  2.721        1378714            0.552        100.0
gen_524288_01             545.922914  871260540    2367325769  2.717        1369833            0.551        100.0
medium_00                   6.872985   10956159      29792524  2.719          32696            0.924        100.0
medium_01                   4.166827    6636392      16191657  2.440          30560            1.466        100.0
medium_02                   6.756401   10769714      29141742  2.706          32655            0.948        100.0
random_00                 522.355024  833607238    2277270684  2.732        1120059            0.471        100.0
random_01                 529.499768  845039945    2305082926  2.728        1190219            0.494        100.0
random_02                 240.611409  383788429    1108302100  2.888         602489            0.518        100.0
small_00                    1.069504    1691711       2505225  1.481           7727            1.342        100.0
small_01                    1.063170    1681688       2507585  1.491           7654            1.329        100.0
small_02                    1.063359    1681591       2540728  1.511           7562            1.284        100.0
small_03                    1.062998    1681377       2507392  1.491           7659            1.330        100.0
small_04                    1.070903    1694337       2542551  1.501           7529            1.278        100.0
small_05                    1.046094    1654602       2537498  1.534           7492            1.273        100.0
small_06                    1.042445    1647927       2493183  1.513           7590            1.329        100.0
small_07                    1.060123    1677308       2500616  1.491           7587            1.320        100.0
small_08                    1.056115    1670763       2531022  1.515           7657            1.309        100.0
small_09                    1.043523    1649708       2485273  1.506           7517            1.315        100.0
small_10                    1.058312    1673520       2546259  1.521           7630            1.293        100.0
small_11                    1.061730    1679253       2499922  1.489           7592            1.321        100.0
small_12                    1.039227    1643594       2504843  1.524           7643            1.328        100.0
small_13                    1.073357    1697884       2507705  1.477           7648            1.328        100.0
small_14                    1.055051    1668666       2536162  1.520           7509            1.277        100.0
small_15                    1.067628    1688976       2507672  1.485           7685            1.335        100.0
small_and_large_00        493.019073  786810470    2174119256  2.763         817874            0.364        100.0
small_and_large_01        495.644098  790968283    2174222766  2.749         823681            0.366        100.0
small_and_large_02        493.318507  787313222    2173529933  2.761         821236            0.366        100.0
small_and_large_03        495.996092  791561171    2173571865  2.746         823854            0.367        100.0

submissions/convolution/convolution_mod_2_64/adamant.cpp
SHA-256: 59bc28972b00bd5389020908aef1caaaa5739483966e03306fc8f7da608f36c6
Measured: full-20261001, original two complete passes
case                 task-clock (ms)     cycles  instructions    IPC  branch-misses  branch-miss (%)  running (%)
max (gen_524288_01)       207.304081          -             -      -              -                -            -
sum                      3651.826876          -             -      -              -                -            -
example_00                  1.210991    1917387       2709750  1.413           8204            1.306        100.0
example_01                  1.159416    1835193       2658800  1.449           8482            1.392        100.0
all_same_00               174.560887  278490025     573734456  2.060          38982            0.127        100.0
all_same_01               192.236364  306545784     686945167  2.241          66303            0.162        100.0
all_same_02               192.537021  307030474     686943037  2.237          81695            0.200        100.0
all_same_03               192.981172  307737924     691183316  2.246          53160            0.130        100.0
gen_131072_00              49.213904   78417902     169970743  2.167         302370            2.677        100.0
gen_131073_00              82.204001  131103046     274605713  2.095         303493            2.174        100.0
gen_177147_00              87.816950  140022283     297380371  2.124         404515            2.485        100.0
gen_177148_00              88.329442  140815089     296886970  2.108         402956            2.490        100.0
gen_262144_00              98.350705  156880367     336355261  2.144         587218            2.950        100.0
gen_262145_00             172.027073  274365709     560259166  2.042         606925            2.142        100.0
gen_265721_00             171.982725  274317364     561890720  2.048         615509            2.160        100.0
gen_265722_00             172.400425  274962477     561945925  2.044         616930            2.165        100.0
gen_354294_00             185.628280  296086781     606348946  2.048         807112            2.441        100.0
gen_354295_00             184.724082  294633394     606552404  2.059         808103            2.440        100.0
gen_524288_00             207.078981  330230262     686150577  2.078        1172194            2.881        100.0
gen_524288_01             207.304081  330587341     686135709  2.076        1173640            2.885        100.0
medium_00                   3.957342    6301436      12546274  1.991          22611            1.516        100.0
medium_01                   2.766479    4399618       8116420  1.845          17695            1.576        100.0
medium_02                   3.855145    6138364      12147986  1.979          20937            1.450        100.0
random_00                 191.612748  305656880     631410150  2.066         907130            2.531        100.0
random_01                 197.170512  314521901     651572440  2.072         989782            2.602        100.0
random_02                  92.832223  148060626     315651361  2.132         493306            2.699        100.0
small_00                    1.179482    1866915       2658585  1.424           8326            1.367        100.0
small_01                    1.156415    1830560       2703368  1.477           8375            1.336        100.0
small_02                    1.161907    1840141       2710768  1.473           8382            1.335        100.0
small_03                    1.164764    1844593       2691925  1.459           8339            1.339        100.0
small_04                    1.163635    1842135       2675463  1.452           8573            1.395        100.0
small_05                    1.158730    1834517       2691976  1.467           8267            1.328        100.0
small_06                    1.187268    1880231       2674481  1.422           8461            1.377        100.0
small_07                    1.186945    1879379       2672809  1.422           8373            1.363        100.0
small_08                    1.179613    1866514       2714731  1.454           8545            1.359        100.0
small_09                    1.179444    1866346       2660012  1.425           8383            1.371        100.0
small_10                    1.149421    1819530       2670308  1.468           8354            1.361        100.0
small_11                    1.153634    1826629       2713981  1.486           8439            1.342        100.0
small_12                    1.165620    1844952       2683164  1.454           8364            1.357        100.0
small_13                    1.149789    1820297       2708375  1.488           8378            1.335        100.0
small_14                    1.162173    1838335       2717875  1.478           8556            1.359        100.0
small_15                    1.151240    1822649       2709997  1.487           8451            1.346        100.0
small_and_large_00        170.046275  271212630     552124698  2.036         608760            2.291        100.0
small_and_large_01        169.221579  269925084     552501108  2.047         609789            2.291        100.0
small_and_large_02        169.594768  270467894     551838869  2.040         602763            2.267        100.0
small_and_large_03        170.373225  271650669     552562225  2.034         603854            2.261        100.0

submissions/convolution/convolution_mod_2_64/tayu0110.rs
SHA-256: 5ec3855a8f56a12b451d1c903854fde1a0f7277f05428eb10b393461ba810395
Measured: full-20261001, original two complete passes
case                 task-clock (ms)     cycles  instructions    IPC  branch-misses  branch-miss (%)  running (%)
max (gen_524288_00)       396.817281          -             -      -              -                -            -
sum                      6943.411178          -             -      -              -                -            -
example_00                  0.987323    1560940       2010328  1.288           7059            1.571        100.0
example_01                  0.916207    1447328       2047405  1.415           6882            1.477        100.0
all_same_00               352.691826  562671053    1201924277  2.136         128480            0.156        100.0
all_same_01               375.256344  598603128    1353312737  2.261         165292            0.160        100.0
all_same_02               376.191604  600086185    1353325525  2.255         175771            0.170        100.0
all_same_03               375.055420  598085649    1353517415  2.263         160896            0.155        100.0
gen_131072_00              95.201506  151954388     327120366  2.153         320526            1.223        100.0
gen_131073_00             166.576098  265852585     537515340  2.022         320592            0.978        100.0
gen_177147_00             180.823065  288589972     592349300  2.053         426808            1.076        100.0
gen_177148_00             180.370969  287862739     592335063  2.058         425736            1.073        100.0
gen_262144_00             207.487901  331168949     697354503  2.106         623996            1.180        100.0
gen_262145_00             314.198626  501185942    1034233244  2.064         638088            1.008        100.0
gen_265721_00             316.081789  504244723    1037706974  2.058         645342            1.013        100.0
gen_265722_00             315.214831  502730136    1037715563  2.064         646590            1.015        100.0
gen_354294_00             342.242949  545892464    1144333848  2.096         849467            1.103        100.0
gen_354295_00             343.192586  547500221    1144434256  2.090         852078            1.106        100.0
gen_524288_00             396.817281  632911244    1354702313  2.140        1245238            1.201        100.0
gen_524288_01             396.447583  632403717    1354307705  2.142        1245783            1.203        100.0
medium_00                   5.523728    8802119      17370303  1.973          22599            1.367        100.0
medium_01                   3.702264    5893703      11141617  1.890          17700            1.457        100.0
medium_02                   5.265397    8389555      16340483  1.948          20698            1.373        100.0
random_00                 354.440081  565702147    1198867163  2.119         954445            1.140        100.0
random_01                 370.898331  591640987    1246487704  2.107        1042619            1.161        100.0
random_02                 192.717956  307554290     640152383  2.081         521734            1.147        100.0
small_00                    0.948222    1498421       2056068  1.372           7079            1.513        100.0
small_01                    0.929408    1467572       2011402  1.371           6930            1.533        100.0
small_02                    0.934869    1477241       2017236  1.366           7040            1.553        100.0
small_03                    0.921349    1455960       2011593  1.382           7001            1.547        100.0
small_04                    0.956086    1510304       2053144  1.359           6971            1.493        100.0
small_05                    0.940934    1485551       2005882  1.350           6889            1.527        100.0
small_06                    0.925025    1461128       2039203  1.396           6999            1.514        100.0
small_07                    0.920021    1453011       2005725  1.380           7080            1.571        100.0
small_08                    0.942418    1489009       2053961  1.379           7057            1.511        100.0
small_09                    0.939298    1484300       2051426  1.382           6987            1.497        100.0
small_10                    0.973710    1538604       2063010  1.341           7173            1.530        100.0
small_11                    0.964855    1524592       2059072  1.351           7096            1.516        100.0
small_12                    0.943184    1489988       2057470  1.381           7050            1.507        100.0
small_13                    0.961378    1519475       2023112  1.331           7155            1.574        100.0
small_14                    0.952136    1504806       2024690  1.345           7218            1.588        100.0
small_15                    0.951819    1504113       2025092  1.346           7061            1.553        100.0
small_and_large_00        313.083679  499606980    1033128790  2.068         635990            1.010        100.0
small_and_large_01        313.173162  499854965    1033424944  2.067         634868            1.008        100.0
small_and_large_02        317.055916  505540261    1034829641  2.047         634866            1.002        100.0
small_and_large_03        316.692044  505180273    1035415515  2.050         637507            1.005        100.0

submissions/convolution/convolution_mod_2_64/toomer.rs
SHA-256: f431090277b6236b0a23a5bcd2562d525296fca868ca7cdbf7d20f3387bfa97e
Measured: new-submissions-20261001, two complete passes
case                 task-clock (ms)     cycles  instructions    IPC  branch-misses  branch-miss (%)  running (%)
max (gen_524288_01)       190.679693          -             -      -              -                -            -
sum                      3158.566865          -             -      -              -                -            -
example_00                  0.971927    1535776       2036983  1.326           7232            1.579        100.0
example_01                  0.948641    1499397       2052611  1.369           7298            1.573        100.0
all_same_00               160.811925  256601745     528652920  2.060          46036            0.106        100.0
all_same_01               188.462581  300696736     648376317  2.156          55938            0.118        100.0
all_same_02               188.665421  301009439     647747274  2.152          55187            0.117        100.0
all_same_03               188.341251  300505185     649295164  2.161          57688            0.121        100.0
gen_131072_00              52.644494   83977951     178085659  2.121          47037            0.285        100.0
gen_131073_00              82.417042  131503041     271998628  2.068          62439            0.314        100.0
gen_177147_00              86.601802  138148911     291647486  2.111          70583            0.327        100.0
gen_177148_00              86.979572  138770031     293353401  2.114          72012            0.328        100.0
gen_262144_00              94.564570  150877425     328680183  2.178          86314            0.346        100.0
gen_262145_00             167.009229  266496940     535187448  2.008          86498            0.231        100.0
gen_265721_00             166.920839  266351751     540363753  2.029          91710            0.239        100.0
gen_265722_00             167.571686  267402763     536753622  2.007          87428            0.233        100.0
gen_354294_00             175.066825  279325608     574828541  2.058          96572            0.236        100.0
gen_354295_00             174.266315  278030118     576156856  2.072          98363            0.239        100.0
gen_524288_00             189.625848  302572406     648635918  2.144         124850            0.263        100.0
gen_524288_01             190.679693  304217975     647897167  2.130         125971            0.266        100.0
medium_00                   3.674851    5850730      11111117  1.899           9712            0.719        100.0
medium_01                   2.338611    3717733       6746575  1.815           9180            1.019        100.0
medium_02                   3.570781    5684191      10872622  1.913           9853            0.734        100.0
random_00                 178.477621  284740364     595737834  2.092         105482            0.246        100.0
random_01                 183.125363  292166967     612383053  2.096         112512            0.253        100.0
random_02                  90.730945  144758456     308334949  2.130          77676            0.336        100.0
small_00                    0.964091    1522628       2047512  1.345           7138            1.543        100.0
small_01                    0.945632    1493784       2023322  1.354           7099            1.565        100.0
small_02                    0.922042    1456504       2059927  1.414           7193            1.540        100.0
small_03                    0.965227    1525054       2050178  1.344           7323            1.581        100.0
small_04                    0.964564    1524608       2031997  1.333           7172            1.561        100.0
small_05                    0.929124    1467940       2022238  1.378           7188            1.585        100.0
small_06                    0.940943    1486664       2010960  1.353           7234            1.604        100.0
small_07                    0.913970    1443097       2010502  1.393           7147            1.585        100.0
small_08                    0.974081    1539571       2048424  1.331           7150            1.545        100.0
small_09                    0.943983    1490735       2031733  1.363           7068            1.539        100.0
small_10                    0.918133    1449750       2030444  1.401           6959            1.516        100.0
small_11                    0.946822    1495890       2052879  1.372           7155            1.536        100.0
small_12                    0.940710    1486106       2052511  1.381           7303            1.575        100.0
small_13                    0.961013    1518420       2035108  1.340           7198            1.565        100.0
small_14                    0.961242    1518740       2054016  1.352           7102            1.524        100.0
small_15                    0.954454    1508617       2048577  1.358           7175            1.550        100.0
small_and_large_00         62.621033   99946605     275171860  2.753          78019            0.361        100.0
small_and_large_01         96.644523  154257665     346212532  2.244          94555            0.302        100.0
small_and_large_02         63.291964  101018065     275276871  2.725          80354            0.372        100.0
small_and_large_03         96.395481  153859683     346775078  2.254          94732            0.301        100.0

src/convolution/convolution_mod_2_64/crt.cxx
SHA-256: fd11fedb6f2a9914bd2d6162a177fee12942f8291fee41fbfef6b7cdffe70df0
Measured: bench/conv-variants-20261001/hybrid, two complete passes; identical binary SHA-256
case                 task-clock (ms)     cycles  instructions    IPC  branch-misses  branch-miss (%)  running (%)
max (gen_524288_00)       184.757221          -             -      -              -                -            -
sum                      3147.360694          -             -      -              -                -            -
example_00                  0.963668    1520607       1796641  1.182           5700            1.410        100.0
example_01                  0.835335    1318450       1803349  1.368           5582            1.375        100.0
all_same_00               103.195042  164440029     382170318  2.324          30255            0.169        100.0
all_same_01               183.008660  291665132     666970891  2.287          42447            0.180        100.0
all_same_02               183.550704  292505831     666753016  2.279          42268            0.179        100.0
all_same_03               183.516081  292485975     666672409  2.279          42554            0.180        100.0
gen_131072_00              44.846925   71557689     159632737  2.231          36840            0.588        100.0
gen_131073_00              68.499840  109245673     255320021  2.337          41141            0.561        100.0
gen_177147_00              75.489523  120403361     278978697  2.317          48123            0.548        100.0
gen_177148_00              75.355319  120189732     278975467  2.321          48041            0.547        100.0
gen_262144_00              88.499351  141131560     322735746  2.287          63045            0.548        100.0
gen_262145_00             143.781493  229060880     530026385  2.314          71413            0.477        100.0
gen_265721_00             144.399822  230017329     532057561  2.313          72441            0.478        100.0
gen_265722_00             144.318739  229900580     531891964  2.314          72739            0.482        100.0
gen_354294_00             158.447828  252458329     577608015  2.288          86769            0.483        100.0
gen_354295_00             158.358246  252287838     577486702  2.289          87043            0.485        100.0
gen_524288_00             184.757221  294449233     665790813  2.261         114299            0.485        100.0
gen_524288_01             184.599296  294162429     664978124  2.261         114923            0.492        100.0
medium_00                   3.383967    5386659      10233524  1.900           8804            0.985        100.0
medium_01                   2.196510    3490841       6261728  1.794           7999            1.222        100.0
medium_02                   3.251827    5175347       9804093  1.894           8485            0.981        100.0
random_00                 165.302272  263400993     601206020  2.282          94457            0.486        100.0
random_01                 171.277440  272919289     620608844  2.274         100431            0.487        100.0
random_02                  81.919328  130639653     299929060  2.296          56631            0.561        100.0
small_00                    0.825495    1302114       1796102  1.379           5429            1.342        100.0
small_01                    0.813613    1283302       1795914  1.399           5413            1.339        100.0
small_02                    0.813064    1282045       1791175  1.397           5624            1.401        100.0
small_03                    0.839648    1325167       1802141  1.360           5617            1.385        100.0
small_04                    0.797507    1257713       1798612  1.430           5347            1.320        100.0
small_05                    0.828978    1308043       1801359  1.377           5655            1.394        100.0
small_06                    0.847038    1336549       1800481  1.347           5600            1.382        100.0
small_07                    0.832266    1313529       1801826  1.372           5621            1.386        100.0
small_08                    0.833188    1314472       1797175  1.367           5405            1.335        100.0
small_09                    0.818070    1291281       1789109  1.386           5648            1.408        100.0
small_10                    0.827429    1305612       1803605  1.381           5700            1.405        100.0
small_11                    0.811034    1279386       1801973  1.408           5737            1.415        100.0
small_12                    0.827254    1305314       1789052  1.371           5564            1.388        100.0
small_13                    0.832924    1313975       1801671  1.371           5602            1.382        100.0
small_14                    0.853848    1347985       1800519  1.336           5635            1.391        100.0
small_15                    0.868514    1371183       1802106  1.314           5632            1.388        100.0
small_and_large_00        144.808111  230681906     531245364  2.303          72454            0.478        100.0
small_and_large_01        144.962085  230930487     531455077  2.301          73030            0.481        100.0
small_and_large_02        144.994610  231013550     531177438  2.299          71458            0.472        100.0
small_and_large_03        145.571581  231917680     531468252  2.292          72069            0.475        100.0

src/convolution/convolution_mod_2_64/fft.cxx
SHA-256: 1177b4efae0789a9a27d0862b7a96665194a195ccf04104c5297a2b6ac37d288
Measured: bench/conv-variants-20261001/required, two complete passes; identical binary SHA-256
case                task-clock (ms)     cycles  instructions    IPC  branch-misses  branch-miss (%)  running (%)
max (all_same_02)        243.681311          -             -      -              -                -            -
sum                     4443.212469          -             -      -              -                -            -
example_00                 0.807596    1272999       1739796  1.367           5452            1.412        100.0
example_01                 0.805171    1270117       1745595  1.374           5574            1.439        100.0
all_same_00              230.305998  367229149     575107781  1.566          37735            0.132        100.0
all_same_01              240.775068  383935210     628975320  1.638          38929            0.125        100.0
all_same_02              243.681311  388598605     629023188  1.619          38394            0.123        100.0
all_same_03              239.269972  381717648     629170063  1.648          40600            0.130        100.0
gen_131072_00             54.584838   87033632     152679542  1.754          36150            0.448        100.0
gen_131073_00            100.985586  161074296     259397204  1.610          40311            0.391        100.0
gen_177147_00            104.347616  166383754     276203069  1.660          47190            0.391        100.0
gen_177148_00            104.263787  166250810     276257627  1.662          47417            0.392        100.0
gen_262144_00            114.952797  183296912     307998671  1.680          61927            0.400        100.0
gen_262145_00            212.360014  338631839     531858627  1.571          69220            0.330        100.0
gen_265721_00            212.565658  338956527     533180873  1.573          70265            0.333        100.0
gen_265722_00            212.775652  339292230     533136585  1.571          69820            0.331        100.0
gen_354294_00            226.168975  360674702     566346289  1.570          84611            0.343        100.0
gen_354295_00            221.851635  353852695     565557766  1.598          84106            0.343        100.0
gen_524288_00            243.225806  387874291     629360060  1.623         110741            0.352        100.0
gen_524288_01            242.706410  387105022     629482037  1.626         111642            0.355        100.0
medium_00                  4.157072    6619490      11603091  1.753           9580            0.793        100.0
medium_01                  2.610386    4151406       6881797  1.658           7850            0.949        100.0
medium_02                  4.079011    6495202      11269183  1.735           9376            0.803        100.0
random_00                227.744988  363190397     582676009  1.604          91583            0.347        100.0
random_01                232.502895  370796744     596342510  1.608          96978            0.349        100.0
random_02                109.383147  174421526     291491739  1.671          54045            0.394        100.0
small_00                   0.821700    1295895       1781107  1.374           5601            1.398        100.0
small_01                   0.808858    1275832       1756735  1.377           5628            1.437        100.0
small_02                   0.809691    1276595       1775821  1.391           5370            1.344        100.0
small_03                   0.801470    1263479       1759482  1.393           5343            1.348        100.0
small_04                   0.817513    1289519       1763129  1.367           5459            1.383        100.0
small_05                   0.795437    1254302       1757212  1.401           5635            1.438        100.0
small_06                   0.823107    1298618       1777300  1.369           5557            1.389        100.0
small_07                   0.804782    1268690       1769929  1.395           5305            1.331        100.0
small_08                   0.790484    1245675       1756284  1.410           5249            1.326        100.0
small_09                   0.797974    1258124       1784320  1.418           5625            1.402        100.0
small_10                   0.810260    1277621       1743276  1.364           5325            1.362        100.0
small_11                   0.815987    1287292       1782685  1.385           5651            1.409        100.0
small_12                   0.808973    1275256       1777501  1.394           5509            1.377        100.0
small_13                   0.788187    1241628       1767206  1.423           5431            1.373        100.0
small_14                   0.835581    1318155       1784321  1.354           5531            1.378        100.0
small_15                   0.809844    1277753       1783431  1.396           5632            1.404        100.0
small_and_large_00       211.457804  337286840     531864713  1.577          68660            0.327        100.0
small_and_large_01       211.415698  337282471     531982269  1.577          69953            0.333        100.0
small_and_large_02       210.429517  335733681     531744874  1.584          69391            0.331        100.0
small_and_large_03       210.058213  335127422     531985798  1.587          69640            0.332        100.0

src/convolution/convolution_mod_2_64/fft_naive.cxx
SHA-256: 2a4e5dfbb9c31edfa10a563672e48a12680e7dd8c02804dd4f01a1ea0a353d8e
Measured: bench/conv-variants-20261001/required, two complete passes; identical binary SHA-256
case                 task-clock (ms)     cycles  instructions    IPC  branch-misses  branch-miss (%)  running (%)
max (gen_524288_01)       362.394974          -             -      -              -                -            -
sum                      6829.862805          -             -      -              -                -            -
example_00                  0.812019    1280142       1760405  1.375           5359            1.357        100.0
example_01                  0.803221    1266604       1726338  1.363           5473            1.426        100.0
all_same_00               348.407521  555981265     840578658  1.512          51399            0.141        100.0
all_same_01               360.680202  575586761     896938868  1.558          53944            0.136        100.0
all_same_02               360.359216  575055303     895694618  1.558          53968            0.137        100.0
all_same_03               360.956199  576055909     895862141  1.555          54097            0.137        100.0
gen_131072_00              84.087948  134133223     214493788  1.599          40565            0.400        100.0
gen_131073_00             162.744912  259685436     392748041  1.512          48290            0.314        100.0
gen_177147_00             167.924495  267967802     409705914  1.529          54868            0.320        100.0
gen_177148_00             168.369328  268644808     410085765  1.526          55914            0.324        100.0
gen_262144_00             177.764105  283674758     441348067  1.556          68890            0.336        100.0
gen_262145_00             332.497362  530641927     797540646  1.503          83108            0.285        100.0
gen_265721_00             333.483357  532199862     799477918  1.502          83983            0.285        100.0
gen_265722_00             333.054541  531551057     799105446  1.503          83813            0.286        100.0
gen_354294_00             343.275825  547834965     831549660  1.518          97735            0.299        100.0
gen_354295_00             343.232218  547754832     831576642  1.518          98014            0.299        100.0
gen_524288_00             362.190521  578015050     894366154  1.547         124704            0.317        100.0
gen_524288_01             362.394974  578307331     894565768  1.547         125996            0.320        100.0
medium_00                   5.835391    9299679      16321178  1.755           9906            0.592        100.0
medium_01                   3.542602    5627281       9475132  1.684           9482            0.846        100.0
medium_02                   5.724030    9122346      15961474  1.750           9473            0.584        100.0
random_00                 348.868159  556758265     848740986  1.524         105138            0.304        100.0
random_01                 352.663133  562815663     862493676  1.532         112080            0.312        100.0
random_02                 172.563053  275360467     424880625  1.543          62266            0.332        100.0
small_00                    0.805217    1268588       1764431  1.391           5373            1.360        100.0
small_01                    0.825412    1302358       1762832  1.354           5395            1.359        100.0
small_02                    0.813791    1283242       1764607  1.375           5478            1.377        100.0
small_03                    0.816239    1286496       1745093  1.356           5321            1.360        100.0
small_04                    0.807465    1273562       1744055  1.369           5296            1.354        100.0
small_05                    0.850785    1343003       1784585  1.329           5590            1.393        100.0
small_06                    0.811176    1279388       1765670  1.380           5420            1.371        100.0
small_07                    0.812615    1281310       1766432  1.379           5405            1.366        100.0
small_08                    0.814202    1284334       1783750  1.389           5655            1.409        100.0
small_09                    0.813055    1282541       1772632  1.382           5658            1.425        100.0
small_10                    0.792721    1250269       1771119  1.417           5615            1.409        100.0
small_11                    0.804459    1269057       1762583  1.389           5695            1.442        100.0
small_12                    0.813276    1283212       1753417  1.366           5515            1.402        100.0
small_13                    0.802972    1265963       1750663  1.383           5400            1.376        100.0
small_14                    0.809138    1276411       1773313  1.389           5621            1.415        100.0
small_15                    0.835702    1318673       1773649  1.345           5696            1.433        100.0
small_and_large_00        330.913716  528099905     797793501  1.511          83173            0.285        100.0
small_and_large_01        331.167318  528478427     797981430  1.510          83990            0.287        100.0
small_and_large_02        331.292940  528701918     797517566  1.508          83660            0.287        100.0
small_and_large_03        331.226274  528607253     797654320  1.509          83817            0.287        100.0

src/convolution/convolution_mod_2_64/main.cxx
SHA-256: 2284a49abc4e534cba2beb79b8682c76d15c178176d20ecf8558b5a03d80a91d
Measured: conv-revisit-20261001/final-runs, final source, two complete passes
case                 task-clock (ms)     cycles  instructions    IPC  branch-misses  branch-miss (%)  running (%)
max (gen_524288_00)       174.326038          -             -      -              -                -            -
sum                      2953.513996          -             -      -              -                -            -
example_00                  0.783965    1236353       1763799  1.427           5480            1.391        100.0
example_01                  0.807319    1273305       1782559  1.400           5589            1.405        100.0
all_same_00                98.089191  156378057     344702977  2.204          25468            0.149        100.0
all_same_01               173.175819  276306032     601704865  2.178          33930            0.156        100.0
all_same_02               172.957664  275971369     601705600  2.180          33287            0.153        100.0
all_same_03               173.035691  276113992     601813555  2.180          33485            0.154        100.0
gen_131072_00              42.501859   67830570     145267997  2.142          34904            0.595        100.0
gen_131073_00              64.873442  103524505     224106068  2.165          37521            0.572        100.0
gen_177147_00              72.052664  114891265     248140132  2.160          45245            0.559        100.0
gen_177148_00              71.834993  114545298     247794659  2.163          44954            0.560        100.0
gen_262144_00              85.226955  135947717     292030163  2.148          57923            0.534        100.0
gen_262145_00             133.677604  213288095     465772249  2.184          62418            0.470        100.0
gen_265721_00             134.411504  214435390     467603913  2.181          63970            0.478        100.0
gen_265722_00             134.431673  214460202     467607578  2.180          64235            0.480        100.0
gen_354294_00             148.143581  236270669     513181409  2.172          77803            0.480        100.0
gen_354295_00             147.911151  235978087     513184361  2.175          77990            0.481        100.0
gen_524288_00             174.326038  278150679     600657954  2.159         105281            0.486        100.0
gen_524288_01             174.098969  277782823     600633436  2.162         105991            0.490        100.0
medium_00                   3.233887    5146433       9486194  1.843           9071            1.077        100.0
medium_01                   2.166570    3442878       6024027  1.750           8284            1.273        100.0
medium_02                   3.058190    4866473       8990157  1.847           9036            1.124        100.0
random_00                 155.266891  247704186     537100642  2.168          85367            0.481        100.0
random_01                 160.940793  256781932     556269919  2.166          91174            0.483        100.0
random_02                  78.444325  125103970     270543850  2.163          52107            0.559        100.0
small_00                    0.803825    1266847       1768106  1.396           5511            1.402        100.0
small_01                    0.794841    1253209       1786327  1.425           5622            1.411        100.0
small_02                    0.778562    1226828       1769389  1.442           5437            1.383        100.0
small_03                    0.806769    1272165       1771559  1.393           5573            1.418        100.0
small_04                    0.774857    1221354       1753768  1.436           5291            1.357        100.0
small_05                    0.782826    1234106       1769641  1.434           5364            1.365        100.0
small_06                    0.813383    1281864       1816672  1.417           5748            1.406        100.0
small_07                    0.781839    1232749       1750727  1.420           5313            1.365        100.0
small_08                    0.821996    1295379       1804712  1.393           5351            1.317        100.0
small_09                    0.824678    1300976       1775916  1.365           5628            1.428        100.0
small_10                    0.828666    1307288       1790942  1.370           5675            1.421        100.0
small_11                    0.815840    1286266       1777083  1.382           5713            1.448        100.0
small_12                    0.813561    1282898       1777597  1.386           5608            1.420        100.0
small_13                    0.789327    1244861       1770879  1.423           5384            1.370        100.0
small_14                    0.830976    1311224       1814260  1.384           5648            1.383        100.0
small_15                    0.821762    1294846       1776578  1.372           5636            1.429        100.0
small_and_large_00        133.844299  213522138     465827411  2.182          63588            0.479        100.0
small_and_large_01        133.852111  213538976     466059742  2.183          63671            0.479        100.0
small_and_large_02        133.797702  213461787     465811899  2.182          63235            0.476        100.0
small_and_large_03        133.685438  213299478     466052549  2.185          62267            0.468        100.0

src/convolution/convolution_mod_2_64/naive.cxx
SHA-256: c3d4d43a990f500b9dedb20816310c7c8638e7dc74db4bb00c684d9affdd67b8
Measured: bench/conv-variants-20261001/required, two complete passes; identical binary SHA-256
case                 task-clock (ms)     cycles  instructions    IPC  branch-misses  branch-miss (%)  running (%)
max (gen_524288_00)       196.509277          -             -      -              -                -            -
sum                      3481.096789          -             -      -              -                -            -
example_00                  0.790591    1246166       1789842  1.436           5361            1.332        100.0
example_01                  0.801039    1263279       1800729  1.425           5617            1.387        100.0
all_same_00               186.631798  297525713     709716260  2.385          42593            0.116        100.0
all_same_01               195.628985  311810833     763088962  2.447          42931            0.110        100.0
all_same_02               195.773043  312018541     764804250  2.451          44070            0.111        100.0
all_same_03               195.099603  310967465     762933022  2.453          44252            0.113        100.0
gen_131072_00              47.237472   75389423     183211881  2.430          35248            0.351        100.0
gen_131073_00              74.881590  119517408     300227488  2.512          40339            0.260        100.0
gen_177147_00              81.727727  130446561     325030263  2.492          47680            0.283        100.0
gen_177148_00              81.637837  130302537     325010396  2.494          48082            0.285        100.0
gen_262144_00              94.474556  150782036     370813130  2.459          62113            0.322        100.0
gen_262145_00             157.224349  250487718     621563257  2.481          73438            0.231        100.0
gen_265721_00             158.324439  252266824     623681728  2.472          73261            0.229        100.0
gen_265722_00             157.814094  251459383     622682054  2.476          72447            0.228        100.0
gen_354294_00             170.862156  272302532     670385066  2.462          87068            0.254        100.0
gen_354295_00             171.053399  272576634     670648277  2.460          88104            0.257        100.0
gen_524288_00             196.509277  313192941     762503669  2.435         115685            0.295        100.0
gen_524288_01             196.377251  312990419     762304990  2.436         115642            0.295        100.0
medium_00                   3.401765    5414951      11181558  2.065           8699            0.837        100.0
medium_01                   2.184233    3471144       6759849  1.947           8034            1.107        100.0
medium_02                   3.288877    5234421      10701599  2.044           8809            0.880        100.0
random_00                 178.575408  284674907     697270944  2.449          95529            0.265        100.0
random_01                 183.818410  292944977     715524182  2.443         101574            0.277        100.0
random_02                  88.031431  140507847     347611030  2.474          54506            0.300        100.0
small_00                    0.825403    1302381       1799607  1.382           5551            1.371        100.0
small_01                    0.835974    1319069       1801756  1.366           5614            1.385        100.0
small_02                    0.831204    1309982       1788806  1.366           5663            1.414        100.0
small_03                    0.831963    1312185       1801311  1.373           5547            1.369        100.0
small_04                    0.807720    1273427       1794847  1.409           5460            1.351        100.0
small_05                    0.800037    1261709       1773951  1.406           5554            1.396        100.0
small_06                    0.814392    1284262       1762620  1.372           5346            1.353        100.0
small_07                    0.781912    1233046       1769660  1.435           5497            1.386        100.0
small_08                    0.812386    1281396       1785036  1.393           5524            1.380        100.0
small_09                    0.807048    1272709       1788053  1.405           5599            1.398        100.0
small_10                    0.801825    1264854       1801694  1.424           5593            1.380        100.0
small_11                    0.824496    1300904       1788451  1.375           5604            1.400        100.0
small_12                    0.825525    1301978       1785227  1.371           5459            1.363        100.0
small_13                    0.797973    1258761       1770191  1.406           5547            1.405        100.0
small_14                    0.838057    1322483       1800954  1.362           5615            1.387        100.0
small_15                    0.784955    1237877       1770402  1.430           5446            1.371        100.0
small_and_large_00        166.041564  264651586     639136993  2.415          75162            0.211        100.0
small_and_large_01        165.204539  263329780     637301428  2.420          75125            0.214        100.0
small_and_large_02        157.183601  250439022     620564879  2.478          73181            0.232        100.0
small_and_large_03        157.496885  250911316     620812057  2.474          73067            0.232        100.0

src/convolution/convolution_mod_2_64/crt.cxx [crt-clang23]
SHA-256: 734bc98468709d60054ff0a1c1652001310b2989133d2d218c7a43ae4a5afdfa
Compiler: clang version 23.1.2 (Fedora 23.1.2-2.fc45); --sysroot=/run/host --gcc-toolchain=/run/host/usr; host libc/libm
Measured: bench/conv-variants-20261001/hybrid, two complete passes; identical binary SHA-256
case                 task-clock (ms)     cycles  instructions    IPC  branch-misses  branch-miss (%)  running (%)
max (gen_524288_01)       189.082367          -             -      -              -                -            -
sum                      3265.563026          -             -      -              -                -            -
example_00                  0.810446    1278205       1783853  1.396           5599            1.395        100.0
example_01                  0.833956    1315243       1785232  1.357           5561            1.385        100.0
all_same_00               105.637253  168329642     367479254  2.183          29233            0.169        100.0
all_same_01               187.727340  299178245     640482138  2.141          42497            0.171        100.0
all_same_02               187.504599  298837689     640759027  2.144          42266            0.170        100.0
all_same_03               187.202322  298362693     640511436  2.147          41343            0.167        100.0
gen_131072_00              46.020578   73423421     152833553  2.082          35908            0.544        100.0
gen_131073_00              72.520300  115708689     251206617  2.171          40771            0.497        100.0
gen_177147_00              79.222726  126447417     271855088  2.150          46701            0.482        100.0
gen_177148_00              79.016045  126117726     271869328  2.156          46990            0.485        100.0
gen_262144_00              90.847142  145002783     309922679  2.137          59498            0.479        100.0
gen_262145_00             151.464052  241309648     521975360  2.163          69685            0.427        100.0
gen_265721_00             152.049799  242246601     523566799  2.161          70155            0.427        100.0
gen_265722_00             151.935498  242051197     523269045  2.162          69770            0.426        100.0
gen_354294_00             165.065948  262995379     563010159  2.141          84163            0.437        100.0
gen_354295_00             164.997666  262917149     563009793  2.141          83306            0.433        100.0
gen_524288_00             188.803272  300889413     640176918  2.128         109914            0.441        100.0
gen_524288_01             189.082367  301359937     640679461  2.126         111741            0.447        100.0
medium_00                   3.304506    5259661       9902593  1.883           8901            0.975        100.0
medium_01                   2.104926    3343975       6012885  1.798           8077            1.212        100.0
medium_02                   3.157257    5024358       9502978  1.891           8623            0.982        100.0
random_00                 171.383170  273109855     584007522  2.138          91514            0.440        100.0
random_01                 176.750832  281677369     600443107  2.132          96501            0.441        100.0
random_02                  84.991790  135655932     290041821  2.138          53855            0.490        100.0
small_00                    0.796796    1256079       1759776  1.401           5227            1.317        100.0
small_01                    0.801257    1262338       1787050  1.416           5565            1.383        100.0
small_02                    0.800023    1260871       1786015  1.416           5488            1.365        100.0
small_03                    0.797469    1257102       1767359  1.406           5399            1.363        100.0
small_04                    0.825905    1303262       1784666  1.369           5629            1.402        100.0
small_05                    0.810092    1277811       1779324  1.392           5450            1.360        100.0
small_06                    0.793597    1251264       1759543  1.406           5592            1.417        100.0
small_07                    0.818824    1291303       1786655  1.384           5609            1.396        100.0
small_08                    0.813006    1282694       1784865  1.391           5584            1.391        100.0
small_09                    0.854860    1348609       1786774  1.325           5633            1.401        100.0
small_10                    0.804372    1268181       1779091  1.403           5277            1.318        100.0
small_11                    0.821401    1296153       1787083  1.379           5605            1.394        100.0
small_12                    0.847978    1338327       1786889  1.335           5552            1.381        100.0
small_13                    0.851076    1341353       1786392  1.332           5567            1.385        100.0
small_14                    0.831102    1310830       1768676  1.349           5500            1.386        100.0
small_15                    0.811429    1279495       1759408  1.375           5509            1.397        100.0
small_and_large_00        152.717527  243301146     522865925  2.149          69778            0.424        100.0
small_and_large_01        152.088915  242298816     523015354  2.159          70285            0.428        100.0
small_and_large_02        152.591506  243141242     523059774  2.151          69088            0.419        100.0
small_and_large_03        152.652101  243236003     523004156  2.150          68759            0.419        100.0

src/convolution/convolution_mod_2_64/naive.cxx [naive-clang23]
SHA-256: c4a58c0ad77b9cf528673b12d29918e484ee323cc3cd6e3464b4c9e12f88b213
Compiler: clang version 23.1.2 (Fedora 23.1.2-2.fc45); --sysroot=/run/host --gcc-toolchain=/run/host/usr; host libc/libm
Measured: bench/conv-variants-20261001/naive-clang, two complete passes; identical binary SHA-256
case                 task-clock (ms)     cycles  instructions    IPC  branch-misses  branch-miss (%)  running (%)
max (gen_524288_01)       181.183443          -             -      -              -                -            -
sum                      3261.726721          -             -      -              -                -            -
example_00                  0.803977    1267737       1774627  1.400           5586            1.406        100.0
example_01                  0.796522    1255294       1759807  1.402           5538            1.411        100.0
all_same_00               171.690342  273667432     591947780  2.163          37991            0.137        100.0
all_same_01               180.554952  287812193     643420595  2.236          41656            0.130        100.0
all_same_02               180.040555  286896964     641404212  2.236          40174            0.128        100.0
all_same_03               180.224838  287276672     642189919  2.235          41855            0.132        100.0
gen_131072_00              43.312433   69106187     152561943  2.208          33909            0.416        100.0
gen_131073_00              70.320125  112236628     259376546  2.311          38108            0.329        100.0
gen_177147_00              76.171573  121576654     277257914  2.281          45071            0.346        100.0
gen_177148_00              76.154094  121548910     277242278  2.281          45287            0.348        100.0
gen_262144_00              86.825588  138567354     310253576  2.239          58487            0.373        100.0
gen_262145_00             147.918637  235739137     538529061  2.284          68869            0.298        100.0
gen_265721_00             148.686727  236866299     539925102  2.279          68937            0.297        100.0
gen_265722_00             148.465705  236597229     539938479  2.282          69274            0.298        100.0
gen_354294_00             159.944974  255020162     574422916  2.252          82899            0.318        100.0
gen_354295_00             160.184749  255229023     574314754  2.250          82917            0.319        100.0
gen_524288_00             180.713577  288086732     640903081  2.225         108863            0.345        100.0
gen_524288_01             181.183443  288780434     641326880  2.221         107585            0.340        100.0
medium_00                   3.195146    5084733       9536245  1.875           8534            0.946        100.0
medium_01                   2.069489    3288188       5778474  1.757           8032            1.215        100.0
medium_02                   3.112266    4952760       9215246  1.861           9005            1.033        100.0
random_00                 172.872322  275467778     610454103  2.216          92201            0.293        100.0
random_01                 170.559202  271770844     607772872  2.236          97114            0.336        100.0
random_02                  84.913384  135499848     301522986  2.225          53483            0.331        100.0
small_00                    0.799118    1260017       1751861  1.390           5445            1.386        100.0
small_01                    0.824612    1301554       1761479  1.353           5492            1.399        100.0
small_02                    0.799629    1261605       1765355  1.399           5456            1.379        100.0
small_03                    0.781675    1231778       1767499  1.435           5382            1.359        100.0
small_04                    0.789192    1244166       1758038  1.413           5527            1.410        100.0
small_05                    0.788047    1241960       1753491  1.412           5379            1.376        100.0
small_06                    0.809752    1277315       1769302  1.385           5524            1.394        100.0
small_07                    0.813167    1283128       1753948  1.367           5395            1.380        100.0
small_08                    0.799438    1260920       1754240  1.391           5562            1.421        100.0
small_09                    0.798640    1259211       1750547  1.390           5430            1.383        100.0
small_10                    0.804703    1268547       1759781  1.387           5450            1.388        100.0
small_11                    0.824575    1300444       1770293  1.361           5557            1.400        100.0
small_12                    0.785035    1236623       1752695  1.417           5265            1.340        100.0
small_13                    0.796494    1255913       1771367  1.410           5603            1.412        100.0
small_14                    0.788899    1244185       1751595  1.408           5415            1.385        100.0
small_15                    0.797813    1257906       1767442  1.405           5355            1.352        100.0
small_and_large_00        158.654378  253209927     557920701  2.203          71313            0.262        100.0
small_and_large_01        157.839639  251898429     556730724  2.210          71199            0.264        100.0
small_and_large_02        150.857585  240512716     539939051  2.245          69398            0.297        100.0
small_and_large_03        150.859710  240501939     539904132  2.245          69626            0.299        100.0
