2026-10-01 lenovo / Intel(R) Core(TM) i5-10210U CPU @ 1.60GHz
Two complete passes; per binary/case minimum task-clock; all counters from that same run.
Cases: 32, including examples. Units: ms. No CPU pinning.
Compiler: g++ (GCC) 16.2.1 20260819 (Red Hat 16.2.1-2); rustc 1.98.1 (48a229cea 2026-09-01)
Build host: master; glibc 2.43
Environment: Linux 7.2.8-200.fc44.x86_64; affinity [0, 1, 2, 3]; stack 268435456 bytes; bench_env OK.
cxx_flags.txt: -std=c++23 -DEVAL -DONLINE_JUDGE -Iinclude -O3 -fwhole-program -fno-exceptions -fno-rtti -march=x86-64-v3 -fno-pie -no-pie -nostdlib++ -static -lm -s
cpp_flags.txt: -std=c++23 -DEVAL -DONLINE_JUDGE -Iac-library -include cassert -O3 -fwhole-program -fno-exceptions -fno-rtti -march=x86-64-v3 -fno-pie -no-pie -static -lgmp -s
rust_flags.txt: -C opt-level=3 -C codegen-units=1 -C lto=fat -C panic=abort -C target-cpu=x86-64-v3 -C target-feature=+crt-static -C relocation-model=static -C link-arg=-Wl,-u,__cxa_thread_atexit_impl -C strip=symbols

solution                                max (ms)       sum (ms)
QedDust413                                91.565674    1204.617106
Rohan_Kapri                               91.706056    1204.463929
Taiki0715                                203.715022    3252.280254
adamant                                  156.479096    2853.129127
cmk666                                   174.227864    2277.436929
main                                      78.812786    1042.807452

submissions/polynomial/shift_of_sampling_points_of_polynomial/QedDust413.cpp
SHA-256: 58059c29f2123a91d28e39aca457c85912a64fca8500fda5df1d42522aa8a9a3
case                 task-clock (ms)     cycles  instructions    IPC  branch-misses  branch-miss (%)  running (%)
max (max_random_01)        91.565674          -             -      -              -                -            -
sum                      1204.617106          -             -      -              -                -            -
example_00                  1.050218    1661465       2466039  1.484           7203            1.272        100.0
example_01                  1.051509    1662981       2514980  1.512           7298            1.249        100.0
N_1_00                     33.861280   54038919      89095588  1.649          72605            1.345        100.0
c_0_00                     50.003234   79805072     149082023  1.868         102429            0.817        100.0
max_random_00              91.481328  145901040     256509758  1.758         158062            0.812        100.0
max_random_01              91.565674  146036840     256694773  1.758         159036            0.815        100.0
max_random_02              91.312362  145613149     255783825  1.757         158281            0.820        100.0
max_random_03              91.262922  145548162     255768077  1.757         158577            0.821        100.0
medium_random_00            3.123190    4970593       8182321  1.646          10535            1.076        100.0
medium_random_01            3.128684    4979488       8152929  1.637          10493            1.084        100.0
medium_random_02            3.169361    5043329       8205199  1.627          10717            1.088        100.0
medium_random_03            3.150829    5013329       8203027  1.636          10628            1.083        100.0
small_random_00             1.079723    1708487       2523757  1.477           7265            1.249        100.0
small_random_01             1.067762    1689075       2520999  1.493           7284            1.254        100.0
small_random_02             1.073763    1699117       2502722  1.473           7335            1.282        100.0
small_random_03             1.102297    1744491       2524411  1.447           7284            1.261        100.0
type0_random_00            10.212467   16285655      51048693  3.135          58677            0.946        100.0
type0_random_01            10.903083   17376622      56855226  3.272          60884            0.887        100.0
type0_random_02             2.310118    3672473       9040682  2.462          14289            1.073        100.0
type0_random_03            11.766964   18768232      57970041  3.089          69990            0.998        100.0
type1_random_00            78.205431  124738391     220419149  1.767         127553            0.811        100.0
type1_random_01            74.588873  119049891     214068032  1.798          93747            0.621        100.0
type1_random_02             7.323273   11675475      20757125  1.778          19300            0.889        100.0
type1_random_03            54.782635   87405543     162256108  1.856         118589            0.853        100.0
type2_random_00            78.653139  125430530     220327760  1.757         125099            0.805        100.0
type2_random_01            83.353469  132919117     234526988  1.764         133599            0.782        100.0
type2_random_02            36.756491   58659138      98512385  1.679          77884            1.193        100.0
type2_random_03            47.353823   75576669     139986568  1.852          62331            0.548        100.0
type3_random_00            73.042427  116457462     209672980  1.800         110832            0.753        100.0
type3_random_01            79.940192  127592417     228203403  1.789         124548            0.752        100.0
type3_random_02            40.095824   63990353     109044903  1.704          75686            1.165        100.0
type3_random_03            46.844761   74762670     139366883  1.864          60999            0.538        100.0

submissions/polynomial/shift_of_sampling_points_of_polynomial/Rohan_Kapri.cpp
SHA-256: 58059c29f2123a91d28e39aca457c85912a64fca8500fda5df1d42522aa8a9a3
case                 task-clock (ms)     cycles  instructions    IPC  branch-misses  branch-miss (%)  running (%)
max (max_random_03)        91.706056          -             -      -              -                -            -
sum                      1204.463929          -             -      -              -                -            -
example_00                  1.086335    1718596       2552979  1.486           8581            1.466        100.0
example_01                  1.037409    1640373       2495716  1.521           7184            1.241        100.0
N_1_00                     33.833255   53993773      89096217  1.650          72851            1.350        100.0
c_0_00                     50.001462   79782222     149056019  1.868         102410            0.817        100.0
max_random_00              91.337289  145682477     256210598  1.759         158486            0.816        100.0
max_random_01              91.271324  145578678     255744244  1.757         158559            0.822        100.0
max_random_02              91.171266  145468132     255758663  1.758         159646            0.827        100.0
max_random_03              91.706056  146167636     256400340  1.754         158466            0.815        100.0
medium_random_00            3.128336    4978886       8175852  1.642          10463            1.075        100.0
medium_random_01            3.151205    5015325       8193080  1.634          10480            1.070        100.0
medium_random_02            3.119260    4964586       8200741  1.652          10514            1.067        100.0
medium_random_03            3.154457    5020284       8178597  1.629          10528            1.081        100.0
small_random_00             1.069916    1692314       2492063  1.473           7283            1.275        100.0
small_random_01             1.059947    1676652       2494085  1.488           7268            1.273        100.0
small_random_02             1.064612    1684093       2513983  1.493           7290            1.263        100.0
small_random_03             1.095662    1733970       2550495  1.471           7411            1.263        100.0
type0_random_00            10.244148   16337036      51115112  3.129          59629            0.958        100.0
type0_random_01            10.892939   17372555      56807417  3.270          60240            0.880        100.0
type0_random_02             2.320597    3689205       9089019  2.464          14376            1.066        100.0
type0_random_03            11.759112   18755557      57967879  3.091          69931            0.997        100.0
type1_random_00            77.985842  124371202     220073400  1.769         127725            0.817        100.0
type1_random_01            74.659647  119077336     214083208  1.798          93929            0.622        100.0
type1_random_02             7.353344   11721772      20767129  1.772          19352            0.891        100.0
type1_random_03            54.695826   87295798     162325543  1.859         118348            0.849        100.0
type2_random_00            78.756593  125617464     220345778  1.754         124911            0.803        100.0
type2_random_01            83.273412  132828656     234514310  1.766         132429            0.775        100.0
type2_random_02            36.792803   58718375      98452911  1.677          77648            1.191        100.0
type2_random_03            47.274602   75431444     140008904  1.856          62584            0.549        100.0
type3_random_00            73.007027  116440473     209697523  1.801         110529            0.751        100.0
type3_random_01            80.092031  127714347     228371949  1.788         126453            0.761        100.0
type3_random_02            40.060323   63933243     109062250  1.706          75489            1.162        100.0
type3_random_03            47.007892   75023732     139342491  1.857          60966            0.538        100.0

submissions/polynomial/shift_of_sampling_points_of_polynomial/Taiki0715.cpp
SHA-256: a8512e53ea0253fd42da4809f37bc9db5b08aeb44ef4bd5d666d1f0a9276720e
case                 task-clock (ms)     cycles  instructions    IPC  branch-misses  branch-miss (%)  running (%)
max (max_random_00)       203.715022          -             -      -              -                -            -
sum                      3252.280254          -             -      -              -                -            -
example_00                  1.504487    2386171       3563330  1.493          15432            1.763        100.0
example_01                  1.471026    2332578       3598394  1.543          14993            1.687        100.0
N_1_00                     99.356732  158587732     446213456  2.814          41694            0.099        100.0
c_0_00                    183.162589  292337800     732084795  2.504         178469            0.407        100.0
max_random_00             203.715022  325154914     780192136  2.399         210807            0.442        100.0
max_random_01             203.585463  324918861     780178501  2.401         212613            0.446        100.0
max_random_02             203.650305  325026757     780170912  2.400         211447            0.443        100.0
max_random_03             203.704038  325128015     780208943  2.400         211881            0.444        100.0
medium_random_00            6.092988    9710453      21240163  2.187          21029            1.105        100.0
medium_random_01            6.129648    9769693      21389138  2.189          20931            1.082        100.0
medium_random_02            6.226266    9923933      21606602  2.177          20902            1.065        100.0
medium_random_03            6.099860    9721239      21282356  2.189          19959            1.043        100.0
small_random_00             1.497757    2375665       3648414  1.536          14932            1.674        100.0
small_random_01             1.491536    2365638       3641806  1.539          15340            1.726        100.0
small_random_02             1.529727    2425932       3650114  1.505          15451            1.740        100.0
small_random_03             1.485655    2356045       3682423  1.563          15893            1.784        100.0
type0_random_00           104.545481  166852034     395297210  2.369          99637            0.376        100.0
type0_random_01           111.631589  178138743     410248404  2.303         104000            0.370        100.0
type0_random_02            13.649191   21772654      49655760  2.281          30524            0.740        100.0
type0_random_03           168.311630  268623899     673799103  2.508         155238            0.439        100.0
type1_random_00           189.807226  302928426     741445946  2.448         190199            0.429        100.0
type1_random_01           177.171415  282768959     699093422  2.472         168494            0.437        100.0
type1_random_02            22.231739   35472514      84736936  2.389          35293            0.605        100.0
type1_random_03           189.242455  302032846     750659511  2.485         197352            0.434        100.0
type2_random_00           185.558457  296154418     719719395  2.430         184063            0.454        100.0
type2_random_01           192.453194  307151081     742149550  2.416         192629            0.443        100.0
type2_random_02            88.184149  140752097     347342644  2.468          92426            0.446        100.0
type2_random_03           105.650733  168616605     392103435  2.325         100032            0.396        100.0
type3_random_00           183.467721  292810886     726806392  2.482         182654            0.433        100.0
type3_random_01           193.750186  309240123     757639417  2.450         193356            0.419        100.0
type3_random_02            89.318388  142547605     355002362  2.490          92306            0.417        100.0
type3_random_03           106.603601  170137537     398934257  2.345          98886            0.380        100.0

submissions/polynomial/shift_of_sampling_points_of_polynomial/adamant.cpp
SHA-256: 0cd56deb55e222d6db6e8c3a712e266a5129f4892bb539b4c31ca24bf2c46769
case                 task-clock (ms)     cycles  instructions    IPC  branch-misses  branch-miss (%)  running (%)
max (max_random_02)       156.479096          -             -      -              -                -            -
sum                      2853.129127          -             -      -              -                -            -
example_00                 20.165461   32066795      36232381  1.130          10530            0.887        100.0
example_01                 20.108058   31998273      36104148  1.128           8649            0.746        100.0
N_1_00                     84.139702  134212535     260511875  1.941          24553            0.183        100.0
c_0_00                    144.208756  229928408     482566914  2.099          74283            0.272        100.0
max_random_00             156.256096  249157541     528078834  2.119          89220            0.299        100.0
max_random_01             156.330592  249247406     527973919  2.118          89463            0.300        100.0
max_random_02             156.479096  249467090     528146430  2.117          90753            0.304        100.0
max_random_03             156.383706  249317481     528081721  2.118          90184            0.303        100.0
medium_random_00           25.871906   41200224      56265162  1.366          12685            0.466        100.0
medium_random_01           25.894074   41234568      56251320  1.364          12763            0.469        100.0
medium_random_02           25.876246   41290834      56214395  1.361          13080            0.483        100.0
medium_random_03           25.900421   41229118      56283001  1.365          13057            0.479        100.0
small_random_00            20.144132   32055897      36179304  1.129           9020            0.773        100.0
small_random_01            20.119148   32016511      36200202  1.131           9025            0.768        100.0
small_random_02            20.128804   32031804      36202941  1.130           9076            0.772        100.0
small_random_03            20.170707   32098697      36268602  1.130           9259            0.784        100.0
type0_random_00            91.570103  146056325     301006436  2.061          70141            0.324        100.0
type0_random_01            93.393698  148895694     310224145  2.083          81868            0.348        100.0
type0_random_02            33.097512   52733417      83998488  1.593          19819            0.386        100.0
type0_random_03           132.317286  210975146     444929395  2.109          78707            0.296        100.0
type1_random_00           148.379830  236587608     496770012  2.100          74235            0.263        100.0
type1_random_01           138.324950  220496300     466144680  2.114          85946            0.306        100.0
type1_random_02            39.638033   63174655     106281041  1.682          21680            0.333        100.0
type1_random_03           151.823584  242117172     506897001  2.094          81817            0.280        100.0
type2_random_00           145.328253  231699471     486426045  2.099          76200            0.275        100.0
type2_random_01           150.136279  239348448     505596665  2.112          85469            0.286        100.0
type2_random_02            86.647860  138092088     270408547  1.958          30573            0.213        100.0
type2_random_03            91.321683  145652592     302104724  2.074          73939            0.330        100.0
type3_random_00           144.692282  230659588     483633392  2.097          75836            0.277        100.0
type3_random_01           150.134422  239356766     504491129  2.108          83228            0.279        100.0
type3_random_02            86.455008  137822190     269935378  1.959          29767            0.208        100.0
type3_random_03            91.691439  146242201     302413586  2.068          75722            0.337        100.0

submissions/polynomial/shift_of_sampling_points_of_polynomial/cmk666.cpp
SHA-256: faddc85236f150fee087a1418dded84dc2151c22cd61b53d76efb92f4a38dcdf
case                 task-clock (ms)     cycles  instructions    IPC  branch-misses  branch-miss (%)  running (%)
max (max_random_00)       174.227864          -             -      -              -                -            -
sum                      2277.436929          -             -      -              -                -            -
example_00                  1.044146    1651092       2531794  1.533           8033            1.375        100.0
example_01                  1.041117    1645967       2486650  1.511           6833            1.183        100.0
N_1_00                     68.878672  109923556     217131857  1.975          12817            0.080        100.0
c_0_00                     87.928716  140327762     272494076  1.942         106374            0.489        100.0
max_random_00             174.227864  277916616     514993483  1.853         140464            0.364        100.0
max_random_01             173.862026  277331839     514479804  1.855         140278            0.365        100.0
max_random_02             174.011592  277633322     514742263  1.854         140267            0.364        100.0
max_random_03             173.869433  277332520     515275188  1.858         140386            0.363        100.0
medium_random_00            5.084457    8100888      15408107  1.902          11040            0.709        100.0
medium_random_01            5.002606    7969527      15434284  1.937          10767            0.686        100.0
medium_random_02            4.993867    7956174      15416405  1.938          11108            0.710        100.0
medium_random_03            5.019102    7996331      15414051  1.928          10921            0.699        100.0
small_random_00             1.057906    1673278       2499476  1.494           6823            1.191        100.0
small_random_01             1.061135    1678710       2520277  1.501           6860            1.189        100.0
small_random_02             1.067823    1688557       2535124  1.501           6893            1.185        100.0
small_random_03             1.065983    1686613       2537150  1.504           7065            1.236        100.0
type0_random_00             8.099265   12913178      33911882  2.626          63619            1.318        100.0
type0_random_01             8.375707   13355134      35974252  2.694          64939            1.277        100.0
type0_random_02             1.983249    3150994       6657782  2.113          14547            1.281        100.0
type0_random_03             9.315645   14855697      39262953  2.643          74275            1.340        100.0
type1_random_00           155.775334  248532636     475239937  1.912         117343            0.333        100.0
type1_random_01           151.821826  242223240     465113026  1.920          95173            0.279        100.0
type1_random_02            11.661682   18599413      35730513  1.921          20143            0.614        100.0
type1_random_03            93.586265  149345740     287124186  1.923         120746            0.523        100.0
type2_random_00           158.119341  252304008     477252725  1.892         110158            0.312        100.0
type2_random_01           163.765230  261292471     491109191  1.880         119470            0.328        100.0
type2_random_02            73.288627  116975251     226846935  1.939          62844            0.369        100.0
type2_random_03            86.422592  137915601     261583149  1.897          68008            0.342        100.0
type3_random_00           149.116433  237907362     462086010  1.942         110809            0.323        100.0
type3_random_01           157.742389  251653563     482717032  1.918         120021            0.334        100.0
type3_random_02            83.421077  133149121     265372402  1.993          63857            0.327        100.0
type3_random_03            85.725822  136828823     260577426  1.904          67552            0.341        100.0

src/polynomial/shift_of_sampling_points_of_polynomial/main.cxx
SHA-256: 26dae425299d4d67372f37565113fe0a640849d06d60edd0ee87d66f1bc20444
case                 task-clock (ms)     cycles  instructions    IPC  branch-misses  branch-miss (%)  running (%)
max (max_random_00)        78.812786          -             -      -              -                -            -
sum                      1042.807452          -             -      -              -                -            -
example_00                  0.861401    1359706       1761940  1.296           5715            1.461        100.0
example_01                  0.793317    1250924       1767970  1.413           5533            1.405        100.0
N_1_00                      4.795539    7639708      19492395  2.551           6631            0.315        100.0
c_0_00                     65.868122  105045397     202506819  1.928          55738            0.347        100.0
max_random_00              78.812786  125707616     241179257  1.919          70601            0.345        100.0
max_random_01              78.517869  125219743     241192713  1.926          70907            0.347        100.0
max_random_02              78.664349  125471842     241086269  1.921          70622            0.346        100.0
max_random_03              78.695446  125513666     241157055  1.921          70702            0.346        100.0
medium_random_00            2.577243    4098526       6915872  1.687           8452            1.024        100.0
medium_random_01            2.565538    4080138       6911324  1.694           8286            1.002        100.0
medium_random_02            2.533837    4029192       6890679  1.710           8331            1.015        100.0
medium_random_03            2.561831    4074055       6902831  1.694           8285            1.008        100.0
small_random_00             0.864602    1363995       1828480  1.341           5740            1.398        100.0
small_random_01             0.843430    1331391       1820883  1.368           5585            1.364        100.0
small_random_02             0.832334    1313758       1775757  1.352           5753            1.461        100.0
small_random_03             0.886620    1400152       1822271  1.301           5666            1.395        100.0
type0_random_00             5.856132    9332035      21933350  2.350          48525            1.669        100.0
type0_random_01             5.870440    9354837      22068200  2.359          56527            1.891        100.0
type0_random_02             1.537047    2438120       4471166  1.834          12203            1.641        100.0
type0_random_03             6.851408   10922062      25934513  2.375          53748            1.611        100.0
type1_random_00            68.595863  109399111     212390269  1.941          55681            0.323        100.0
type1_random_01            60.904878   97122262     189170583  1.948          63561            0.432        100.0
type1_random_02             8.229985   13121842      24534966  1.870          13921            0.612        100.0
type1_random_03            71.218840  113585694     218147859  1.921          60100            0.337        100.0
type2_random_00            65.960452  105190937     205209869  1.951          55375            0.336        100.0
type2_random_01            70.372273  112235010     217148914  1.935          63709            0.358        100.0
type2_random_02            32.259864   51467584     102031265  1.982          16864            0.200        100.0
type2_random_03            38.128598   60849028     115189695  1.893          56867            0.574        100.0
type3_random_00            65.876820  105048130     203857287  1.941          56221            0.345        100.0
type3_random_01            70.154474  111870808     216035455  1.931          64533            0.366        100.0
type3_random_02            32.186287   51362728     101664457  1.979          16542            0.197        100.0
type3_random_03            38.129827   60816659     115096460  1.893          57397            0.580        100.0
