2026-10-01 lenovo / Intel(R) Core(TM) i5-10210U CPU @ 1.60GHz
Two complete passes; per binary/case minimum task-clock; all counters from that same run.
Cases: 27, including examples. Units: ms. No CPU pinning.
Compiler: g++ (GCC) 16.2.1 20260819 (Red Hat 16.2.1-2); rustc 1.98.1 (48a229cea 2026-09-01)
Build host: master; glibc 2.43
Environment: Linux 7.2.8-200.fc44.x86_64; affinity [0, 1, 2, 3]; stack 268435456 bytes; bench_env OK.
cxx_flags.txt: -std=c++23 -DEVAL -DONLINE_JUDGE -Iinclude -O3 -fwhole-program -fno-exceptions -fno-rtti -march=x86-64-v3 -fno-pie -no-pie -nostdlib++ -static -lm -s
cpp_flags.txt: -std=c++23 -DEVAL -DONLINE_JUDGE -Iac-library -include cassert -O3 -fwhole-program -fno-exceptions -fno-rtti -march=x86-64-v3 -fno-pie -no-pie -static -lgmp -s
rust_flags.txt: -C opt-level=3 -C codegen-units=1 -C lto=fat -C panic=abort -C target-cpu=x86-64-v3 -C target-feature=+crt-static -C relocation-model=static -C link-arg=-Wl,-u,__cxa_thread_atexit_impl -C strip=symbols

solution                                max (ms)       sum (ms)
QgQ                                      200.154120    2736.836210
Rohan_Kapri                              199.943002    2736.342540
Yuezheng_Ling_fans                       302.745597    4677.474071
sakikuroe                                577.727147    8164.948989
tayu0110                                 446.647581    6818.839729
main                                     173.820647    2361.756249

submissions/polynomial/product_of_polynomial_sequence/QgQ.cpp
SHA-256: 6179012b7366d5dbdc146f33a7771ec26d071695ca6102cd5ea2e3b17a436302
case                     task-clock (ms)     cycles  instructions    IPC  branch-misses  branch-miss (%)  running (%)
max (all_degree_one_04)       200.154120          -             -      -              -                -            -
sum                          2736.836210          -             -      -              -                -            -
example_00                      1.011972    1599779       2434768  1.522           6941            1.240        100.0
example_01                      1.013841    1603446       2487137  1.551           6816            1.182        100.0
example_02                      1.002189    1584426       2459535  1.552           6831            1.201        100.0
all_degree_one_00             200.030193  319248542     827471907  2.592         258166            0.458        100.0
all_degree_one_01             199.977113  319189638     827372204  2.592         260670            0.463        100.0
all_degree_one_02             199.839932  318961406     827363536  2.594         259598            0.461        100.0
all_degree_one_03             199.762586  318838481     827182700  2.594         260625            0.463        100.0
all_degree_one_04             200.154120  319440580     827110775  2.589         261614            0.465        100.0
max_and_zero_00                24.684285   39373828      87385635  2.219         166520            1.918        100.0
max_random_00                 195.473339  311975453     738413864  2.367        1286343            2.856        100.0
max_random_01                 199.310924  318116590     753951535  2.370        1328599            2.836        100.0
max_random_02                 154.200628  246107731     590097053  2.398         444097            1.616        100.0
max_random_03                 197.598899  315381521     747417762  2.370        1306010            2.833        100.0
max_random_04                 187.605773  299396700     708423961  2.366        1171423            2.827        100.0
random_00                     178.278094  284551129     690203174  2.426        1099681            2.707        100.0
random_01                     181.954820  290384872     705815845  2.431        1130894            2.669        100.0
random_02                     149.806228  239081214     568804275  2.379         421848            1.645        100.0
random_03                      17.962115   28657015      73069337  2.550         103148            1.555        100.0
random_04                      44.693405   71328231     175549322  2.461         272057            2.160        100.0
small_00                        1.019645    1611971       2484959  1.542           6849            1.185        100.0
small_01                        1.043463    1649479       2473229  1.499           6902            1.203        100.0
small_02                        1.018503    1610353       2458097  1.526           6813            1.198        100.0
small_03                        0.997576    1576685       2475745  1.570           6838            1.195        100.0
small_04                        1.042401    1648300       2485258  1.508           6910            1.195        100.0
unbalanced_00                  66.214140  105659634     253840189  2.402         260617            1.536        100.0
unbalanced_01                  65.598306  104675233     250295751  2.391         260083            1.537        100.0
unbalanced_02                  65.541720  104574385     250782783  2.398         257487            1.532        100.0

submissions/polynomial/product_of_polynomial_sequence/Rohan_Kapri.cpp
SHA-256: 6179012b7366d5dbdc146f33a7771ec26d071695ca6102cd5ea2e3b17a436302
case                     task-clock (ms)     cycles  instructions    IPC  branch-misses  branch-miss (%)  running (%)
max (all_degree_one_00)       199.943002          -             -      -              -                -            -
sum                          2736.342540          -             -      -              -                -            -
example_00                      1.069758    1691700       2462988  1.456           6920            1.219        100.0
example_01                      1.020985    1614177       2463096  1.526           6863            1.209        100.0
example_02                      1.008400    1594444       2470122  1.549           6857            1.197        100.0
all_degree_one_00             199.943002  319125603     827583867  2.593         259119            0.460        100.0
all_degree_one_01             199.816020  318923079     827570114  2.595         258382            0.458        100.0
all_degree_one_02             199.797354  318870734     827116694  2.594         258982            0.460        100.0
all_degree_one_03             199.874949  319008064     827120525  2.593         260612            0.463        100.0
all_degree_one_04             199.733069  318787791     827145627  2.595         262624            0.467        100.0
max_and_zero_00                24.670781   39366482      87370720  2.219         166329            1.917        100.0
max_random_00                 195.294864  311690318     738240262  2.369        1285452            2.857        100.0
max_random_01                 199.310195  318100510     753961203  2.370        1334112            2.848        100.0
max_random_02                 154.263025  246199223     590036498  2.397         444776            1.620        100.0
max_random_03                 197.656430  315444929     747158619  2.369        1307869            2.842        100.0
max_random_04                 187.535058  299306324     708160927  2.366        1171207            2.832        100.0
random_00                     178.298106  284583810     690229673  2.425        1095633            2.695        100.0
random_01                     182.055636  290597537     705909895  2.429        1130450            2.667        100.0
random_02                     149.909647  239245991     568791424  2.377         424460            1.655        100.0
random_03                      17.976195   28679357      73103968  2.549         102490            1.542        100.0
random_04                      44.782277   71447291     175624883  2.458         272171            2.157        100.0
small_00                        1.000564    1581287       2463141  1.558           6756            1.191        100.0
small_01                        1.018320    1610557       2452529  1.523           6842            1.215        100.0
small_02                        1.029669    1627912       2501549  1.537           6894            1.186        100.0
small_03                        1.010897    1598275       2464588  1.542           7022            1.236        100.0
small_04                        1.032887    1632977       2464851  1.509           6939            1.222        100.0
unbalanced_00                  66.216488  105674029     253876270  2.402         260099            1.532        100.0
unbalanced_01                  65.622241  104737727     250403898  2.391         259769            1.534        100.0
unbalanced_02                  65.395723  104375587     250720859  2.402         255998            1.525        100.0

submissions/polynomial/product_of_polynomial_sequence/Yuezheng_Ling_fans.cpp
SHA-256: 72659fa5731da50767bfd43e2a86686730e5b596d8d4410fe566b818911fed50
case                 task-clock (ms)     cycles  instructions    IPC  branch-misses  branch-miss (%)  running (%)
max (unbalanced_01)       302.745597          -             -      -              -                -            -
sum                      4677.474071          -             -      -              -                -            -
example_00                  1.013074    1602127       2478422  1.547           6980            1.218        100.0
example_01                  1.021617    1615333       2457899  1.522           6912            1.220        100.0
example_02                  1.026371    1623340       2461830  1.517           7013            1.236        100.0
all_degree_one_00         280.555860  447783977    1088961728  2.432         287688            0.263        100.0
all_degree_one_01         280.491122  447669983    1089038015  2.433         286106            0.261        100.0
all_degree_one_02         280.841580  448203372    1088973552  2.430         289382            0.265        100.0
all_degree_one_03         280.617277  447854969    1089031220  2.432         290523            0.266        100.0
all_degree_one_04         280.549123  447788348    1089038302  2.432         288296            0.264        100.0
max_and_zero_00            98.672665  157477773     486280911  3.088         213407            0.266        100.0
max_random_00             291.713803  465604615    1035470741  2.224        1301864            1.441        100.0
max_random_01             300.574585  479748955    1083231662  2.258        1366885            1.373        100.0
max_random_02             228.586893  364838524     746931386  2.047         415924            1.138        100.0
max_random_03             298.159877  475900327    1062445422  2.232        1420320            1.487        100.0
max_random_04             274.315717  437848099     949701653  2.169        1102653            1.497        100.0
random_00                 268.212050  428082654     957766509  2.237        1134918            1.327        100.0
random_01                 277.505917  442906482    1005657826  2.271        1198377            1.265        100.0
random_02                 206.947108  330308023     673579189  2.039         356175            1.085        100.0
random_03                  54.320017   86694339     272938922  3.148         244511            0.502        100.0
random_04                  80.277801  128130606     325040228  2.537         403148            0.948        100.0
small_00                    1.059008    1674978       2485836  1.484           7013            1.216        100.0
small_01                    1.054169    1667813       2489376  1.493           6969            1.208        100.0
small_02                    1.049833    1660784       2492976  1.501           7117            1.230        100.0
small_03                    1.051406    1662790       2462686  1.481           6929            1.221        100.0
small_04                    1.070862    1693502       2466287  1.456           7008            1.233        100.0
unbalanced_00             291.279223  464900087    1065249503  2.291         444481            0.501        100.0
unbalanced_01             302.745597  483187590    1121507109  2.321         447172            0.473        100.0
unbalanced_02             292.761516  467254834    1071300510  2.293         443954            0.498        100.0

submissions/polynomial/product_of_polynomial_sequence/sakikuroe.rs
SHA-256: bc24add8808f13d17c86336976581cb2eb26a29928b32c3811d04e3587d710fb
case                 task-clock (ms)     cycles  instructions    IPC  branch-misses  branch-miss (%)  running (%)
max (max_random_01)       577.727147          -             -      -              -                -            -
sum                      8164.948989          -             -      -              -                -            -
example_00                  0.987937    1561746       2024103  1.296           7190            1.583        100.0
example_01                  0.974767    1539307       2036579  1.323           7254            1.581        100.0
example_02                  0.959686    1516720       2062341  1.360           7168            1.530        100.0
all_degree_one_00         569.679017  909278013    2305844042  2.536         400996            0.186        100.0
all_degree_one_01         569.454947  908916956    2304894133  2.536         404788            0.188        100.0
all_degree_one_02         570.171024  910085314    2306285149  2.534         406007            0.188        100.0
all_degree_one_03         569.860064  909543214    2305630284  2.535         405547            0.188        100.0
all_degree_one_04         570.004097  909780050    2306117441  2.535         419038            0.194        100.0
max_and_zero_00           146.788394  234198748     707347986  3.020         188412            0.159        100.0
max_random_00             516.637967  824597947    1946967493  2.361        2284194            1.225        100.0
max_random_01             577.727147  922077022    2199628342  2.386        2484195            1.182        100.0
max_random_02             437.441523  698188285    1659555583  2.377        1104314            0.899        100.0
max_random_03             544.483158  868936925    2075231043  2.388        2374149            1.195        100.0
max_random_04             414.502268  661559321    1587899927  2.400        2083665            1.346        100.0
random_00                 480.997214  767701317    1835538027  2.391        2107917            1.196        100.0
random_01                 388.632644  620283720    1497891985  2.415        2202969            1.312        100.0
random_02                 260.525157  415810849    1007617066  2.423         937706            1.121        100.0
random_03                 103.300235  164843227     437882083  2.656         322591            0.406        100.0
random_04                 132.963552  212195915     510893196  2.408         735274            1.039        100.0
small_00                    0.995824    1574349       2076483  1.319           7216            1.526        100.0
small_01                    0.975324    1540691       2035463  1.321           7076            1.536        100.0
small_02                    0.980947    1550518       2051144  1.323           6972            1.494        100.0
small_03                    0.995858    1574273       2073949  1.317           7172            1.517        100.0
small_04                    0.972562    1537634       2057771  1.338           7175            1.534        100.0
unbalanced_00             427.949904  682969705    1753890845  2.568         756967            0.416        100.0
unbalanced_01             432.282018  689871544    1768001278  2.563         703023            0.383        100.0
unbalanced_02             443.705754  708067021    1942368543  2.743        1150769            0.554        100.0

submissions/polynomial/product_of_polynomial_sequence/tayu0110.rs
SHA-256: d4079e91d1e468189d22d28bd5cdaddf7ac4035e7c6edfd1e8f741664f83b941
case                 task-clock (ms)     cycles  instructions    IPC  branch-misses  branch-miss (%)  running (%)
max (max_random_01)       446.647581          -             -      -              -                -            -
sum                      6818.839729          -             -      -              -                -            -
example_00                  0.989648    1564554       2000520  1.279           7075            1.570        100.0
example_01                  0.970242    1533369       2033943  1.326           6910            1.491        100.0
example_02                  0.937856    1482035       1995069  1.346           6912            1.539        100.0
all_degree_one_00         408.574408  652103399    1551459990  2.379         816040            0.519        100.0
all_degree_one_01         408.807829  652484910    1551445367  2.378         824373            0.524        100.0
all_degree_one_02         408.804853  652473050    1551447255  2.378         829770            0.528        100.0
all_degree_one_03         408.911177  652644226    1551405658  2.377         819592            0.521        100.0
all_degree_one_04         408.524191  652035422    1551477315  2.379         814877            0.518        100.0
max_and_zero_00           129.896077  207323611     699291299  3.373         458022            0.399        100.0
max_random_00             431.156632  688162756    1480265961  2.151        2775268            2.042        100.0
max_random_01             446.647581  712894153    1531958338  2.149        2953883            2.036        100.0
max_random_02             341.864620  545628978    1137808836  2.085         935793            1.199        100.0
max_random_03             441.763791  705091893    1510326951  2.142        2905178            2.057        100.0
max_random_04             415.180839  662645312    1409917457  2.128        2401374            1.935        100.0
random_00                 395.550868  631320170    1341877395  2.126        2574449            2.101        100.0
random_01                 405.181085  646701066    1387378425  2.145        2626148            2.015        100.0
random_02                 308.835700  492933131    1023399019  2.076         883915            1.272        100.0
random_03                  68.116952  108718666     278587343  2.562         594104            1.336        100.0
random_04                 110.138501  175773512     397122313  2.259         860370            1.839        100.0
small_00                    0.962067    1519580       2027497  1.334           7036            1.530        100.0
small_01                    0.969646    1532655       2024325  1.321           6981            1.517        100.0
small_02                    0.966446    1526939       1997624  1.308           7013            1.560        100.0
small_03                    0.981630    1551924       2023270  1.304           6960            1.516        100.0
small_04                    0.952403    1504799       2035461  1.353           7037            1.517        100.0
unbalanced_00             433.853354  692451729    1557304423  2.249         953224            0.795        100.0
unbalanced_01             420.637663  671398592    1540035633  2.294         945216            0.752        100.0
unbalanced_02             418.663670  668241043    1530139902  2.290         943255            0.758        100.0

src/polynomial/product_of_polynomial_sequence/main.cxx
SHA-256: ae238459689f8a4217766cc98e34de5dec10837cbcde47082587d950a06f8016
case                 task-clock (ms)     cycles  instructions    IPC  branch-misses  branch-miss (%)  running (%)
max (max_random_01)       173.820647          -             -      -              -                -            -
sum                      2361.756249          -             -      -              -                -            -
example_00                  0.850400    1342022       1799533  1.341           6015            1.493        100.0
example_01                  0.833420    1314961       1783965  1.357           6016            1.514        100.0
example_02                  0.859891    1357428       1781502  1.312           5992            1.509        100.0
all_degree_one_00         171.024365  272969664     761107848  2.788         175534            0.303        100.0
all_degree_one_01         170.988407  272891620     761196502  2.789         175387            0.302        100.0
all_degree_one_02         171.173429  273191872     762699147  2.792         178607            0.306        100.0
all_degree_one_03         170.865377  272705575     761668760  2.793         177958            0.306        100.0
all_degree_one_04         171.100800  273086292     761358623  2.788         177390            0.306        100.0
max_and_zero_00            20.388034   32530136      81434909  2.503         116934            1.380        100.0
max_random_00             169.683049  270831682     662838090  2.447        1303612            2.909        100.0
max_random_01             173.820647  277424508     678489186  2.446        1340733            2.870        100.0
max_random_02             126.079847  201244694     506506155  2.517         399841            1.640        100.0
max_random_03             172.442349  275224541     671331934  2.439        1337063            2.919        100.0
max_random_04             161.268499  257374227     631047924  2.452        1207602            2.959        100.0
random_00                 158.715920  253322231     618680776  2.442        1124905            2.857        100.0
random_01                 162.553551  259406750     633643599  2.443        1152354            2.795        100.0
random_02                 118.815606  189614467     476107732  2.511         381485            1.775        100.0
random_03                  16.398832   26162442      64301556  2.458         100919            1.714        100.0
random_04                  40.468072   64584667     158089218  2.448         274932            2.264        100.0
small_00                    0.827697    1305874       1776849  1.361           5818            1.462        100.0
small_01                    0.842959    1330547       1794248  1.349           6028            1.492        100.0
small_02                    0.876696    1383675       1824595  1.319           6122            1.487        100.0
small_03                    0.834764    1317598       1776572  1.348           5933            1.498        100.0
small_04                    0.854810    1349462       1813680  1.344           6101            1.497        100.0
unbalanced_00              60.443486   96470019     231834396  2.403         214525            1.326        100.0
unbalanced_01              59.460778   94902338     228391926  2.407         214748            1.312        100.0
unbalanced_02              59.284564   94603602     228101896  2.411         213003            1.329        100.0
